1, 1, 132, 10, 46, 152, 1, 2, 1
2, 1, 132, 10, 47, 151, 1, 2, 1
3, 1, 132, 10, 47, 151, 1, 2, 1
4, 1, 133, 10, 46, 152, 1, 2, 1
5, 1, 132, 11, 46, 150, 1, 2, 1
6, 1, 132, 11, 47, 151, 1, 2, 1
7, 1, 132, 11, 47, 151, 1, 2, 1
8, 1, 133, 11, 46, 151, 1, 2, 1
9, 1, 133, 11, 46, 151, 1, 2, 1
10, 1, 133, 11, 46, 151, 1, 2, 1
11, 1, 132, 11, 48, 150, 1, 2, 1
12, 1, 132, 11, 47, 151, 1, 2, 1
13, 1, 132, 11, 47, 151, 1, 2, 1
14, 1, 132, 11, 48, 151, 1, 2, 1
15, 1, 132, 11, 47, 151, 1, 2, 1
16, 1, 132, 11, 47, 151, 1, 2, 1
17, 1, 132, 11, 48, 150, 1, 2, 1
18, 1, 133, 11, 46, 149, 1, 2, 1
19, 1, 133, 11, 47, 150, 1, 2, 1
20, 1, 132, 11, 49, 150, 1, 2, 1
21, 1, 133, 11, 48, 150, 1, 2, 1
22, 1, 132, 11, 49, 149, 1, 2, 1
23, 1, 132, 11, 48, 150, 1, 2, 1
24, 1, 132, 11, 49, 150, 1, 2, 1
25, 1, 133, 11, 48, 150, 1, 2, 1
26, 1, 133, 11, 47, 149, 1, 2, 1
27, 1, 133, 11, 48, 149, 1, 2, 1
28, 1, 133, 11, 48, 149, 1, 2, 1
29, 1, 133, 11, 47, 149, 1, 2, 1
30, 1, 131, 11, 50, 150, 1, 2, 1
31, 1, 132, 11, 49, 150, 1, 2, 1
32, 1, 132, 11, 48, 150, 1, 2, 1
33, 1, 132, 11, 49, 150, 1, 2, 1
34, 1, 132, 11, 49, 150, 1, 2, 1
35, 1, 132, 11, 49, 150, 1, 2, 1
36, 1, 133, 11, 48, 150, 1, 2, 1
37, 1, 132, 11, 48, 150, 1, 2, 1
38, 1, 132, 11, 48, 150, 1, 2, 1
39, 1, 133, 11, 47, 150, 1, 2, 1
40, 1, 133, 11, 48, 150, 1, 2, 1
41, 1, 133, 11, 47, 150, 1, 2, 1
42, 1, 133, 11, 48, 150, 1, 2, 1
43, 1, 132, 10, 49, 151, 1, 2, 1
44, 1, 133, 10, 48, 151, 1, 2, 1
45, 1, 132, 10, 48, 151, 1, 2, 1
46, 1, 132, 10, 49, 152, 1, 2, 1
47, 1, 133, 11, 48, 150, 1, 2, 1
48, 1, 131, 11, 50, 150, 1, 2, 1
49, 1, 132, 11, 48, 150, 1, 2, 1
50, 1, 130, 11, 49, 151, 1, 2, 1
51, 1, 128, 11, 51, 151, 1, 2, 1
52, 1, 127, 12, 51, 150, 1, 2, 1
53, 1, 127, 12, 51, 150, 1, 2, 1
54, 1, 124, 12, 54, 150, 1, 2, 1
55, 1, 123, 12, 55, 149, 1, 2, 1
56, 1, 122, 13, 56, 149, 1, 2, 1
57, 1, 122, 13, 57, 149, 1, 2, 1
58, 1, 120, 13, 59, 150, 1, 2, 1
59, 1, 119, 13, 60, 149, 1, 2, 1
60, 1, 118, 13, 61, 149, 1, 2, 1
61, 1, 117, 13, 62, 150, 1, 2, 1
62, 1, 117, 13, 62, 149, 1, 2, 1
63, 1, 117, 13, 63, 148, 1, 2, 1
64, 1, 117, 14, 64, 148, 1, 2, 1
65, 1, 116, 14, 65, 149, 1, 2, 1
66, 1, 117, 14, 65, 150, 1, 2, 1
67, 1, 117, 15, 65, 149, 1, 2, 1
68, 1, 116, 15, 65, 149, 1, 2, 1
69, 1, 116, 16, 65, 147, 1, 2, 1
70, 1, 118, 16, 64, 147, 1, 2, 1
71, 1, 118, 18, 64, 145, 1, 2, 1
72, 1, 119, 19, 62, 144, 1, 2, 1
73, 1, 120, 19, 61, 144, 1, 2, 1
74, 1, 122, 18, 61, 145, 1, 2, 1
75, 1, 124, 19, 58, 146, 1, 2, 1
76, 1, 125, 20, 58, 146, 1, 2, 1
77, 1, 128, 20, 56, 148, 1, 2, 1
78, 1, 128, 21, 56, 148, 1, 2, 1
79, 1, 130, 21, 54, 149, 1, 2, 1
80, 1, 131, 22, 52, 150, 1, 2, 1
81, 1, 131, 23, 52, 148, 1, 2, 1
82, 1, 132, 23, 51, 149, 1, 2, 1
83, 1, 132, 23, 52, 149, 1, 2, 1
84, 1, 132, 23, 52, 149, 1, 2, 1
85, 1, 132, 24, 52, 149, 1, 2, 1
86, 1, 133, 23, 51, 149, 1, 2, 1
87, 1, 133, 22, 51, 150, 1, 2, 1
88, 1, 133, 22, 51, 150, 1, 2, 1
89, 1, 132, 22, 52, 151, 1, 2, 1
90, 1, 132, 22, 52, 151, 1, 2, 1
91, 1, 132, 22, 52, 150, 1, 2, 1
92, 1, 133, 22, 51, 150, 1, 2, 1
93, 1, 133, 22, 51, 151, 1, 2, 1
94, 1, 132, 22, 52, 150, 1, 2, 1
95, 1, 133, 22, 50, 151, 1, 2, 1
96, 1, 133, 22, 51, 150, 1, 2, 1
97, 1, 133, 22, 51, 151, 1, 2, 1
98, 1, 133, 22, 51, 151, 1, 2, 1
99, 1, 133, 22, 50, 151, 1, 2, 1
100, 1, 132, 22, 52, 150, 1, 2, 1
101, 1, 133, 22, 51, 151, 1, 2, 1
102, 1, 132, 21, 52, 151, 1, 2, 1
103, 1, 132, 22, 52, 151, 1, 2, 1
104, 1, 132, 21, 52, 152, 1, 2, 1
105, 1, 133, 22, 51, 151, 1, 2, 1
106, 1, 133, 22, 51, 151, 1, 2, 1
107, 1, 133, 21, 51, 152, 1, 2, 1
108, 1, 132, 21, 52, 151, 1, 2, 1
109, 1, 133, 21, 51, 152, 1, 2, 1
110, 1, 132, 21, 52, 151, 1, 2, 1
111, 1, 133, 21, 51, 151, 1, 2, 1
112, 1, 132, 21, 52, 151, 1, 2, 1
113, 1, 132, 21, 52, 152, 1, 2, 1
114, 1, 132, 21, 52, 151, 1, 2, 1
115, 1, 132, 21, 52, 151, 1, 2, 1
116, 1, 133, 21, 51, 151, 1, 2, 1
117, 1, 133, 21, 52, 152, 1, 2, 1
118, 1, 134, 21, 50, 152, 1, 2, 1
119, 1, 134, 21, 51, 151, 1, 2, 1
120, 1, 134, 21, 51, 152, 1, 2, 1
121, 1, 134, 21, 50, 152, 1, 2, 1
122, 1, 134, 21, 51, 151, 1, 2, 1
123, 1, 134, 21, 51, 151, 1, 2, 1
124, 1, 133, 21, 52, 151, 1, 2, 1
125, 1, 133, 21, 52, 151, 1, 2, 1
126, 1, 133, 21, 52, 151, 1, 2, 1
127, 1, 133, 21, 52, 151, 1, 2, 1
128, 1, 133, 21, 52, 150, 1, 2, 1
129, 1, 133, 21, 52, 151, 1, 2, 1
130, 1, 133, 21, 52, 151, 1, 2, 1
131, 1, 134, 21, 51, 150, 1, 2, 1
132, 1, 133, 21, 51, 152, 1, 2, 1
133, 1, 133, 21, 52, 152, 1, 2, 1
134, 1, 134, 21, 51, 151, 1, 2, 1
135, 1, 134, 21, 51, 151, 1, 2, 1
136, 1, 133, 20, 52, 152, 1, 2, 1
137, 1, 134, 20, 51, 150, 1, 2, 1
138, 1, 133, 20, 51, 152, 1, 2, 1
139, 1, 133, 20, 52, 152, 1, 2, 1
140, 1, 134, 20, 51, 151, 1, 2, 1
141, 1, 133, 20, 51, 152, 1, 2, 1
142, 1, 134, 20, 50, 152, 1, 2, 1
143, 1, 134, 20, 51, 151, 1, 2, 1
144, 1, 133, 20, 52, 151, 1, 2, 1
145, 1, 133, 20, 51, 152, 1, 2, 1
146, 1, 133, 20, 52, 151, 1, 2, 1
147, 1, 134, 20, 51, 150, 1, 2, 1
148, 1, 134, 20, 51, 152, 1, 2, 1
149, 1, 134, 20, 50, 152, 1, 2, 1
150, 1, 134, 20, 50, 151, 1, 2, 1
151, 1, 133, 20, 50, 152, 1, 2, 1
152, 1, 133, 20, 52, 152, 1, 2, 1
153, 1, 133, 20, 52, 153, 1, 2, 1
154, 1, 133, 20, 52, 152, 1, 2, 1
155, 1, 134, 20, 50, 153, 1, 2, 1
156, 1, 133, 20, 51, 153, 1, 2, 1
157, 1, 133, 20, 51, 153, 1, 2, 1
158, 1, 134, 20, 50, 152, 1, 2, 1
159, 1, 134, 20, 50, 153, 1, 2, 1
160, 1, 134, 20, 50, 152, 1, 2, 1
161, 1, 134, 21, 51, 151, 1, 2, 1
162, 1, 133, 20, 51, 153, 1, 2, 1
163, 1, 133, 20, 51, 153, 1, 2, 1
164, 1, 133, 20, 51, 153, 1, 2, 1
165, 1, 133, 20, 52, 151, 1, 2, 1
166, 1, 133, 20, 51, 152, 1, 2, 1
167, 1, 134, 21, 51, 151, 1, 2, 1
168, 1, 134, 21, 51, 150, 1, 2, 1
169, 1, 133, 21, 52, 151, 1, 2, 1
170, 1, 133, 21, 51, 151, 1, 2, 1
171, 1, 134, 20, 50, 152, 1, 2, 1
172, 1, 133, 20, 52, 152, 1, 2, 1
173, 1, 133, 20, 52, 152, 1, 2, 1
174, 1, 133, 20, 52, 151, 1, 2, 1
175, 1, 133, 20, 52, 151, 1, 2, 1
176, 1, 133, 20, 52, 152, 1, 2, 1
177, 1, 133, 20, 52, 150, 1, 2, 1
178, 1, 133, 20, 52, 152, 1, 2, 1
179, 1, 134, 20, 52, 150, 1, 2, 1
180, 1, 133, 20, 52, 152, 1, 2, 1
181, 1, 133, 20, 52, 152, 1, 2, 1
182, 1, 133, 20, 52, 152, 1, 2, 1
183, 1, 133, 20, 53, 151, 1, 2, 1
184, 1, 133, 20, 53, 151, 1, 2, 1
185, 1, 133, 20, 52, 152, 1, 2, 1
186, 1, 133, 21, 53, 152, 1, 2, 1
187, 1, 133, 21, 51, 151, 1, 2, 1
188, 1, 133, 21, 52, 150, 1, 2, 1
189, 1, 134, 21, 50, 151, 1, 2, 1
190, 1, 133, 21, 51, 151, 1, 2, 1
191, 1, 133, 20, 52, 152, 1, 2, 1
192, 1, 133, 20, 52, 153, 1, 2, 1
193, 1, 133, 20, 52, 153, 1, 2, 1
194, 1, 133, 20, 52, 151, 1, 2, 1
195, 1, 133, 20, 52, 152, 1, 2, 1
196, 1, 133, 20, 51, 152, 1, 2, 1
197, 1, 134, 20, 51, 152, 1, 2, 1
198, 1, 133, 20, 52, 152, 1, 2, 1
199, 1, 133, 21, 52, 150, 1, 2, 1
200, 1, 133, 21, 51, 151, 1, 2, 1
201, 1, 133, 20, 52, 152, 1, 2, 1
202, 1, 133, 20, 52, 151, 1, 2, 1
203, 1, 133, 21, 52, 152, 1, 2, 1
204, 1, 133, 21, 52, 151, 1, 2, 1
205, 1, 133, 21, 52, 151, 1, 2, 1
206, 1, 133, 21, 52, 151, 1, 2, 1
207, 1, 133, 21, 52, 151, 1, 2, 1
208, 1, 133, 21, 51, 152, 1, 2, 1
209, 1, 133, 21, 51, 150, 1, 2, 1
210, 1, 133, 21, 52, 151, 1, 2, 1
211, 1, 133, 21, 52, 152, 1, 2, 1
212, 1, 133, 21, 52, 151, 1, 2, 1
213, 1, 133, 21, 53, 152, 1, 2, 1
214, 1, 134, 21, 52, 152, 1, 2, 1
215, 1, 134, 21, 51, 151, 1, 2, 1
216, 1, 134, 21, 51, 152, 1, 2, 1
217, 1, 134, 21, 52, 150, 1, 2, 1
218, 1, 133, 21, 53, 151, 1, 2, 1
219, 1, 133, 21, 52, 151, 1, 2, 1
220, 1, 133, 21, 53, 151, 1, 2, 1
221, 1, 133, 21, 53, 151, 1, 2, 1
222, 1, 133, 21, 52, 151, 1, 2, 1
223, 1, 134, 21, 52, 151, 1, 2, 1
224, 1, 133, 21, 53, 151, 1, 2, 1
225, 1, 133, 21, 53, 151, 1, 2, 1
226, 1, 134, 21, 52, 151, 1, 2, 1
227, 1, 135, 21, 51, 151, 1, 2, 1
228, 1, 134, 21, 51, 151, 1, 2, 1
229, 1, 134, 21, 52, 152, 1, 2, 1
230, 1, 135, 21, 50, 151, 1, 2, 1
231, 1, 135, 21, 50, 151, 1, 2, 1
232, 1, 135, 21, 51, 151, 1, 2, 1
233, 1, 135, 21, 51, 151, 1, 2, 1
234, 1, 135, 21, 50, 151, 1, 2, 1
235, 1, 135, 21, 51, 151, 1, 2, 1
236, 1, 134, 21, 52, 151, 1, 2, 1
237, 1, 134, 21, 51, 152, 1, 2, 1
238, 1, 134, 21, 52, 151, 1, 2, 1
239, 1, 134, 21, 52, 151, 1, 2, 1
240, 1, 135, 21, 50, 152, 1, 2, 1
241, 1, 135, 21, 51, 152, 1, 2, 1
242, 1, 135, 21, 51, 152, 1, 2, 1
243, 1, 135, 21, 50, 151, 1, 2, 1
244, 1, 135, 21, 51, 151, 1, 2, 1
245, 1, 134, 21, 52, 151, 1, 2, 1
246, 1, 134, 21, 51, 151, 1, 2, 1
247, 1, 135, 21, 50, 151, 1, 2, 1
248, 1, 134, 21, 52, 150, 1, 2, 1
249, 1, 134, 21, 51, 151, 1, 2, 1
250, 1, 134, 21, 51, 151, 1, 2, 1
251, 1, 135, 21, 51, 151, 1, 2, 1
252, 1, 136, 21, 49, 151, 1, 2, 1
253, 1, 136, 21, 50, 150, 1, 2, 1
254, 1, 136, 21, 50, 151, 1, 2, 1
255, 1, 135, 21, 52, 151, 1, 2, 1
256, 1, 135, 21, 52, 151, 1, 2, 1
257, 1, 135, 21, 52, 150, 1, 2, 1
258, 1, 135, 21, 51, 151, 1, 2, 1
259, 1, 135, 21, 52, 150, 1, 2, 1
260, 1, 135, 21, 52, 150, 1, 2, 1
261, 1, 136, 20, 50, 150, 1, 2, 1
262, 1, 135, 21, 53, 150, 1, 2, 1
263, 1, 135, 21, 53, 149, 1, 2, 1
264, 1, 137, 20, 50, 151, 1, 2, 1
265, 1, 136, 20, 52, 151, 1, 2, 1
266, 1, 136, 20, 52, 151, 1, 2, 1
267, 1, 137, 20, 51, 150, 1, 2, 1
268, 1, 137, 20, 51, 151, 1, 2, 1
269, 1, 137, 21, 53, 150, 1, 2, 1
270, 1, 136, 20, 53, 151, 1, 2, 1
271, 1, 137, 20, 51, 150, 1, 2, 1
272, 1, 137, 20, 51, 151, 1, 2, 1
273, 1, 137, 20, 52, 150, 1, 2, 1
274, 1, 137, 20, 55, 151, 1, 2, 1
275, 1, 138, 19, 54, 152, 1, 2, 1
276, 1, 138, 20, 53, 151, 1, 2, 1
277, 1, 138, 21, 52, 151, 1, 2, 1
278, 1, 139, 22, 52, 149, 1, 2, 1
279, 1, 139, 22, 52, 149, 1, 2, 1
280, 1, 139, 23, 52, 148, 1, 2, 1
281, 1, 139, 24, 53, 147, 1, 2, 1
282, 1, 137, 24, 57, 146, 1, 2, 1
283, 1, 137, 24, 58, 146, 1, 2, 1
284, 1, 137, 25, 58, 144, 1, 2, 1
285, 1, 136, 22, 54, 149, 1, 2, 1
286, 1, 136, 26, 57, 145, 1, 2, 1
287, 1, 134, 24, 57, 149, 1, 2, 1
288, 1, 133, 24, 59, 149, 1, 2, 1
289, 1, 132, 26, 58, 146, 1, 2, 1
290, 1, 133, 24, 57, 148, 1, 2, 1
291, 1, 133, 23, 54, 150, 1, 2, 1
292, 1, 131, 19, 56, 155, 1, 2, 1
293, 1, 129, 21, 57, 153, 1, 2, 1
294, 1, 130, 18, 54, 156, 1, 2, 1
295, 1, 131, 19, 53, 154, 1, 2, 1
296, 1, 130, 18, 53, 155, 1, 2, 1
297, 1, 131, 17, 52, 156, 1, 2, 1
298, 1, 131, 19, 52, 154, 1, 2, 1
299, 1, 130, 19, 53, 152, 1, 2, 1
300, 1, 129, 18, 53, 152, 1, 2, 1
301, 1, 131, 18, 53, 150, 1, 2, 1
302, 1, 131, 17, 53, 153, 1, 2, 1
303, 1, 130, 17, 53, 151, 1, 2, 1
304, 1, 130, 17, 54, 154, 1, 2, 1
305, 1, 130, 17, 54, 154, 1, 2, 1
306, 1, 129, 17, 55, 154, 1, 2, 1
307, 1, 128, 17, 56, 154, 1, 2, 1
308, 1, 127, 17, 57, 154, 1, 2, 1
309, 1, 126, 17, 57, 154, 1, 2, 1
310, 1, 125, 17, 59, 152, 1, 2, 1
311, 1, 123, 17, 60, 153, 1, 2, 1
312, 1, 121, 17, 62, 153, 1, 2, 1
313, 1, 119, 18, 65, 153, 1, 2, 1
314, 1, 120, 18, 63, 151, 1, 2, 1
315, 1, 119, 19, 64, 150, 1, 2, 1
316, 1, 117, 19, 67, 149, 1, 2, 1
317, 1, 118, 20, 65, 148, 1, 2, 1
318, 1, 119, 20, 64, 147, 1, 2, 1
319, 1, 118, 21, 66, 147, 1, 2, 1
320, 1, 119, 21, 65, 147, 1, 2, 1
321, 1, 118, 21, 66, 145, 1, 2, 1
322, 1, 117, 22, 67, 144, 1, 2, 1
323, 1, 118, 22, 66, 143, 1, 2, 1
324, 1, 117, 22, 66, 142, 1, 2, 1
325, 1, 116, 22, 68, 142, 1, 2, 1
326, 1, 116, 22, 67, 143, 1, 2, 1
327, 1, 115, 22, 69, 143, 1, 2, 1
328, 1, 114, 22, 70, 143, 1, 2, 1
329, 1, 115, 21, 68, 145, 1, 2, 1
330, 1, 116, 21, 68, 146, 1, 2, 1
331, 1, 118, 21, 66, 147, 1, 2, 1
332, 1, 122, 21, 62, 148, 1, 2, 1
333, 1, 125, 20, 58, 148, 1, 2, 1
334, 1, 125, 20, 59, 149, 1, 2, 1
335, 1, 125, 20, 59, 147, 1, 2, 1
336, 1, 125, 20, 59, 149, 1, 2, 1
337, 1, 124, 19, 59, 151, 1, 2, 1
338, 1, 125, 20, 58, 150, 1, 2, 1
339, 1, 125, 20, 58, 150, 1, 2, 1
340, 1, 126, 19, 58, 152, 1, 2, 1
341, 1, 126, 19, 58, 151, 1, 2, 1
342, 1, 124, 19, 59, 150, 1, 2, 1
343, 1, 125, 19, 58, 152, 1, 2, 1
344, 1, 125, 18, 57, 153, 1, 2, 1
345, 1, 125, 18, 58, 151, 1, 2, 1
346, 1, 124, 17, 59, 155, 1, 2, 1
347, 1, 125, 17, 58, 155, 1, 2, 1
348, 1, 125, 17, 58, 154, 1, 2, 1
349, 1, 126, 17, 56, 155, 1, 2, 1
350, 1, 125, 17, 57, 155, 1, 2, 1
351, 1, 125, 17, 58, 155, 1, 2, 1
352, 1, 125, 17, 57, 155, 1, 2, 1
353, 1, 126, 17, 57, 154, 1, 2, 1
354, 1, 126, 17, 57, 154, 1, 2, 1
355, 1, 126, 17, 57, 154, 1, 2, 1
356, 1, 126, 17, 57, 155, 1, 2, 1
357, 1, 126, 17, 57, 155, 1, 2, 1
358, 1, 127, 17, 56, 156, 1, 2, 1
359, 1, 126, 17, 57, 155, 1, 2, 1
360, 1, 127, 16, 56, 156, 1, 2, 1
361, 1, 127, 16, 55, 157, 1, 2, 1
362, 1, 126, 16, 57, 156, 1, 2, 1
363, 1, 126, 16, 57, 157, 1, 2, 1
364, 1, 126, 16, 57, 157, 1, 2, 1
365, 1, 126, 16, 56, 156, 1, 2, 1
366, 1, 126, 16, 57, 155, 1, 2, 1
367, 1, 127, 16, 56, 157, 1, 2, 1
368, 1, 127, 17, 56, 156, 1, 2, 1
369, 1, 127, 16, 56, 157, 1, 2, 1
370, 1, 127, 16, 56, 157, 1, 2, 1
371, 1, 127, 16, 56, 156, 1, 2, 1
372, 1, 127, 16, 56, 157, 1, 2, 1
373, 1, 128, 17, 55, 156, 1, 2, 1
374, 1, 127, 16, 56, 157, 1, 2, 1
375, 1, 127, 17, 57, 155, 1, 2, 1
376, 1, 128, 16, 55, 157, 1, 2, 1
377, 1, 128, 16, 55, 157, 1, 2, 1
378, 1, 128, 16, 56, 157, 1, 2, 1
379, 1, 128, 16, 55, 157, 1, 2, 1
380, 1, 128, 16, 56, 157, 1, 2, 1
381, 1, 128, 16, 55, 157, 1, 2, 1
382, 1, 128, 16, 55, 157, 1, 2, 1
383, 1, 128, 16, 55, 157, 1, 2, 1
384, 1, 128, 16, 56, 156, 1, 2, 1
385, 1, 128, 16, 56, 156, 1, 2, 1
386, 1, 130, 16, 54, 157, 1, 2, 1
387, 1, 128, 16, 56, 157, 1, 2, 1
388, 1, 128, 16, 55, 157, 1, 2, 1
389, 1, 128, 16, 56, 157, 1, 2, 1
390, 1, 129, 16, 56, 157, 1, 2, 1
391, 1, 128, 16, 57, 157, 1, 2, 1
392, 1, 129, 16, 56, 157, 1, 2, 1
393, 1, 128, 16, 56, 155, 1, 2, 1
394, 1, 128, 16, 56, 155, 1, 2, 1
395, 1, 130, 16, 55, 157, 1, 2, 1
396, 1, 130, 16, 55, 157, 1, 2, 1
397, 1, 128, 16, 57, 157, 1, 2, 1
398, 1, 129, 16, 55, 157, 1, 2, 1
399, 1, 130, 16, 55, 157, 1, 2, 1
400, 1, 128, 16, 56, 157, 1, 2, 1
401, 1, 128, 16, 56, 157, 1, 2, 1
402, 1, 130, 16, 54, 157, 1, 2, 1
403, 1, 130, 16, 54, 157, 1, 2, 1
404, 1, 130, 16, 55, 156, 1, 2, 1
405, 1, 129, 16, 56, 157, 1, 2, 1
406, 1, 128, 16, 56, 155, 1, 2, 1
407, 1, 128, 16, 56, 157, 1, 2, 1
408, 1, 128, 17, 56, 155, 1, 2, 1
409, 1, 128, 17, 57, 155, 1, 2, 1
410, 1, 129, 17, 56, 155, 1, 2, 1
411, 1, 128, 16, 57, 157, 1, 2, 1
412, 1, 128, 17, 57, 156, 1, 2, 1
413, 1, 129, 17, 56, 155, 1, 2, 1
414, 1, 129, 17, 55, 156, 1, 2, 1
415, 1, 130, 16, 55, 156, 1, 2, 1
416, 1, 129, 17, 56, 155, 1, 2, 1
417, 1, 132, 16, 52, 157, 1, 2, 1
418, 1, 129, 17, 55, 156, 1, 2, 1
419, 1, 131, 16, 54, 156, 1, 2, 1
420, 1, 131, 16, 53, 156, 1, 2, 1
421, 1, 129, 16, 55, 155, 1, 2, 1
422, 1, 132, 16, 53, 157, 1, 2, 1
423, 1, 129, 16, 56, 157, 1, 2, 1
424, 1, 129, 16, 56, 157, 1, 2, 1
425, 1, 129, 16, 55, 156, 1, 2, 1
426, 1, 129, 16, 56, 157, 1, 2, 1
427, 1, 129, 16, 55, 156, 1, 2, 1
428, 1, 129, 16, 56, 157, 1, 2, 1
429, 1, 129, 16, 55, 157, 1, 2, 1
430, 1, 132, 16, 52, 156, 1, 2, 1
431, 1, 129, 16, 56, 157, 1, 2, 1
432, 1, 129, 16, 56, 157, 1, 2, 1
433, 1, 129, 16, 56, 157, 1, 2, 1
434, 1, 129, 16, 56, 156, 1, 2, 1
435, 1, 129, 16, 55, 156, 1, 2, 1
436, 1, 130, 16, 54, 157, 1, 2, 1
437, 1, 130, 16, 55, 157, 1, 2, 1
438, 1, 130, 16, 54, 157, 1, 2, 1
439, 1, 130, 16, 55, 157, 1, 2, 1
440, 1, 129, 16, 56, 157, 1, 2, 1
441, 1, 129, 16, 56, 156, 1, 2, 1
442, 1, 130, 16, 55, 156, 1, 2, 1
443, 1, 130, 16, 55, 157, 1, 2, 1
444, 1, 129, 16, 55, 155, 1, 2, 1
445, 1, 129, 16, 55, 155, 1, 2, 1
446, 1, 129, 16, 55, 155, 1, 2, 1
447, 1, 129, 16, 55, 155, 1, 2, 1
448, 1, 130, 16, 55, 157, 1, 2, 1
449, 1, 130, 16, 55, 156, 1, 2, 1
450, 1, 129, 16, 55, 155, 1, 2, 1
451, 1, 129, 16, 56, 157, 1, 2, 1
452, 1, 129, 16, 56, 157, 1, 2, 1
453, 1, 129, 16, 55, 157, 1, 2, 1
454, 1, 130, 16, 55, 157, 1, 2, 1
455, 1, 130, 16, 54, 155, 1, 2, 1
456, 1, 130, 16, 55, 157, 1, 2, 1
457, 1, 131, 16, 54, 157, 1, 2, 1
458, 1, 130, 16, 55, 157, 1, 2, 1
459, 1, 130, 16, 55, 157, 1, 2, 1
460, 1, 130, 16, 55, 157, 1, 2, 1
461, 1, 130, 16, 55, 157, 1, 2, 1
462, 1, 130, 16, 55, 157, 1, 2, 1
463, 1, 131, 16, 54, 157, 1, 2, 1
464, 1, 130, 16, 54, 156, 1, 2, 1
465, 1, 130, 16, 54, 156, 1, 2, 1
466, 1, 129, 16, 56, 157, 1, 2, 1
467, 1, 129, 16, 56, 157, 1, 2, 1
468, 1, 129, 16, 55, 156, 1, 2, 1
469, 1, 129, 16, 56, 156, 1, 2, 1
470, 1, 129, 16, 56, 157, 1, 2, 1
471, 1, 129, 16, 56, 157, 1, 2, 1
472, 1, 130, 16, 54, 156, 1, 2, 1
473, 1, 130, 16, 54, 156, 1, 2, 1
474, 1, 129, 16, 56, 157, 1, 2, 1
475, 1, 130, 16, 55, 157, 1, 2, 1
476, 1, 129, 16, 56, 157, 1, 2, 1
477, 1, 130, 16, 54, 155, 1, 2, 1
478, 1, 130, 16, 54, 155, 1, 2, 1
479, 1, 129, 16, 55, 155, 1, 2, 1
480, 1, 129, 16, 56, 157, 1, 2, 1
481, 1, 129, 16, 56, 157, 1, 2, 1
482, 1, 129, 16, 56, 157, 1, 2, 1
483, 1, 130, 16, 54, 155, 1, 2, 1
484, 1, 130, 16, 55, 157, 1, 2, 1
485, 1, 129, 16, 56, 157, 1, 2, 1
486, 1, 129, 16, 56, 155, 1, 2, 1
487, 1, 129, 16, 56, 156, 1, 2, 1
488, 1, 129, 16, 56, 156, 1, 2, 1
489, 1, 130, 16, 55, 156, 1, 2, 1
490, 1, 129, 16, 56, 155, 1, 2, 1
491, 1, 129, 16, 56, 156, 1, 2, 1
492, 1, 129, 16, 55, 155, 1, 2, 1
493, 1, 129, 16, 56, 156, 1, 2, 1
494, 1, 129, 16, 56, 156, 1, 2, 1
495, 1, 129, 16, 56, 156, 1, 2, 1
496, 1, 129, 16, 56, 156, 1, 2, 1
497, 1, 129, 16, 56, 156, 1, 2, 1
498, 1, 129, 16, 56, 156, 1, 2, 1
499, 1, 129, 16, 56, 156, 1, 2, 1
500, 1, 129, 16, 56, 156, 1, 2, 1
501, 1, 129, 16, 56, 156, 1, 2, 1
502, 1, 129, 16, 56, 156, 1, 2, 1
503, 1, 129, 16, 55, 157, 1, 2, 1
504, 1, 129, 16, 56, 157, 1, 2, 1
505, 1, 129, 16, 56, 157, 1, 2, 1
506, 1, 129, 16, 55, 154, 1, 2, 1
507, 1, 129, 16, 56, 157, 1, 2, 1
508, 1, 129, 16, 55, 154, 1, 2, 1
509, 1, 129, 16, 56, 157, 1, 2, 1
510, 1, 129, 16, 55, 156, 1, 2, 1
511, 1, 129, 16, 56, 157, 1, 2, 1
512, 1, 129, 16, 56, 157, 1, 2, 1
513, 1, 129, 16, 55, 157, 1, 2, 1
514, 1, 129, 16, 56, 157, 1, 2, 1
515, 1, 129, 16, 55, 157, 1, 2, 1
516, 1, 129, 16, 56, 157, 1, 2, 1
517, 1, 129, 16, 55, 157, 1, 2, 1
518, 1, 129, 16, 56, 156, 1, 2, 1
519, 1, 129, 16, 56, 156, 1, 2, 1
520, 1, 130, 16, 55, 157, 1, 2, 1
521, 1, 129, 16, 56, 157, 1, 2, 1
522, 1, 130, 16, 55, 157, 1, 2, 1
523, 1, 130, 16, 55, 157, 1, 2, 1
524, 1, 130, 16, 55, 156, 1, 2, 1
525, 1, 130, 16, 54, 157, 1, 2, 1
526, 1, 130, 16, 55, 156, 1, 2, 1
527, 1, 130, 16, 55, 156, 1, 2, 1
528, 1, 130, 16, 55, 157, 1, 2, 1
529, 1, 130, 16, 54, 157, 1, 2, 1
530, 1, 130, 16, 55, 157, 1, 2, 1
531, 1, 130, 16, 55, 156, 1, 2, 1
532, 1, 129, 16, 56, 155, 1, 2, 1
533, 1, 130, 16, 55, 156, 1, 2, 1
534, 1, 130, 16, 55, 156, 1, 2, 1
535, 1, 130, 16, 54, 157, 1, 2, 1
536, 1, 130, 16, 55, 156, 1, 2, 1
537, 1, 130, 16, 55, 156, 1, 2, 1
538, 1, 130, 16, 55, 156, 1, 2, 1
539, 1, 131, 16, 54, 155, 1, 2, 1
540, 1, 131, 16, 54, 156, 1, 2, 1
541, 1, 131, 16, 54, 155, 1, 2, 1
542, 1, 131, 16, 53, 156, 1, 2, 1
543, 1, 131, 16, 54, 157, 1, 2, 1
544, 1, 131, 16, 53, 156, 1, 2, 1
545, 1, 131, 16, 54, 155, 1, 2, 1
546, 1, 132, 16, 53, 157, 1, 2, 1
547, 1, 131, 16, 54, 156, 1, 2, 1
548, 1, 131, 16, 54, 156, 1, 2, 1
549, 1, 131, 16, 54, 156, 1, 2, 1
550, 1, 132, 16, 52, 155, 1, 2, 1
551, 1, 131, 16, 54, 156, 1, 2, 1
552, 1, 131, 16, 54, 156, 1, 2, 1
553, 1, 132, 16, 53, 156, 1, 2, 1
554, 1, 132, 16, 52, 154, 1, 2, 1
555, 1, 132, 16, 52, 154, 1, 2, 1
556, 1, 132, 16, 53, 156, 1, 2, 1
557, 1, 132, 16, 53, 156, 1, 2, 1
558, 1, 131, 16, 53, 157, 1, 2, 1
559, 1, 131, 16, 54, 156, 1, 2, 1
560, 1, 132, 16, 52, 155, 1, 2, 1
561, 1, 131, 16, 54, 157, 1, 2, 1
562, 1, 131, 16, 54, 157, 1, 2, 1
563, 1, 133, 16, 52, 157, 1, 2, 1
564, 1, 132, 16, 53, 157, 1, 2, 1
565, 1, 132, 16, 53, 157, 1, 2, 1
566, 1, 132, 16, 53, 157, 1, 2, 1
567, 1, 132, 16, 53, 157, 1, 2, 1
568, 1, 132, 16, 52, 156, 1, 2, 1
569, 1, 132, 16, 52, 157, 1, 2, 1
570, 1, 132, 16, 52, 157, 1, 2, 1
571, 1, 132, 16, 53, 156, 1, 2, 1
572, 1, 132, 16, 53, 156, 1, 2, 1
573, 1, 131, 16, 54, 157, 1, 2, 1
574, 1, 131, 16, 54, 157, 1, 2, 1
575, 1, 131, 16, 53, 156, 1, 2, 1
576, 1, 131, 16, 53, 157, 1, 2, 1
577, 1, 131, 16, 53, 157, 1, 2, 1
578, 1, 130, 16, 53, 156, 1, 2, 1
579, 1, 129, 16, 55, 156, 1, 2, 1
580, 1, 130, 16, 54, 155, 1, 2, 1
581, 1, 130, 16, 53, 155, 1, 2, 1
582, 1, 130, 16, 54, 156, 1, 2, 1
583, 1, 130, 16, 54, 157, 1, 2, 1
584, 1, 130, 16, 55, 155, 1, 2, 1
585, 1, 130, 16, 55, 156, 1, 2, 1
586, 1, 128, 16, 57, 154, 1, 2, 1
587, 1, 129, 16, 56, 154, 1, 2, 1
588, 1, 129, 16, 55, 156, 1, 2, 1
589, 1, 129, 16, 56, 156, 1, 2, 1
590, 1, 129, 16, 56, 156, 1, 2, 1
591, 1, 130, 16, 55, 156, 1, 2, 1
592, 1, 130, 16, 54, 156, 1, 2, 1
593, 1, 130, 16, 55, 155, 1, 2, 1
594, 1, 128, 16, 57, 155, 1, 2, 1
595, 1, 129, 16, 54, 154, 1, 2, 1
596, 1, 129, 16, 54, 154, 1, 2, 1
597, 1, 129, 16, 56, 156, 1, 2, 1
598, 1, 129, 16, 56, 156, 1, 2, 1
599, 1, 130, 16, 54, 156, 1, 2, 1
600, 1, 129, 16, 55, 155, 1, 2, 1
601, 1, 129, 16, 56, 156, 1, 2, 1
602, 1, 129, 16, 56, 156, 1, 2, 1
603, 1, 129, 16, 55, 156, 1, 2, 1
604, 1, 130, 16, 54, 155, 1, 2, 1
605, 1, 129, 16, 55, 155, 1, 2, 1
606, 1, 130, 16, 55, 153, 1, 2, 1
607, 1, 129, 16, 56, 155, 1, 2, 1
608, 1, 129, 16, 56, 156, 1, 2, 1
609, 1, 130, 16, 55, 155, 1, 2, 1
610, 1, 129, 16, 55, 156, 1, 2, 1
611, 1, 130, 16, 55, 153, 1, 2, 1
612, 1, 130, 16, 54, 155, 1, 2, 1
613, 1, 131, 16, 54, 156, 1, 2, 1
614, 1, 130, 16, 55, 156, 1, 2, 1
615, 1, 131, 16, 54, 155, 1, 2, 1
616, 1, 131, 16, 54, 155, 1, 2, 1
617, 1, 131, 16, 54, 155, 1, 2, 1
618, 1, 130, 16, 55, 155, 1, 2, 1
619, 1, 131, 16, 54, 155, 1, 2, 1
620, 1, 131, 16, 53, 156, 1, 2, 1
621, 1, 131, 16, 54, 156, 1, 2, 1
622, 1, 131, 16, 54, 155, 1, 2, 1
623, 1, 131, 16, 54, 155, 1, 2, 1
624, 1, 131, 16, 54, 155, 1, 2, 1
625, 1, 130, 16, 54, 154, 1, 2, 1
626, 1, 130, 16, 55, 155, 1, 2, 1
627, 1, 131, 16, 54, 155, 1, 2, 1
628, 1, 129, 16, 56, 155, 1, 2, 1
629, 1, 130, 16, 55, 154, 1, 2, 1
630, 1, 129, 16, 56, 155, 1, 2, 1
631, 1, 130, 16, 56, 154, 1, 2, 1
632, 1, 129, 16, 56, 154, 1, 2, 1
633, 1, 129, 17, 56, 153, 1, 2, 1
634, 1, 129, 17, 57, 154, 1, 2, 1
635, 1, 129, 17, 57, 154, 1, 2, 1
636, 1, 128, 17, 58, 150, 1, 2, 1
637, 1, 127, 17, 60, 150, 1, 2, 1
638, 1, 127, 17, 60, 151, 1, 2, 1
639, 1, 128, 18, 58, 150, 1, 2, 1
640, 1, 126, 18, 61, 148, 1, 2, 1
641, 1, 126, 17, 61, 150, 1, 2, 1
642, 1, 126, 17, 60, 150, 1, 2, 1
643, 1, 126, 18, 60, 149, 1, 2, 1
644, 1, 126, 17, 60, 151, 1, 2, 1
645, 1, 126, 18, 60, 149, 1, 2, 1
646, 1, 125, 18, 61, 148, 1, 2, 1
647, 1, 124, 18, 61, 149, 1, 2, 1
648, 1, 124, 18, 62, 148, 1, 2, 1
649, 1, 124, 18, 61, 149, 1, 2, 1
650, 1, 124, 18, 61, 148, 1, 2, 1
651, 1, 123, 18, 60, 149, 1, 2, 1
652, 1, 121, 18, 61, 147, 1, 2, 1
653, 1, 121, 18, 58, 149, 1, 2, 1
654, 1, 120, 18, 55, 149, 1, 2, 1
655, 1, 119, 18, 56, 151, 1, 2, 1
656, 1, 118, 18, 58, 153, 1, 2, 1
657, 1, 117, 18, 60, 154, 1, 2, 1
658, 1, 116, 19, 60, 150, 1, 2, 1
659, 1, 114, 20, 61, 150, 1, 2, 1
660, 1, 113, 22, 63, 151, 1, 2, 1
661, 1, 113, 23, 63, 151, 1, 2, 1
662, 1, 111, 24, 64, 150, 1, 2, 1
663, 1, 111, 25, 64, 151, 1, 2, 1
664, 1, 108, 26, 67, 149, 1, 2, 1
665, 1, 106, 28, 69, 148, 1, 2, 1
666, 1, 104, 29, 70, 148, 1, 2, 1
667, 1, 104, 29, 68, 149, 1, 2, 1
668, 1, 100, 30, 68, 148, 1, 2, 1
669, 1, 97, 30, 69, 149, 1, 2, 1
670, 1, 97, 30, 68, 148, 1, 2, 1
671, 1, 94, 30, 68, 150, 1, 2, 1
672, 1, 93, 31, 65, 148, 1, 2, 1
673, 1, 92, 31, 61, 147, 1, 2, 1
674, 1, 90, 31, 60, 148, 1, 2, 1
675, 1, 90, 31, 56, 148, 1, 2, 1
676, 1, 89, 30, 56, 148, 1, 2, 1
677, 1, 86, 30, 59, 149, 1, 2, 1
678, 1, 85, 30, 60, 148, 1, 2, 1
679, 1, 83, 31, 61, 148, 1, 2, 1
680, 1, 81, 33, 63, 146, 1, 2, 1
681, 1, 77, 34, 66, 145, 1, 2, 1
682, 1, 74, 35, 69, 147, 1, 2, 1
683, 1, 72, 35, 70, 148, 1, 2, 1
684, 1, 68, 35, 74, 150, 1, 2, 1
685, 1, 64, 36, 78, 149, 1, 2, 1
686, 1, 61, 36, 80, 148, 1, 2, 1
687, 1, 57, 37, 82, 148, 1, 2, 1
688, 1, 52, 36, 87, 151, 1, 2, 1
689, 1, 50, 35, 85, 153, 1, 2, 1
690, 1, 47, 35, 86, 153, 1, 2, 1
691, 1, 45, 34, 83, 152, 1, 2, 1
692, 1, 43, 33, 79, 153, 1, 2, 1
693, 1, 42, 32, 78, 156, 1, 2, 1
694, 1, 40, 31, 75, 156, 1, 2, 1
695, 1, 39, 31, 73, 156, 1, 2, 1
696, 1, 40, 31, 71, 156, 1, 2, 1
697, 1, 38, 31, 67, 156, 1, 2, 1
698, 1, 39, 31, 63, 156, 1, 2, 1
699, 1, 37, 32, 61, 155, 1, 2, 1
700, 1, 37, 30, 60, 156, 1, 2, 1
701, 1, 36, 30, 62, 157, 1, 2, 1
702, 1, 35, 29, 63, 156, 1, 2, 1
703, 1, 36, 29, 62, 156, 1, 2, 1
704, 1, 36, 29, 62, 156, 1, 2, 1
705, 1, 37, 28, 60, 157, 1, 2, 1
706, 1, 37, 28, 61, 158, 1, 2, 1
707, 1, 37, 27, 60, 159, 1, 2, 1
708, 1, 38, 27, 59, 160, 1, 2, 1
709, 1, 37, 27, 59, 160, 1, 2, 1
710, 1, 37, 26, 59, 162, 1, 2, 1
711, 1, 37, 26, 59, 162, 1, 2, 1
712, 1, 37, 26, 60, 160, 1, 2, 1
713, 1, 38, 25, 59, 158, 1, 2, 1
714, 1, 38, 25, 60, 161, 1, 2, 1
715, 1, 38, 25, 59, 159, 1, 2, 1
716, 1, 37, 24, 60, 161, 1, 2, 1
717, 1, 38, 24, 59, 160, 1, 2, 1
718, 1, 38, 23, 59, 162, 1, 2, 1
719, 1, 37, 24, 60, 161, 1, 2, 1
720, 1, 38, 23, 58, 161, 1, 2, 1
721, 1, 36, 24, 61, 160, 1, 2, 1
722, 1, 36, 24, 61, 160, 1, 2, 1
723, 1, 35, 24, 63, 161, 1, 2, 1
724, 1, 34, 24, 63, 160, 1, 2, 1
725, 1, 35, 24, 61, 161, 1, 2, 1
726, 1, 34, 24, 63, 160, 1, 2, 1
727, 1, 34, 24, 62, 161, 1, 2, 1
728, 1, 34, 24, 62, 159, 1, 2, 1
729, 1, 35, 24, 62, 159, 1, 2, 1
730, 1, 34, 24, 62, 161, 1, 2, 1
731, 1, 34, 24, 63, 159, 1, 2, 1
732, 1, 34, 24, 63, 161, 1, 2, 1
733, 1, 35, 24, 62, 159, 1, 2, 1
734, 1, 34, 24, 62, 161, 1, 2, 1
735, 1, 35, 24, 61, 161, 1, 2, 1
736, 1, 34, 24, 63, 161, 1, 2, 1
737, 1, 34, 24, 64, 162, 1, 2, 1
738, 1, 34, 24, 64, 161, 1, 2, 1
739, 1, 34, 24, 63, 161, 1, 2, 1
740, 1, 35, 24, 63, 161, 1, 2, 1
741, 1, 35, 24, 63, 161, 1, 2, 1
742, 1, 35, 24, 63, 162, 1, 2, 1
743, 1, 34, 24, 64, 162, 1, 2, 1
744, 1, 35, 24, 63, 162, 1, 2, 1
745, 1, 35, 24, 63, 162, 1, 2, 1
746, 1, 34, 24, 63, 161, 1, 2, 1
747, 1, 35, 24, 63, 162, 1, 2, 1
748, 1, 36, 24, 63, 161, 1, 2, 1
749, 1, 35, 24, 63, 161, 1, 2, 1
750, 1, 36, 24, 61, 162, 1, 2, 1
751, 1, 36, 24, 63, 162, 1, 2, 1
752, 1, 36, 24, 63, 161, 1, 2, 1
753, 1, 35, 24, 63, 162, 1, 2, 1
754, 1, 35, 24, 63, 162, 1, 2, 1
755, 1, 35, 24, 63, 162, 1, 2, 1
756, 1, 35, 24, 62, 161, 1, 2, 1
757, 1, 36, 24, 61, 162, 1, 2, 1
758, 1, 36, 24, 61, 161, 1, 2, 1
759, 1, 35, 24, 63, 162, 1, 2, 1
760, 1, 35, 24, 63, 162, 1, 2, 1
761, 1, 36, 24, 63, 162, 1, 2, 1
762, 1, 35, 24, 63, 162, 1, 2, 1
763, 1, 35, 24, 62, 162, 1, 2, 1
764, 1, 36, 24, 62, 162, 1, 2, 1
765, 1, 35, 25, 62, 161, 1, 2, 1
766, 1, 36, 24, 63, 162, 1, 2, 1
767, 1, 35, 24, 64, 161, 1, 2, 1
768, 1, 34, 24, 63, 162, 1, 2, 1
769, 1, 34, 24, 65, 161, 1, 2, 1
770, 1, 35, 24, 63, 161, 1, 2, 1
771, 1, 35, 24, 63, 161, 1, 2, 1
772, 1, 36, 24, 63, 162, 1, 2, 1
773, 1, 35, 24, 63, 161, 1, 2, 1
774, 1, 34, 24, 64, 162, 1, 2, 1
775, 1, 36, 24, 61, 162, 1, 2, 1
776, 1, 36, 24, 62, 162, 1, 2, 1
777, 1, 36, 24, 62, 161, 1, 2, 1
778, 1, 35, 24, 63, 162, 1, 2, 1
779, 1, 36, 24, 62, 161, 1, 2, 1
780, 1, 36, 24, 62, 162, 1, 2, 1
781, 1, 38, 24, 60, 162, 1, 2, 1
782, 1, 38, 24, 59, 162, 1, 2, 1
783, 1, 37, 24, 61, 161, 1, 2, 1
784, 1, 38, 24, 60, 162, 1, 2, 1
785, 1, 38, 24, 59, 161, 1, 2, 1
786, 1, 38, 24, 60, 161, 1, 2, 1
787, 1, 37, 24, 60, 162, 1, 2, 1
788, 1, 37, 24, 61, 162, 1, 2, 1
789, 1, 37, 24, 61, 162, 1, 2, 1
790, 1, 38, 24, 60, 162, 1, 2, 1
791, 1, 38, 24, 60, 162, 1, 2, 1
792, 1, 38, 24, 60, 161, 1, 2, 1
793, 1, 38, 24, 60, 161, 1, 2, 1
794, 1, 39, 24, 59, 161, 1, 2, 1
795, 1, 39, 24, 59, 161, 1, 2, 1
796, 1, 39, 24, 59, 161, 1, 2, 1
797, 1, 38, 24, 60, 162, 1, 2, 1
798, 1, 38, 24, 59, 162, 1, 2, 1
799, 1, 38, 24, 60, 162, 1, 2, 1
800, 1, 38, 24, 60, 162, 1, 2, 1
1, 2, 1356, 76, 62, 132, 1, 1, 1
2, 2, 1359, 76, 57, 131, 1, 1, 1
3, 2, 1356, 77, 58, 134, 1, 1, 1
4, 2, 1357, 76, 49, 129, 1, 1, 1
5, 2, 1349, 77, 48, 128, 1, 1, 1
6, 2, 1347, 77, 46, 129, 1, 1, 1
7, 2, 1352, 78, 36, 129, 1, 1, 1
8, 2, 1338, 87, 46, 123, 1, 1, 1
9, 2, 1335, 80, 45, 127, 1, 1, 1
10, 2, 1329, 80, 47, 132, 1, 1, 1
11, 2, 1321, 80, 54, 131, 1, 1, 1
12, 2, 1317, 78, 55, 131, 1, 1, 1
13, 2, 1313, 80, 56, 131, 1, 1, 1
14, 2, 1312, 80, 52, 130, 1, 1, 1
15, 2, 1310, 81, 49, 132, 1, 1, 1
16, 2, 1311, 82, 39, 131, 1, 1, 1
17, 2, 1312, 77, 32, 135, 1, 1, 1
18, 2, 1304, 78, 38, 133, 1, 1, 1
19, 2, 1297, 78, 42, 133, 1, 1, 1
20, 2, 1293, 78, 43, 132, 1, 1, 1
21, 2, 1285, 77, 47, 134, 1, 1, 1
22, 2, 1263, 78, 66, 134, 1, 1, 1
23, 2, 1263, 78, 64, 134, 1, 1, 1
24, 2, 1259, 77, 67, 135, 1, 1, 1
25, 2, 1263, 78, 60, 132, 1, 1, 1
26, 2, 1267, 76, 55, 134, 1, 1, 1
27, 2, 1262, 76, 56, 134, 1, 1, 1
28, 2, 1267, 76, 44, 130, 1, 1, 1
29, 2, 1266, 76, 34, 129, 1, 1, 1
30, 2, 1262, 74, 32, 131, 1, 1, 1
31, 2, 1256, 74, 36, 136, 1, 1, 1
32, 2, 1256, 74, 33, 135, 1, 1, 1
33, 2, 1251, 74, 35, 132, 1, 1, 1
34, 2, 1242, 76, 41, 134, 1, 1, 1
35, 2, 1232, 77, 50, 132, 1, 1, 1
36, 2, 1230, 77, 50, 133, 1, 1, 1
37, 2, 1230, 78, 49, 131, 1, 1, 1
38, 2, 1229, 81, 48, 129, 1, 1, 1
39, 2, 1229, 78, 42, 133, 1, 1, 1
40, 2, 1225, 78, 41, 133, 1, 1, 1
41, 2, 1226, 79, 32, 132, 1, 1, 1
42, 2, 1222, 79, 33, 130, 1, 1, 1
43, 2, 1212, 78, 39, 130, 1, 1, 1
44, 2, 1206, 79, 41, 128, 1, 1, 1
45, 2, 1203, 79, 40, 130, 1, 1, 1
46, 2, 1196, 79, 45, 130, 1, 1, 1
47, 2, 1191, 78, 49, 133, 1, 1, 1
48, 2, 1185, 80, 53, 131, 1, 1, 1
49, 2, 1183, 79, 55, 132, 1, 1, 1
50, 2, 1179, 81, 55, 129, 1, 1, 1
51, 2, 1176, 81, 57, 128, 1, 1, 1
52, 2, 1176, 78, 53, 131, 1, 1, 1
53, 2, 1175, 79, 41, 133, 1, 1, 1
54, 2, 1176, 77, 36, 132, 1, 1, 1
55, 2, 1173, 76, 35, 138, 1, 1, 1
56, 2, 1171, 76, 34, 138, 1, 1, 1
57, 2, 1166, 76, 34, 136, 1, 1, 1
58, 2, 1154, 77, 45, 137, 1, 1, 1
59, 2, 1146, 77, 51, 139, 1, 1, 1
60, 2, 1139, 78, 57, 139, 1, 1, 1
61, 2, 1137, 79, 56, 136, 1, 1, 1
62, 2, 1132, 80, 59, 134, 1, 1, 1
63, 2, 1130, 80, 61, 135, 1, 1, 1
64, 2, 1130, 80, 38, 137, 1, 1, 1
65, 2, 1130, 79, 38, 137, 1, 1, 1
66, 2, 1129, 79, 29, 133, 1, 1, 1
67, 2, 1123, 79, 29, 134, 1, 1, 1
68, 2, 1116, 79, 35, 137, 1, 1, 1
69, 2, 1106, 78, 43, 138, 1, 1, 1
70, 2, 1099, 79, 48, 136, 1, 1, 1
71, 2, 1081, 80, 67, 136, 1, 1, 1
72, 2, 1074, 79, 73, 137, 1, 1, 1
73, 2, 1066, 79, 81, 136, 1, 1, 1
74, 2, 1064, 79, 80, 138, 1, 1, 1
75, 2, 1065, 79, 72, 134, 1, 1, 1
76, 2, 1065, 78, 63, 133, 1, 1, 1
77, 2, 1063, 78, 39, 133, 1, 1, 1
78, 2, 1064, 75, 44, 137, 1, 1, 1
79, 2, 1062, 74, 34, 137, 1, 1, 1
80, 2, 1057, 74, 31, 140, 1, 1, 1
81, 2, 1051, 74, 35, 137, 1, 1, 1
82, 2, 1039, 74, 46, 136, 1, 1, 1
83, 2, 1026, 75, 58, 136, 1, 1, 1
84, 2, 1016, 76, 66, 134, 1, 1, 1
85, 2, 1010, 77, 73, 134, 1, 1, 1
86, 2, 1009, 77, 72, 132, 1, 1, 1
87, 2, 1009, 77, 70, 131, 1, 1, 1
88, 2, 1009, 77, 60, 132, 1, 1, 1
89, 2, 1008, 77, 51, 134, 1, 1, 1
90, 2, 1003, 77, 46, 131, 1, 1, 1
91, 2, 998, 75, 35, 132, 1, 1, 1
92, 2, 993, 75, 36, 131, 1, 1, 1
93, 2, 987, 73, 38, 136, 1, 1, 1
94, 2, 981, 72, 43, 138, 1, 1, 1
95, 2, 968, 72, 55, 137, 1, 1, 1
96, 2, 947, 73, 75, 135, 1, 1, 1
97, 2, 945, 72, 76, 138, 1, 1, 1
98, 2, 945, 75, 75, 131, 1, 1, 1
99, 2, 939, 75, 79, 134, 1, 1, 1
100, 2, 938, 75, 76, 134, 1, 1, 1
101, 2, 934, 73, 44, 131, 1, 1, 1
102, 2, 935, 70, 62, 134, 1, 1, 1
103, 2, 930, 70, 53, 136, 1, 1, 1
104, 2, 927, 68, 45, 136, 1, 1, 1
105, 2, 924, 68, 38, 137, 1, 1, 1
106, 2, 920, 67, 37, 141, 1, 1, 1
107, 2, 915, 65, 38, 143, 1, 1, 1
108, 2, 898, 66, 53, 141, 1, 1, 1
109, 2, 887, 68, 64, 137, 1, 1, 1
110, 2, 879, 67, 69, 138, 1, 1, 1
111, 2, 875, 67, 72, 137, 1, 1, 1
112, 2, 871, 66, 68, 140, 1, 1, 1
113, 2, 871, 67, 61, 138, 1, 1, 1
114, 2, 870, 66, 46, 139, 1, 1, 1
115, 2, 871, 65, 34, 141, 1, 1, 1
116, 2, 869, 64, 31, 142, 1, 1, 1
117, 2, 864, 63, 32, 142, 1, 1, 1
118, 2, 860, 62, 33, 143, 1, 1, 1
119, 2, 851, 62, 41, 141, 1, 1, 1
120, 2, 835, 62, 55, 139, 1, 1, 1
121, 2, 824, 62, 67, 140, 1, 1, 1
122, 2, 839, 65, 50, 138, 1, 1, 1
123, 2, 816, 65, 71, 136, 1, 1, 1
124, 2, 812, 64, 73, 138, 1, 1, 1
125, 2, 812, 63, 67, 136, 1, 1, 1
126, 2, 810, 60, 54, 137, 1, 1, 1
127, 2, 807, 59, 50, 136, 1, 1, 1
128, 2, 804, 57, 42, 139, 1, 1, 1
129, 2, 799, 55, 35, 143, 1, 1, 1
130, 2, 794, 53, 37, 144, 1, 1, 1
131, 2, 790, 53, 38, 143, 1, 1, 1
132, 2, 777, 55, 49, 141, 1, 1, 1
133, 2, 767, 56, 59, 139, 1, 1, 1
134, 2, 759, 57, 69, 138, 1, 1, 1
135, 2, 755, 57, 72, 138, 1, 1, 1
136, 2, 749, 56, 79, 137, 1, 1, 1
137, 2, 749, 55, 74, 138, 1, 1, 1
138, 2, 745, 54, 70, 138, 1, 1, 1
139, 2, 746, 53, 60, 140, 1, 1, 1
140, 2, 745, 53, 48, 140, 1, 1, 1
141, 2, 742, 51, 42, 142, 1, 1, 1
142, 2, 732, 49, 41, 145, 1, 1, 1
143, 2, 727, 49, 42, 145, 1, 1, 1
144, 2, 723, 49, 44, 144, 1, 1, 1
145, 2, 713, 51, 55, 142, 1, 1, 1
146, 2, 708, 52, 59, 141, 1, 1, 1
147, 2, 697, 53, 68, 139, 1, 1, 1
148, 2, 698, 52, 64, 138, 1, 1, 1
149, 2, 692, 53, 65, 136, 1, 1, 1
150, 2, 693, 51, 57, 137, 1, 1, 1
151, 2, 691, 47, 50, 136, 1, 1, 1
152, 2, 687, 47, 41, 137, 1, 1, 1
153, 2, 676, 45, 47, 138, 1, 1, 1
154, 2, 670, 43, 42, 144, 1, 1, 1
155, 2, 668, 43, 41, 143, 1, 1, 1
156, 2, 666, 43, 43, 139, 1, 1, 1
157, 2, 659, 43, 48, 139, 1, 1, 1
158, 2, 641, 43, 66, 138, 1, 1, 1
159, 2, 633, 44, 73, 135, 1, 1, 1
160, 2, 628, 45, 76, 133, 1, 1, 1
161, 2, 623, 45, 78, 133, 1, 1, 1
162, 2, 623, 45, 69, 130, 1, 1, 1
163, 2, 622, 43, 69, 131, 1, 1, 1
164, 2, 622, 43, 62, 133, 1, 1, 1
165, 2, 619, 39, 39, 136, 1, 1, 1
166, 2, 614, 38, 47, 138, 1, 1, 1
167, 2, 609, 36, 43, 138, 1, 1, 1
168, 2, 605, 36, 41, 138, 1, 1, 1
169, 2, 602, 35, 43, 137, 1, 1, 1
170, 2, 593, 33, 50, 139, 1, 1, 1
171, 2, 585, 33, 57, 138, 1, 1, 1
172, 2, 580, 33, 62, 138, 1, 1, 1
173, 2, 578, 32, 63, 141, 1, 1, 1
174, 2, 579, 32, 49, 125, 1, 1, 1
175, 2, 573, 28, 45, 129, 1, 1, 1
176, 2, 563, 25, 54, 134, 1, 1, 1
177, 2, 564, 23, 47, 135, 1, 1, 1
178, 2, 561, 21, 44, 135, 1, 1, 1
179, 2, 557, 17, 41, 142, 1, 1, 1
180, 2, 543, 16, 54, 141, 1, 1, 1
181, 2, 544, 17, 51, 136, 1, 1, 1
182, 2, 535, 17, 58, 135, 1, 1, 1
183, 2, 525, 17, 70, 136, 1, 1, 1
184, 2, 523, 18, 70, 135, 1, 1, 1
185, 2, 523, 16, 71, 137, 1, 1, 1
186, 2, 523, 14, 67, 140, 1, 1, 1
187, 2, 519, 12, 65, 136, 1, 1, 1
188, 2, 513, 9, 60, 138, 1, 1, 1
189, 2, 508, 7, 52, 134, 1, 1, 1
190, 2, 504, 6, 52, 136, 1, 1, 1
191, 2, 500, 6, 44, 136, 1, 1, 1
192, 2, 495, 5, 48, 137, 1, 1, 1
193, 2, 493, 5, 50, 137, 1, 1, 1
194, 2, 487, 5, 55, 137, 1, 1, 1
195, 2, 481, 5, 61, 137, 1, 1, 1
196, 2, 480, 4, 59, 137, 1, 1, 1
197, 2, 478, 3, 56, 138, 1, 1, 1
198, 2, 474, 2, 54, 134, 1, 1, 1
199, 2, 471, 2, 48, 130, 1, 1, 1
200, 2, 469, 2, 45, 129, 1, 1, 1
201, 2, 457, 2, 48, 129, 1, 1, 1
202, 2, 461, 3, 36, 127, 1, 1, 1
203, 2, 456, 2, 41, 128, 1, 1, 1
204, 2, 451, 2, 45, 126, 1, 1, 1
205, 2, 436, 4, 60, 123, 1, 1, 1
206, 2, 425, 4, 71, 122, 1, 1, 1
207, 2, 421, 2, 76, 125, 1, 1, 1
208, 2, 420, 3, 76, 123, 1, 1, 1
209, 2, 422, 1, 71, 124, 1, 1, 1
210, 2, 421, 2, 67, 122, 1, 1, 1
211, 2, 417, 1, 65, 118, 1, 1, 1
212, 2, 412, 2, 60, 119, 1, 2, 1
213, 2, 407, 2, 56, 118, 1, 2, 1
214, 2, 401, 2, 50, 116, 1, 2, 1
215, 2, 395, 3, 52, 116, 1, 2, 1
216, 2, 390, 2, 57, 118, 1, 2, 1
217, 2, 385, 1, 60, 118, 1, 2, 1
218, 2, 381, 1, 62, 116, 1, 2, 1
219, 2, 375, 2, 68, 115, 1, 2, 1
220, 2, 369, 2, 68, 115, 1, 2, 1
221, 2, 366, 3, 71, 115, 1, 2, 1
222, 2, 365, 2, 67, 114, 1, 2, 1
223, 2, 361, 1, 63, 110, 1, 2, 1
224, 2, 358, 1, 60, 107, 1, 2, 1
225, 2, 354, 3, 52, 106, 1, 2, 1
226, 2, 349, 2, 48, 106, 1, 2, 1
227, 2, 343, 3, 54, 105, 1, 2, 1
228, 2, 338, 1, 57, 104, 1, 2, 1
229, 2, 336, 4, 61, 102, 1, 2, 1
230, 2, 327, 5, 68, 99, 1, 2, 1
431, 3, 1534, 230, 59, 185, 1, 1, 1
432, 3, 1528, 232, 63, 187, 1, 1, 1
433, 3, 1525, 234, 64, 185, 1, 1, 1
434, 3, 1524, 235, 65, 187, 1, 1, 1
435, 3, 1524, 237, 62, 182, 1, 1, 1
436, 3, 1528, 238, 57, 182, 1, 1, 1
437, 3, 1531, 238, 56, 186, 1, 1, 1
438, 3, 1529, 239, 57, 186, 1, 1, 1
439, 3, 1522, 239, 63, 185, 1, 1, 1
440, 3, 1517, 239, 68, 182, 1, 1, 1
441, 3, 1515, 241, 69, 180, 1, 1, 1
442, 3, 1507, 243, 76, 178, 1, 1, 1
443, 3, 1500, 245, 81, 177, 1, 1, 1
444, 3, 1494, 246, 84, 178, 1, 1, 1
445, 3, 1492, 247, 82, 179, 1, 1, 1
446, 3, 1492, 246, 80, 185, 1, 1, 1
447, 3, 1491, 246, 75, 187, 1, 1, 1
448, 3, 1491, 245, 74, 188, 1, 1, 1
449, 3, 1491, 242, 70, 191, 1, 1, 1
450, 3, 1490, 241, 70, 192, 1, 1, 1
451, 3, 1484, 239, 73, 194, 1, 1, 1
452, 3, 1477, 238, 78, 196, 1, 1, 1
453, 3, 1469, 237, 84, 197, 1, 1, 1
454, 3, 1462, 238, 89, 200, 1, 1, 1
455, 3, 1452, 239, 96, 201, 1, 1, 1
456, 3, 1450, 243, 95, 199, 1, 1, 1
457, 3, 1443, 246, 100, 198, 1, 1, 1
458, 3, 1439, 248, 103, 200, 1, 1, 1
459, 3, 1437, 249, 102, 197, 1, 1, 1
460, 3, 1436, 249, 102, 201, 1, 1, 1
461, 3, 1437, 249, 97, 198, 1, 1, 1
462, 3, 1439, 249, 90, 199, 1, 1, 1
463, 3, 1437, 248, 90, 201, 1, 1, 1
464, 3, 1441, 246, 81, 205, 1, 1, 1
465, 3, 1442, 244, 78, 205, 1, 1, 1
466, 3, 1439, 242, 77, 206, 1, 1, 1
467, 3, 1431, 242, 83, 203, 1, 1, 1
468, 3, 1427, 242, 85, 204, 1, 1, 1
469, 3, 1415, 244, 92, 204, 1, 1, 1
470, 3, 1406, 247, 99, 202, 1, 1, 1
471, 3, 1401, 251, 100, 200, 1, 1, 1
472, 3, 1398, 254, 99, 198, 1, 1, 1
473, 3, 1399, 256, 93, 198, 1, 1, 1
474, 3, 1397, 256, 89, 195, 1, 1, 1
475, 3, 1396, 255, 86, 199, 1, 1, 1
476, 3, 1398, 254, 80, 199, 1, 1, 1
477, 3, 1396, 253, 80, 202, 1, 1, 1
478, 3, 1395, 251, 78, 203, 1, 1, 1
479, 3, 1393, 248, 78, 207, 1, 1, 1
480, 3, 1392, 245, 76, 211, 1, 1, 1
481, 3, 1391, 244, 76, 214, 1, 1, 1
482, 3, 1389, 243, 76, 216, 1, 1, 1
483, 3, 1386, 244, 79, 222, 1, 1, 1
484, 3, 1380, 246, 83, 222, 1, 1, 1
485, 3, 1377, 250, 83, 222, 1, 1, 1
486, 3, 1375, 253, 82, 220, 1, 1, 1
487, 3, 1373, 254, 81, 223, 1, 1, 1
488, 3, 1371, 254, 81, 223, 1, 1, 1
489, 3, 1371, 256, 78, 223, 1, 1, 1
490, 3, 1370, 257, 78, 222, 1, 1, 1
491, 3, 1370, 257, 75, 222, 1, 1, 1
492, 3, 1369, 257, 73, 223, 1, 1, 1
493, 3, 1366, 257, 75, 224, 1, 1, 1
494, 3, 1363, 257, 74, 220, 1, 1, 1
495, 3, 1362, 256, 73, 222, 1, 1, 1
496, 3, 1356, 257, 78, 222, 1, 1, 1
497, 3, 1351, 259, 80, 223, 1, 1, 1
498, 3, 1345, 261, 86, 227, 1, 1, 1
499, 3, 1345, 266, 83, 224, 1, 1, 1
500, 3, 1342, 271, 82, 220, 1, 1, 1
501, 3, 1345, 274, 77, 222, 1, 1, 1
502, 3, 1343, 277, 76, 224, 1, 1, 1
503, 3, 1343, 279, 74, 223, 1, 1, 1
504, 3, 1342, 280, 73, 223, 1, 1, 1
505, 3, 1339, 281, 74, 223, 1, 1, 1
506, 3, 1335, 282, 76, 221, 1, 1, 1
507, 3, 1332, 281, 79, 222, 1, 1, 1
508, 3, 1331, 280, 81, 223, 1, 1, 1
509, 3, 1326, 280, 86, 224, 1, 1, 1
510, 3, 1321, 282, 90, 229, 1, 1, 1
511, 3, 1317, 283, 98, 234, 1, 1, 1
512, 3, 1313, 287, 102, 237, 1, 1, 1
513, 3, 1310, 293, 105, 233, 1, 1, 1
514, 3, 1304, 299, 110, 234, 1, 1, 1
515, 3, 1302, 301, 109, 228, 1, 1, 1
516, 3, 1301, 304, 104, 235, 1, 1, 1
517, 3, 1298, 306, 101, 233, 1, 1, 1
518, 3, 1297, 308, 101, 231, 1, 1, 1
519, 3, 1296, 309, 94, 230, 1, 1, 1
520, 3, 1296, 310, 91, 228, 1, 1, 1
521, 3, 1296, 311, 87, 229, 1, 1, 1
522, 3, 1295, 310, 86, 229, 1, 1, 1
523, 3, 1294, 310, 86, 229, 1, 1, 1
524, 3, 1290, 310, 88, 228, 1, 1, 1
525, 3, 1287, 312, 90, 228, 1, 1, 1
526, 3, 1279, 315, 93, 230, 1, 1, 1
527, 3, 1270, 320, 101, 234, 1, 1, 1
528, 3, 1268, 323, 99, 235, 1, 1, 1
529, 3, 1266, 325, 99, 236, 1, 1, 1
530, 3, 1266, 329, 95, 236, 1, 1, 1
531, 3, 1265, 332, 91, 242, 1, 1, 1
532, 3, 1263, 334, 88, 242, 1, 1, 1
533, 3, 1263, 336, 83, 241, 1, 1, 1
534, 3, 1260, 337, 83, 240, 1, 1, 1
535, 3, 1254, 340, 89, 235, 1, 1, 1
536, 3, 1250, 342, 91, 232, 1, 1, 1
537, 3, 1244, 344, 97, 233, 1, 1, 1
538, 3, 1235, 343, 105, 237, 1, 1, 1
539, 3, 1230, 345, 110, 242, 1, 1, 1
540, 3, 1222, 347, 117, 249, 1, 1, 1
541, 3, 1220, 348, 117, 257, 1, 1, 1
542, 3, 1216, 350, 120, 259, 1, 1, 1
543, 3, 1212, 351, 122, 260, 1, 1, 1
544, 3, 1209, 353, 122, 265, 1, 1, 1
545, 3, 1208, 352, 118, 265, 1, 1, 1
546, 3, 1207, 353, 116, 265, 1, 1, 1
547, 3, 1207, 351, 110, 266, 1, 1, 1
548, 3, 1208, 350, 105, 266, 1, 1, 1
549, 3, 1207, 350, 101, 265, 1, 1, 1
550, 3, 1201, 349, 102, 266, 1, 1, 1
551, 3, 1199, 349, 102, 266, 1, 1, 1
552, 3, 1191, 350, 106, 270, 1, 1, 1
553, 3, 1182, 353, 111, 275, 1, 1, 1
554, 3, 1172, 359, 117, 279, 1, 1, 1
555, 3, 1168, 363, 116, 280, 1, 1, 1
556, 3, 1169, 366, 109, 282, 1, 1, 1
557, 3, 1163, 367, 110, 283, 1, 1, 1
558, 3, 1160, 369, 107, 284, 1, 1, 1
559, 3, 1163, 370, 101, 284, 1, 1, 1
560, 3, 1160, 370, 98, 283, 1, 1, 1
561, 3, 1159, 371, 96, 280, 1, 1, 1
562, 3, 1154, 371, 100, 278, 1, 1, 1
563, 3, 1149, 372, 102, 281, 1, 1, 1
564, 3, 1139, 374, 111, 289, 1, 1, 1
565, 3, 1132, 379, 116, 294, 1, 1, 1
566, 3, 1125, 386, 121, 299, 1, 1, 1
567, 3, 1115, 392, 132, 298, 1, 1, 1
568, 3, 1111, 397, 133, 303, 1, 1, 1
569, 3, 1104, 403, 138, 295, 1, 1, 1
570, 3, 1101, 408, 138, 295, 1, 1, 1
571, 3, 1099, 411, 136, 294, 1, 1, 1
572, 3, 1100, 412, 131, 292, 1, 1, 1
573, 3, 1104, 414, 123, 293, 1, 1, 1
574, 3, 1104, 414, 120, 291, 1, 1, 1
575, 3, 1106, 416, 115, 293, 1, 1, 1
576, 3, 1103, 419, 118, 286, 1, 1, 1
577, 3, 1100, 423, 116, 287, 1, 1, 1
578, 3, 1096, 431, 117, 290, 1, 1, 1
579, 3, 1091, 437, 121, 296, 1, 1, 1
580, 3, 1088, 443, 121, 302, 1, 1, 1
581, 3, 1088, 452, 118, 300, 1, 1, 1
582, 3, 1086, 458, 115, 302, 1, 1, 1
583, 3, 1084, 462, 112, 304, 1, 1, 1
584, 3, 1083, 465, 111, 301, 1, 1, 1
585, 3, 1076, 467, 113, 299, 1, 1, 1
586, 3, 1070, 470, 116, 295, 1, 1, 1
587, 3, 1064, 472, 122, 294, 1, 1, 1
588, 3, 1059, 475, 126, 289, 1, 1, 1
589, 3, 1048, 479, 137, 290, 1, 1, 1
590, 3, 1039, 483, 145, 291, 1, 1, 1
591, 3, 1029, 490, 153, 284, 1, 1, 1
592, 3, 1020, 497, 160, 278, 1, 1, 1
593, 3, 1013, 507, 165, 268, 1, 1, 1
594, 3, 1007, 513, 171, 263, 1, 1, 1
595, 3, 1006, 521, 169, 255, 1, 1, 1
596, 3, 1003, 527, 165, 249, 1, 1, 1
597, 3, 1006, 532, 160, 245, 1, 1, 1
598, 3, 1009, 537, 153, 238, 1, 1, 1
599, 3, 1011, 541, 145, 234, 1, 1, 1
600, 3, 1015, 544, 140, 231, 1, 1, 1
601, 3, 1014, 547, 138, 228, 1, 1, 1
602, 3, 1012, 550, 139, 225, 1, 1, 1
603, 3, 1011, 554, 138, 222, 1, 1, 1
604, 3, 1008, 561, 139, 215, 1, 1, 1
605, 3, 1007, 569, 137, 207, 1, 1, 1
606, 3, 1005, 577, 134, 200, 1, 1, 1
607, 3, 1000, 583, 137, 193, 1, 1, 1
608, 3, 995, 591, 134, 186, 1, 1, 1
609, 3, 988, 596, 136, 179, 1, 1, 1
610, 3, 980, 599, 139, 177, 1, 1, 1
611, 3, 970, 602, 146, 173, 1, 1, 1
612, 3, 963, 603, 149, 172, 1, 1, 1
613, 3, 956, 605, 155, 170, 1, 1, 1
614, 3, 948, 607, 162, 168, 1, 1, 1
615, 3, 934, 611, 174, 165, 1, 1, 1
616, 3, 930, 618, 175, 158, 1, 1, 1
617, 3, 913, 628, 194, 149, 1, 1, 1
618, 3, 905, 637, 203, 140, 1, 1, 1
619, 3, 903, 646, 201, 131, 1, 1, 1
620, 3, 900, 652, 197, 124, 1, 1, 1
621, 3, 899, 660, 196, 117, 1, 1, 1
622, 3, 899, 664, 190, 112, 1, 1, 1
623, 3, 898, 667, 186, 109, 1, 1, 1
624, 3, 900, 671, 173, 106, 1, 1, 1
625, 3, 899, 674, 169, 103, 1, 1, 1
626, 3, 897, 680, 166, 96, 1, 1, 1
627, 3, 900, 688, 160, 87, 1, 1, 1
628, 3, 898, 696, 151, 79, 1, 1, 1
662, 4, 1531, 244, 59, 171, 1, 2, 1
663, 4, 1529, 247, 61, 175, 1, 2, 1
664, 4, 1527, 250, 59, 175, 1, 2, 1
665, 4, 1523, 251, 63, 176, 1, 2, 1
666, 4, 1521, 253, 63, 174, 1, 2, 1
667, 4, 1520, 253, 64, 175, 1, 2, 1
668, 4, 1521, 253, 63, 171, 1, 2, 1
669, 4, 1522, 253, 62, 173, 1, 2, 1
670, 4, 1523, 252, 60, 176, 1, 2, 1
671, 4, 1522, 252, 60, 175, 1, 2, 1
672, 4, 1517, 253, 62, 175, 1, 2, 1
673, 4, 1505, 255, 71, 171, 1, 2, 1
674, 4, 1494, 256, 79, 171, 1, 2, 1
675, 4, 1489, 259, 82, 169, 1, 2, 1
676, 4, 1485, 260, 82, 171, 1, 2, 1
677, 4, 1483, 262, 82, 170, 1, 2, 1
678, 4, 1483, 262, 79, 168, 1, 2, 1
679, 4, 1483, 262, 74, 169, 1, 2, 1
680, 4, 1483, 261, 70, 171, 1, 2, 1
681, 4, 1484, 260, 66, 171, 1, 2, 1
682, 4, 1485, 259, 63, 173, 1, 2, 1
683, 4, 1484, 257, 60, 174, 1, 2, 1
684, 4, 1480, 257, 63, 174, 1, 2, 1
685, 4, 1477, 257, 63, 175, 1, 2, 1
686, 4, 1463, 258, 75, 174, 1, 2, 1
687, 4, 1460, 258, 75, 176, 1, 2, 1
688, 4, 1453, 260, 79, 178, 1, 2, 1
689, 4, 1452, 262, 79, 180, 1, 2, 1
690, 4, 1451, 264, 78, 179, 1, 2, 1
691, 4, 1449, 266, 79, 181, 1, 2, 1
692, 4, 1448, 267, 78, 179, 1, 2, 1
693, 4, 1445, 267, 80, 178, 1, 2, 1
694, 4, 1445, 267, 76, 179, 1, 2, 1
695, 4, 1446, 267, 75, 180, 1, 2, 1
696, 4, 1445, 266, 74, 182, 1, 2, 1
697, 4, 1446, 265, 71, 182, 1, 2, 1
698, 4, 1446, 264, 70, 183, 1, 2, 1
699, 4, 1445, 265, 70, 181, 1, 2, 1
700, 4, 1440, 267, 74, 181, 1, 2, 1
701, 4, 1433, 268, 77, 178, 1, 2, 1
702, 4, 1427, 271, 81, 173, 1, 2, 1
703, 4, 1421, 272, 83, 175, 1, 2, 1
704, 4, 1417, 273, 85, 175, 1, 2, 1
705, 4, 1415, 273, 83, 176, 1, 2, 1
706, 4, 1415, 273, 81, 176, 1, 2, 1
707, 4, 1417, 271, 77, 179, 1, 2, 1
708, 4, 1416, 270, 72, 179, 1, 2, 1
709, 4, 1416, 267, 70, 180, 1, 2, 1
710, 4, 1415, 266, 67, 180, 1, 2, 1
711, 4, 1412, 264, 69, 182, 1, 2, 1
712, 4, 1401, 263, 78, 183, 1, 2, 1
713, 4, 1399, 263, 78, 186, 1, 2, 1
714, 4, 1399, 262, 74, 188, 1, 2, 1
715, 4, 1397, 262, 75, 191, 1, 2, 1
716, 4, 1395, 263, 77, 191, 1, 2, 1
717, 4, 1395, 264, 76, 191, 1, 2, 1
718, 4, 1394, 266, 77, 191, 1, 2, 1
719, 4, 1394, 268, 76, 191, 1, 2, 1
720, 4, 1392, 269, 77, 191, 1, 2, 1
721, 4, 1391, 270, 78, 194, 1, 2, 1
722, 4, 1390, 270, 76, 194, 1, 2, 1
723, 4, 1390, 271, 75, 194, 1, 2, 1
724, 4, 1388, 271, 72, 193, 1, 2, 1
725, 4, 1384, 271, 75, 194, 1, 2, 1
726, 4, 1383, 270, 73, 195, 1, 2, 1
727, 4, 1381, 269, 74, 196, 1, 2, 1
728, 4, 1378, 269, 76, 195, 1, 2, 1
729, 4, 1375, 270, 77, 193, 1, 2, 1
730, 4, 1373, 271, 77, 193, 1, 2, 1
731, 4, 1366, 273, 82, 190, 1, 2, 1
732, 4, 1361, 274, 85, 189, 1, 2, 1
733, 4, 1346, 276, 96, 188, 1, 2, 1
734, 4, 1343, 277, 94, 188, 1, 2, 1
735, 4, 1342, 278, 92, 189, 1, 2, 1
736, 4, 1343, 279, 86, 187, 1, 2, 1
737, 4, 1342, 279, 84, 186, 1, 2, 1
738, 4, 1343, 279, 78, 186, 1, 2, 1
739, 4, 1342, 279, 76, 186, 1, 2, 1
740, 4, 1342, 278, 73, 189, 1, 2, 1
741, 4, 1341, 277, 71, 187, 1, 2, 1
742, 4, 1341, 276, 69, 190, 1, 2, 1
743, 4, 1339, 275, 69, 193, 1, 2, 1
744, 4, 1334, 275, 73, 194, 1, 2, 1
745, 4, 1330, 275, 76, 196, 1, 2, 1
746, 4, 1326, 276, 79, 201, 1, 2, 1
747, 4, 1320, 278, 86, 203, 1, 2, 1
748, 4, 1309, 279, 96, 207, 1, 2, 1
749, 4, 1304, 281, 101, 207, 1, 2, 1
750, 4, 1302, 283, 104, 206, 1, 2, 1
751, 4, 1302, 285, 103, 205, 1, 2, 1
752, 4, 1302, 286, 103, 200, 1, 2, 1
753, 4, 1305, 286, 100, 203, 1, 2, 1
754, 4, 1309, 286, 95, 203, 1, 2, 1
755, 4, 1310, 286, 94, 202, 1, 2, 1
756, 4, 1313, 286, 90, 204, 1, 2, 1
757, 4, 1315, 285, 89, 204, 1, 2, 1
758, 4, 1320, 285, 83, 204, 1, 2, 1
759, 4, 1318, 286, 84, 203, 1, 2, 1
760, 4, 1315, 287, 84, 201, 1, 2, 1
761, 4, 1305, 290, 92, 198, 1, 2, 1
762, 4, 1302, 290, 92, 198, 1, 2, 1
763, 4, 1298, 294, 93, 199, 1, 2, 1
764, 4, 1295, 296, 92, 200, 1, 2, 1
765, 4, 1295, 298, 89, 198, 1, 2, 1
766, 4, 1295, 297, 87, 202, 1, 2, 1
767, 4, 1293, 297, 87, 201, 1, 2, 1
768, 4, 1293, 296, 85, 203, 1, 2, 1
769, 4, 1288, 296, 87, 204, 1, 2, 1
770, 4, 1285, 294, 88, 206, 1, 2, 1
771, 4, 1277, 293, 93, 209, 1, 2, 1
772, 4, 1274, 293, 97, 207, 1, 2, 1
773, 4, 1270, 293, 100, 209, 1, 2, 1
774, 4, 1268, 295, 100, 210, 1, 2, 1
775, 4, 1266, 296, 102, 213, 1, 2, 1
776, 4, 1265, 297, 101, 216, 1, 2, 1
777, 4, 1266, 299, 100, 216, 1, 2, 1
778, 4, 1266, 301, 100, 218, 1, 2, 1
779, 4, 1269, 301, 94, 223, 1, 2, 1
780, 4, 1271, 302, 91, 223, 1, 2, 1
781, 4, 1270, 302, 93, 223, 1, 2, 1
782, 4, 1270, 301, 93, 225, 1, 2, 1
783, 4, 1271, 300, 92, 226, 1, 2, 1
784, 4, 1272, 300, 92, 226, 1, 2, 1
785, 4, 1270, 300, 94, 225, 1, 2, 1
786, 4, 1271, 302, 92, 223, 1, 2, 1
787, 4, 1270, 303, 93, 222, 1, 2, 1
788, 4, 1270, 304, 93, 221, 1, 2, 1
789, 4, 1267, 305, 95, 220, 1, 2, 1
790, 4, 1263, 306, 97, 219, 1, 2, 1
791, 4, 1261, 308, 99, 219, 1, 2, 1
792, 4, 1258, 310, 100, 220, 1, 2, 1
793, 4, 1255, 312, 100, 221, 1, 2, 1
794, 4, 1255, 313, 98, 221, 1, 2, 1
795, 4, 1255, 315, 96, 219, 1, 2, 1
796, 4, 1256, 316, 89, 218, 1, 2, 1
797, 4, 1254, 316, 88, 217, 1, 2, 1
798, 4, 1250, 317, 88, 217, 1, 2, 1
799, 4, 1246, 317, 89, 217, 1, 2, 1
800, 4, 1243, 317, 92, 217, 1, 2, 1