name
0097
0002
0007
0008
0009
0011
0013
0015
0017
0020
0021
0023
0024
0025
0027
0030
0031
0032
0033
0035
0038
0039
0040
0041
0043
0044
0045
0048
0049
0050
0054
0056
0057
0060
0062
0063
0069
0071
0074
0075
0077
0078
0080
0084
0085
0088
0090
0091
0092
0093
0096
0004
0022
0028
0034
0046
0047
0070
0087
0089
0100
0001
0003
0005
0006
0010
0012
0014
0016
0018
0019
0029
0036
0037
0042
0051
0052
0053
0055
0058
0059
0061
0064
0065
0066
0067
0068
0072
0073
0076
0079
0081
0082
0083
0086
0094
0095
0098
0099
0026