1, 1, 186, 33, 310, 410, 1, 6, 1
2, 1, 185, 33, 309, 413, 1, 6, 1
3, 1, 188, 32, 304, 412, 1, 6, 1
4, 1, 188, 33, 304, 406, 1, 6, 1
5, 1, 188, 32, 304, 410, 1, 6, 1
6, 1, 189, 32, 303, 406, 1, 6, 1
7, 1, 188, 32, 303, 413, 1, 6, 1
8, 1, 187, 32, 304, 408, 1, 6, 1
9, 1, 187, 32, 303, 409, 1, 6, 1
10, 1, 186, 32, 303, 411, 1, 6, 1
11, 1, 187, 34, 302, 403, 1, 6, 1
12, 1, 187, 33, 302, 402, 1, 6, 1
13, 1, 187, 34, 301, 401, 1, 6, 1
14, 1, 188, 32, 299, 403, 1, 6, 1
15, 1, 187, 33, 300, 407, 1, 6, 1
16, 1, 188, 33, 298, 406, 1, 6, 1
17, 1, 187, 33, 299, 403, 1, 6, 1
18, 1, 187, 33, 299, 407, 1, 6, 1
19, 1, 187, 32, 299, 402, 1, 6, 1
20, 1, 188, 33, 298, 404, 1, 6, 1
21, 1, 190, 33, 296, 404, 1, 6, 1
22, 1, 189, 34, 297, 402, 1, 6, 1
23, 1, 191, 33, 295, 403, 1, 6, 1
24, 1, 189, 33, 298, 402, 1, 6, 1
25, 1, 189, 32, 297, 403, 1, 6, 1
26, 1, 190, 32, 295, 401, 1, 6, 1
27, 1, 191, 31, 294, 401, 1, 6, 1
28, 1, 191, 31, 293, 401, 1, 6, 1
29, 1, 188, 32, 295, 399, 1, 6, 1
30, 1, 188, 31, 296, 400, 1, 6, 1
31, 1, 189, 32, 295, 399, 1, 6, 1
32, 1, 190, 30, 294, 392, 1, 6, 1
33, 1, 191, 30, 293, 398, 1, 6, 1
34, 1, 189, 30, 293, 391, 1, 6, 1
35, 1, 191, 30, 292, 399, 1, 6, 1
36, 1, 193, 31, 290, 397, 1, 6, 1
37, 1, 192, 30, 290, 393, 1, 6, 1
38, 1, 193, 30, 291, 394, 1, 6, 1
39, 1, 193, 30, 290, 390, 1, 6, 1
40, 1, 195, 29, 288, 391, 1, 6, 1
41, 1, 195, 30, 288, 395, 1, 6, 1
42, 1, 196, 29, 285, 395, 1, 6, 1
43, 1, 195, 29, 287, 392, 1, 6, 1
44, 1, 194, 29, 287, 393, 1, 6, 1
45, 1, 195, 29, 287, 394, 1, 6, 1
46, 1, 193, 30, 288, 393, 1, 6, 1
47, 1, 194, 29, 287, 394, 1, 6, 1
48, 1, 194, 29, 288, 394, 1, 6, 1
49, 1, 195, 28, 285, 394, 1, 6, 1
50, 1, 193, 29, 288, 393, 1, 6, 1
51, 1, 196, 29, 285, 392, 1, 6, 1
52, 1, 196, 28, 285, 393, 1, 6, 1
53, 1, 197, 29, 285, 390, 1, 6, 1
54, 1, 196, 28, 284, 393, 1, 6, 1
55, 1, 198, 30, 283, 390, 1, 6, 1
56, 1, 199, 29, 281, 390, 1, 6, 1
57, 1, 199, 29, 282, 392, 1, 6, 1
58, 1, 199, 28, 281, 391, 1, 6, 1
59, 1, 198, 28, 283, 387, 1, 6, 1
60, 1, 199, 29, 282, 389, 1, 6, 1
61, 1, 199, 27, 282, 390, 1, 6, 1
62, 1, 199, 29, 282, 387, 1, 6, 1
63, 1, 200, 28, 281, 386, 1, 6, 1
64, 1, 200, 27, 281, 386, 1, 6, 1
65, 1, 200, 27, 280, 387, 1, 6, 1
66, 1, 199, 28, 281, 386, 1, 6, 1
67, 1, 201, 28, 278, 385, 1, 6, 1
68, 1, 198, 27, 282, 385, 1, 6, 1
69, 1, 201, 28, 281, 382, 1, 6, 1
70, 1, 203, 28, 277, 383, 1, 6, 1
71, 1, 199, 29, 283, 383, 1, 6, 1
72, 1, 200, 28, 282, 381, 1, 6, 1
73, 1, 201, 29, 281, 380, 1, 6, 1
74, 1, 201, 28, 281, 381, 1, 6, 1
75, 1, 201, 29, 280, 378, 1, 6, 1
76, 1, 201, 28, 281, 380, 1, 6, 1
77, 1, 202, 28, 279, 377, 1, 6, 1
78, 1, 203, 28, 278, 378, 1, 6, 1
79, 1, 203, 29, 278, 377, 1, 6, 1
80, 1, 204, 28, 277, 379, 1, 6, 1
81, 1, 203, 28, 278, 375, 1, 6, 1
82, 1, 203, 27, 278, 375, 1, 6, 1
83, 1, 203, 28, 278, 375, 1, 6, 1
84, 1, 204, 28, 276, 374, 1, 6, 1
85, 1, 203, 28, 278, 375, 1, 6, 1
86, 1, 205, 27, 275, 377, 1, 6, 1
87, 1, 206, 27, 275, 374, 1, 6, 1
88, 1, 206, 27, 275, 373, 1, 6, 1
89, 1, 206, 28, 274, 368, 1, 6, 1
90, 1, 204, 27, 275, 373, 1, 6, 1
91, 1, 206, 27, 273, 372, 1, 6, 1
92, 1, 206, 26, 272, 372, 1, 6, 1
93, 1, 207, 27, 272, 372, 1, 6, 1
94, 1, 207, 27, 271, 374, 1, 6, 1
95, 1, 206, 26, 274, 373, 1, 6, 1
96, 1, 209, 27, 271, 370, 1, 6, 1
97, 1, 208, 27, 271, 369, 1, 6, 1
98, 1, 207, 27, 273, 372, 1, 6, 1
99, 1, 210, 27, 269, 370, 1, 6, 1
100, 1, 210, 27, 271, 369, 1, 6, 1
101, 1, 210, 27, 270, 370, 1, 6, 1
102, 1, 209, 26, 271, 371, 1, 6, 1
103, 1, 212, 26, 268, 369, 1, 6, 1
104, 1, 211, 26, 269, 368, 1, 6, 1
105, 1, 211, 26, 269, 368, 1, 6, 1
106, 1, 212, 26, 268, 367, 1, 6, 1
107, 1, 212, 28, 267, 364, 1, 6, 1
108, 1, 212, 29, 267, 361, 1, 6, 1
109, 1, 213, 28, 266, 362, 1, 6, 1
110, 1, 213, 28, 266, 363, 1, 6, 1
111, 1, 214, 29, 264, 360, 1, 6, 1
112, 1, 214, 29, 265, 359, 1, 6, 1
113, 1, 213, 29, 267, 358, 1, 6, 1
114, 1, 214, 29, 266, 358, 1, 6, 1
115, 1, 215, 30, 263, 358, 1, 6, 1
116, 1, 215, 30, 263, 356, 1, 6, 1
117, 1, 214, 29, 265, 357, 1, 6, 1
118, 1, 214, 29, 264, 356, 1, 6, 1
119, 1, 217, 29, 261, 355, 1, 6, 1
120, 1, 217, 30, 261, 353, 1, 6, 1
121, 1, 219, 30, 257, 351, 1, 6, 1
122, 1, 218, 30, 259, 352, 1, 6, 1
123, 1, 219, 30, 256, 349, 1, 6, 1
124, 1, 217, 29, 258, 351, 1, 6, 1
125, 1, 218, 30, 257, 351, 1, 6, 1
126, 1, 218, 30, 258, 349, 1, 6, 1
127, 1, 217, 29, 261, 351, 1, 6, 1
128, 1, 218, 29, 258, 352, 1, 6, 1
129, 1, 216, 29, 261, 352, 1, 6, 1
130, 1, 217, 29, 259, 350, 1, 6, 1
131, 1, 216, 29, 262, 349, 1, 6, 1
132, 1, 216, 29, 260, 348, 1, 6, 1
133, 1, 215, 28, 262, 349, 1, 6, 1
134, 1, 218, 29, 259, 349, 1, 6, 1
135, 1, 214, 28, 264, 348, 1, 6, 1
136, 1, 216, 29, 263, 348, 1, 6, 1
137, 1, 218, 29, 260, 346, 1, 6, 1
138, 1, 220, 29, 260, 345, 1, 6, 1
139, 1, 218, 28, 261, 346, 1, 6, 1
140, 1, 219, 29, 261, 346, 1, 6, 1
141, 1, 217, 27, 262, 348, 1, 6, 1
142, 1, 218, 28, 260, 342, 1, 6, 1
143, 1, 218, 28, 262, 345, 1, 6, 1
144, 1, 217, 28, 261, 346, 1, 6, 1
145, 1, 217, 27, 262, 345, 1, 6, 1
146, 1, 217, 28, 261, 339, 1, 6, 1
147, 1, 217, 28, 260, 338, 1, 6, 1
148, 1, 216, 28, 261, 342, 1, 6, 1
149, 1, 218, 28, 259, 338, 1, 6, 1
150, 1, 218, 28, 259, 338, 1, 6, 1
151, 1, 218, 28, 258, 339, 1, 6, 1
152, 1, 219, 28, 256, 339, 1, 6, 1
153, 1, 220, 26, 254, 339, 1, 6, 1
154, 1, 221, 26, 252, 343, 1, 6, 1
155, 1, 220, 26, 254, 342, 1, 6, 1
156, 1, 222, 25, 250, 342, 1, 6, 1
157, 1, 222, 25, 248, 339, 1, 6, 1
158, 1, 221, 25, 249, 340, 1, 6, 1
159, 1, 222, 25, 248, 338, 1, 6, 1
160, 1, 220, 25, 250, 337, 1, 6, 1
161, 1, 222, 25, 247, 338, 1, 6, 1
162, 1, 222, 26, 248, 336, 1, 6, 1
163, 1, 222, 25, 246, 338, 1, 6, 1
164, 1, 224, 26, 246, 337, 1, 6, 1
165, 1, 222, 26, 246, 335, 1, 6, 1
166, 1, 221, 27, 248, 330, 1, 6, 1
167, 1, 221, 27, 249, 334, 1, 6, 1
168, 1, 222, 27, 247, 331, 1, 6, 1
169, 1, 222, 25, 247, 331, 1, 6, 1
170, 1, 223, 25, 244, 334, 1, 6, 1
171, 1, 224, 25, 243, 334, 1, 6, 1
172, 1, 225, 26, 242, 331, 1, 6, 1
173, 1, 225, 24, 240, 333, 1, 6, 1
174, 1, 226, 23, 238, 335, 1, 6, 1
175, 1, 222, 24, 241, 332, 1, 6, 1
176, 1, 221, 24, 241, 329, 1, 6, 1
177, 1, 222, 25, 240, 328, 1, 6, 1
178, 1, 222, 24, 241, 332, 1, 6, 1
179, 1, 221, 24, 242, 328, 1, 6, 1
180, 1, 220, 23, 242, 330, 1, 6, 1
181, 1, 222, 24, 241, 331, 1, 6, 1
182, 1, 222, 25, 240, 330, 1, 6, 1
183, 1, 222, 24, 238, 331, 1, 6, 1
184, 1, 222, 24, 239, 331, 1, 6, 1
185, 1, 223, 23, 237, 331, 1, 6, 1
186, 1, 225, 24, 236, 327, 1, 6, 1
187, 1, 222, 23, 239, 330, 1, 6, 1
188, 1, 223, 23, 236, 327, 1, 6, 1
189, 1, 222, 23, 237, 330, 1, 6, 1
190, 1, 222, 22, 236, 329, 1, 6, 1
191, 1, 223, 23, 235, 326, 1, 6, 1
192, 1, 220, 23, 237, 325, 1, 6, 1
193, 1, 222, 23, 236, 324, 1, 6, 1
194, 1, 222, 23, 236, 324, 1, 6, 1
195, 1, 225, 23, 231, 327, 1, 6, 1
196, 1, 223, 22, 233, 325, 1, 6, 1
197, 1, 225, 23, 230, 326, 1, 6, 1
198, 1, 224, 23, 233, 326, 1, 6, 1
199, 1, 222, 23, 234, 324, 1, 6, 1
200, 1, 222, 22, 234, 325, 1, 6, 1
201, 1, 222, 23, 233, 324, 1, 6, 1
202, 1, 222, 23, 234, 326, 1, 6, 1
203, 1, 225, 22, 231, 326, 1, 6, 1
204, 1, 224, 22, 231, 325, 1, 6, 1
205, 1, 225, 22, 229, 321, 1, 6, 1
206, 1, 224, 22, 231, 323, 1, 6, 1
207, 1, 224, 22, 231, 325, 1, 6, 1
208, 1, 224, 23, 230, 321, 1, 6, 1
209, 1, 224, 22, 230, 321, 1, 6, 1
210, 1, 225, 22, 229, 320, 1, 6, 1
211, 1, 225, 23, 227, 318, 1, 6, 1
212, 1, 224, 23, 229, 319, 1, 6, 1
213, 1, 224, 23, 229, 320, 1, 6, 1
214, 1, 224, 23, 229, 318, 1, 6, 1
215, 1, 223, 23, 230, 319, 1, 6, 1
216, 1, 224, 24, 229, 318, 1, 6, 1
217, 1, 225, 24, 227, 315, 1, 6, 1
218, 1, 225, 24, 227, 314, 1, 6, 1
219, 1, 224, 23, 228, 318, 1, 6, 1
220, 1, 225, 23, 227, 316, 1, 6, 1
221, 1, 222, 24, 230, 315, 1, 6, 1
222, 1, 222, 24, 231, 315, 1, 6, 1
223, 1, 224, 24, 228, 315, 1, 6, 1
224, 1, 223, 24, 230, 314, 1, 6, 1
225, 1, 224, 24, 227, 313, 1, 6, 1
226, 1, 222, 24, 229, 312, 1, 6, 1
227, 1, 222, 25, 229, 313, 1, 6, 1
228, 1, 222, 25, 230, 312, 1, 6, 1
229, 1, 222, 25, 229, 311, 1, 6, 1
230, 1, 223, 25, 229, 311, 1, 6, 1
231, 1, 223, 25, 229, 310, 1, 6, 1
232, 1, 224, 25, 229, 310, 1, 6, 1
233, 1, 224, 26, 229, 309, 1, 6, 1
234, 1, 224, 25, 228, 309, 1, 6, 1
235, 1, 224, 26, 230, 304, 1, 6, 1
236, 1, 226, 25, 226, 308, 1, 6, 1
237, 1, 225, 26, 228, 307, 1, 6, 1
238, 1, 223, 25, 231, 308, 1, 6, 1
239, 1, 224, 25, 229, 307, 1, 6, 1
240, 1, 226, 24, 227, 307, 1, 6, 1
241, 1, 224, 24, 228, 308, 1, 6, 1
242, 1, 225, 24, 228, 308, 1, 6, 1
243, 1, 223, 25, 230, 306, 1, 6, 1
244, 1, 225, 24, 227, 307, 1, 6, 1
245, 1, 226, 25, 227, 305, 1, 6, 1
246, 1, 226, 23, 226, 303, 1, 6, 1
247, 1, 225, 24, 227, 306, 1, 6, 1
248, 1, 226, 23, 227, 304, 1, 6, 1
249, 1, 223, 23, 229, 306, 1, 6, 1
250, 1, 223, 22, 229, 306, 1, 6, 1
251, 1, 225, 22, 227, 305, 1, 6, 1
252, 1, 224, 22, 229, 305, 1, 6, 1
253, 1, 224, 22, 229, 304, 1, 6, 1
254, 1, 225, 23, 228, 304, 1, 6, 1
255, 1, 225, 22, 227, 304, 1, 6, 1
256, 1, 223, 22, 229, 304, 1, 6, 1
257, 1, 225, 22, 228, 301, 1, 6, 1
258, 1, 224, 22, 229, 302, 1, 6, 1
259, 1, 223, 22, 230, 299, 1, 6, 1
260, 1, 223, 22, 230, 301, 1, 6, 1
261, 1, 225, 21, 228, 299, 1, 6, 1
262, 1, 224, 21, 230, 299, 1, 6, 1
263, 1, 224, 21, 229, 298, 1, 6, 1
264, 1, 222, 21, 231, 300, 1, 6, 1
265, 1, 225, 22, 229, 299, 1, 6, 1
266, 1, 225, 21, 229, 301, 1, 6, 1
267, 1, 224, 20, 229, 301, 1, 6, 1
268, 1, 226, 20, 227, 299, 1, 6, 1
269, 1, 228, 20, 225, 301, 1, 6, 1
270, 1, 227, 20, 226, 301, 1, 6, 1
271, 1, 227, 21, 226, 297, 1, 6, 1
272, 1, 226, 21, 227, 297, 1, 6, 1
273, 1, 227, 21, 226, 295, 1, 6, 1
274, 1, 225, 22, 228, 292, 1, 6, 1
275, 1, 226, 21, 228, 294, 1, 6, 1
276, 1, 227, 22, 227, 293, 1, 6, 1
277, 1, 224, 22, 228, 292, 1, 6, 1
278, 1, 224, 22, 229, 293, 1, 6, 1
279, 1, 225, 22, 229, 290, 1, 6, 1
280, 1, 224, 21, 230, 293, 1, 6, 1
281, 1, 223, 22, 230, 291, 1, 6, 1
282, 1, 223, 21, 231, 291, 1, 6, 1
283, 1, 224, 21, 229, 291, 1, 6, 1
284, 1, 223, 21, 231, 292, 1, 6, 1
285, 1, 225, 21, 229, 293, 1, 6, 1
286, 1, 223, 21, 231, 292, 1, 6, 1
287, 1, 224, 20, 229, 293, 1, 6, 1
288, 1, 223, 21, 231, 290, 1, 6, 1
289, 1, 223, 21, 231, 291, 1, 6, 1
290, 1, 225, 21, 231, 291, 1, 6, 1
291, 1, 224, 21, 232, 292, 1, 6, 1
292, 1, 225, 20, 230, 294, 1, 6, 1
293, 1, 227, 20, 227, 293, 1, 6, 1
294, 1, 225, 20, 229, 294, 1, 6, 1
295, 1, 226, 20, 230, 293, 1, 6, 1
296, 1, 228, 20, 227, 293, 1, 6, 1
297, 1, 226, 20, 229, 294, 1, 6, 1
298, 1, 226, 20, 229, 291, 1, 6, 1
299, 1, 226, 20, 229, 295, 1, 6, 1
300, 1, 227, 20, 227, 294, 1, 6, 1
301, 1, 227, 21, 227, 293, 1, 6, 1
302, 1, 227, 21, 227, 292, 1, 6, 1
303, 1, 227, 21, 228, 292, 1, 6, 1
304, 1, 225, 21, 232, 291, 1, 6, 1
305, 1, 227, 21, 229, 293, 1, 6, 1
306, 1, 228, 21, 228, 293, 1, 6, 1
307, 1, 227, 21, 230, 292, 1, 6, 1
308, 1, 226, 22, 230, 291, 1, 6, 1
309, 1, 227, 22, 230, 291, 1, 6, 1
310, 1, 226, 22, 230, 289, 1, 6, 1
311, 1, 228, 22, 228, 291, 1, 6, 1
312, 1, 228, 21, 229, 290, 1, 6, 1
313, 1, 229, 21, 228, 291, 1, 6, 1
314, 1, 229, 21, 228, 289, 1, 6, 1
315, 1, 228, 22, 228, 283, 1, 6, 1
316, 1, 228, 22, 228, 286, 1, 6, 1
317, 1, 229, 21, 228, 287, 1, 6, 1
318, 1, 229, 21, 227, 287, 1, 6, 1
319, 1, 230, 21, 226, 286, 1, 6, 1
320, 1, 232, 21, 224, 286, 1, 6, 1
321, 1, 235, 21, 223, 283, 1, 6, 1
322, 1, 236, 20, 222, 282, 1, 6, 1
323, 1, 237, 20, 221, 282, 1, 6, 1
324, 1, 236, 20, 222, 278, 1, 6, 1
325, 1, 235, 20, 223, 283, 1, 6, 1
326, 1, 235, 20, 223, 279, 1, 6, 1
327, 1, 236, 20, 222, 279, 1, 6, 1
328, 1, 236, 20, 224, 282, 1, 6, 1
329, 1, 236, 19, 224, 280, 1, 6, 1
330, 1, 235, 19, 225, 278, 1, 6, 1
331, 1, 235, 20, 225, 278, 1, 6, 1
332, 1, 235, 19, 226, 278, 1, 6, 1
333, 1, 235, 20, 226, 275, 1, 6, 1
334, 1, 236, 19, 224, 274, 1, 6, 1
335, 1, 236, 19, 225, 277, 1, 6, 1
336, 1, 235, 19, 226, 280, 1, 6, 1
337, 1, 236, 19, 225, 280, 1, 6, 1
338, 1, 237, 19, 223, 281, 1, 6, 1
339, 1, 240, 19, 220, 281, 1, 6, 1
340, 1, 238, 19, 224, 278, 1, 6, 1
341, 1, 239, 19, 222, 282, 1, 6, 1
342, 1, 239, 19, 223, 279, 1, 6, 1
343, 1, 238, 19, 224, 279, 1, 6, 1
344, 1, 237, 19, 224, 277, 1, 6, 1
345, 1, 239, 19, 223, 278, 1, 6, 1
346, 1, 238, 21, 224, 276, 1, 6, 1
347, 1, 238, 19, 224, 276, 1, 6, 1
348, 1, 238, 18, 224, 278, 1, 6, 1
349, 1, 239, 19, 222, 277, 1, 6, 1
350, 1, 239, 19, 224, 276, 1, 6, 1
351, 1, 241, 19, 221, 274, 1, 6, 1
352, 1, 239, 19, 222, 275, 1, 6, 1
353, 1, 237, 19, 226, 274, 1, 6, 1
354, 1, 240, 19, 223, 269, 1, 6, 1
355, 1, 240, 19, 223, 267, 1, 6, 1
356, 1, 240, 19, 223, 268, 1, 6, 1
357, 1, 240, 18, 223, 273, 1, 6, 1
358, 1, 242, 18, 221, 273, 1, 6, 1
359, 1, 241, 18, 223, 273, 1, 6, 1
360, 1, 243, 18, 221, 273, 1, 6, 1
361, 1, 242, 19, 221, 273, 1, 6, 1
362, 1, 243, 19, 222, 263, 1, 6, 1
363, 1, 241, 19, 223, 267, 1, 6, 1
364, 1, 241, 19, 224, 268, 1, 6, 1
365, 1, 244, 18, 221, 267, 1, 6, 1
366, 1, 248, 18, 217, 263, 1, 6, 1
367, 1, 246, 18, 220, 264, 1, 6, 1
368, 1, 246, 18, 219, 266, 1, 6, 1
369, 1, 247, 18, 218, 262, 1, 6, 1
370, 1, 247, 18, 219, 260, 1, 6, 1
371, 1, 249, 19, 217, 263, 1, 6, 1
372, 1, 247, 19, 219, 264, 1, 6, 1
373, 1, 249, 18, 217, 261, 1, 6, 1
374, 1, 249, 17, 217, 260, 1, 6, 1
375, 1, 250, 18, 215, 263, 1, 6, 1
376, 1, 250, 17, 215, 264, 1, 6, 1
377, 1, 251, 18, 215, 262, 1, 6, 1
378, 1, 250, 18, 215, 260, 1, 6, 1
379, 1, 250, 18, 215, 263, 1, 6, 1
380, 1, 250, 18, 214, 261, 1, 6, 1
381, 1, 252, 18, 214, 261, 1, 6, 1
382, 1, 252, 18, 214, 261, 1, 6, 1
383, 1, 251, 18, 214, 259, 1, 6, 1
384, 1, 252, 18, 215, 259, 1, 6, 1
385, 1, 253, 18, 213, 259, 1, 6, 1
386, 1, 251, 18, 214, 258, 1, 6, 1
387, 1, 253, 18, 214, 257, 1, 6, 1
388, 1, 254, 18, 212, 258, 1, 6, 1
389, 1, 254, 19, 214, 256, 1, 6, 1
390, 1, 254, 18, 214, 257, 1, 6, 1
391, 1, 253, 19, 215, 255, 1, 6, 1
392, 1, 257, 19, 212, 254, 1, 6, 1
393, 1, 257, 19, 211, 254, 1, 6, 1
394, 1, 255, 19, 214, 254, 1, 6, 1
395, 1, 254, 19, 216, 255, 1, 6, 1
396, 1, 259, 19, 211, 254, 1, 6, 1
397, 1, 259, 19, 210, 252, 1, 6, 1
398, 1, 258, 19, 210, 252, 1, 6, 1
399, 1, 257, 19, 212, 254, 1, 6, 1
400, 1, 257, 19, 212, 252, 1, 6, 1
401, 1, 259, 18, 211, 252, 1, 6, 1
402, 1, 259, 18, 211, 252, 1, 6, 1
403, 1, 261, 18, 208, 252, 1, 6, 1
404, 1, 260, 18, 210, 252, 1, 6, 1
405, 1, 262, 19, 207, 247, 1, 6, 1
406, 1, 262, 19, 208, 251, 1, 6, 1
407, 1, 263, 19, 207, 251, 1, 6, 1
408, 1, 263, 20, 206, 250, 1, 6, 1
409, 1, 261, 20, 209, 249, 1, 6, 1
410, 1, 263, 21, 207, 245, 1, 6, 1
411, 1, 262, 21, 208, 247, 1, 6, 1
412, 1, 263, 21, 207, 247, 1, 6, 1
413, 1, 263, 21, 208, 245, 1, 6, 1
414, 1, 266, 22, 205, 244, 1, 6, 1
415, 1, 268, 22, 203, 245, 1, 6, 1
416, 1, 268, 21, 202, 243, 1, 6, 1
417, 1, 270, 22, 200, 244, 1, 6, 1
418, 1, 268, 22, 203, 243, 1, 6, 1
419, 1, 269, 23, 202, 240, 1, 6, 1
420, 1, 268, 22, 202, 242, 1, 6, 1
421, 1, 274, 23, 197, 239, 1, 6, 1
422, 1, 271, 23, 200, 239, 1, 6, 1
423, 1, 272, 23, 199, 239, 1, 6, 1
424, 1, 272, 23, 199, 240, 1, 6, 1
425, 1, 270, 23, 202, 238, 1, 6, 1
426, 1, 272, 22, 200, 239, 1, 6, 1
427, 1, 273, 22, 198, 238, 1, 6, 1
428, 1, 272, 22, 200, 239, 1, 6, 1
429, 1, 277, 23, 196, 238, 1, 6, 1
430, 1, 276, 23, 197, 234, 1, 6, 1
431, 1, 276, 23, 197, 236, 1, 6, 1
432, 1, 273, 23, 201, 237, 1, 6, 1
433, 1, 274, 23, 199, 237, 1, 6, 1
434, 1, 276, 23, 198, 235, 1, 6, 1
435, 1, 275, 23, 199, 235, 1, 6, 1
436, 1, 276, 23, 198, 234, 1, 6, 1
437, 1, 276, 24, 198, 233, 1, 6, 1
438, 1, 275, 25, 199, 231, 1, 6, 1
439, 1, 277, 25, 197, 231, 1, 6, 1
440, 1, 278, 25, 196, 230, 1, 6, 1
441, 1, 278, 25, 195, 230, 1, 6, 1
442, 1, 278, 25, 196, 230, 1, 6, 1
443, 1, 279, 26, 194, 228, 1, 6, 1
444, 1, 279, 26, 194, 228, 1, 6, 1
445, 1, 281, 27, 193, 226, 1, 6, 1
446, 1, 283, 26, 191, 227, 1, 6, 1
447, 1, 283, 26, 192, 226, 1, 6, 1
448, 1, 282, 25, 193, 228, 1, 6, 1
449, 1, 284, 27, 191, 225, 1, 6, 1
450, 1, 283, 26, 192, 226, 1, 6, 1
451, 1, 285, 26, 191, 226, 1, 6, 1
452, 1, 284, 27, 192, 224, 1, 6, 1
453, 1, 285, 27, 190, 225, 1, 6, 1
454, 1, 282, 26, 194, 225, 1, 6, 1
455, 1, 283, 27, 192, 225, 1, 6, 1
456, 1, 281, 27, 195, 224, 1, 6, 1
457, 1, 284, 27, 191, 223, 1, 6, 1
458, 1, 283, 28, 194, 223, 1, 6, 1
459, 1, 283, 28, 194, 223, 1, 6, 1
460, 1, 282, 28, 196, 222, 1, 6, 1
461, 1, 284, 28, 194, 222, 1, 6, 1
462, 1, 282, 28, 195, 222, 1, 6, 1
463, 1, 287, 28, 192, 221, 1, 6, 1
464, 1, 285, 28, 194, 222, 1, 6, 1
465, 1, 288, 29, 189, 219, 1, 6, 1
466, 1, 289, 29, 189, 220, 1, 6, 1
467, 1, 291, 28, 188, 221, 1, 6, 1
468, 1, 287, 28, 193, 220, 1, 6, 1
469, 1, 292, 28, 188, 221, 1, 6, 1
470, 1, 290, 29, 190, 219, 1, 6, 1
471, 1, 288, 28, 191, 220, 1, 6, 1
472, 1, 288, 28, 193, 217, 1, 6, 1
473, 1, 288, 28, 193, 219, 1, 6, 1
474, 1, 288, 28, 192, 220, 1, 6, 1
475, 1, 288, 28, 194, 219, 1, 6, 1
476, 1, 290, 29, 191, 213, 1, 6, 1
477, 1, 289, 29, 193, 217, 1, 6, 1
478, 1, 292, 29, 190, 216, 1, 6, 1
479, 1, 291, 29, 191, 216, 1, 6, 1
480, 1, 291, 29, 191, 216, 1, 6, 1
481, 1, 290, 29, 193, 216, 1, 6, 1
482, 1, 290, 30, 191, 214, 1, 6, 1
483, 1, 294, 28, 188, 215, 1, 6, 1
484, 1, 291, 30, 191, 214, 1, 6, 1
485, 1, 295, 29, 189, 213, 1, 6, 1
486, 1, 294, 30, 189, 213, 1, 6, 1
487, 1, 295, 30, 188, 212, 1, 6, 1
488, 1, 292, 30, 191, 213, 1, 6, 1
489, 1, 296, 30, 188, 210, 1, 6, 1
490, 1, 295, 30, 189, 211, 1, 6, 1
491, 1, 294, 29, 189, 211, 1, 6, 1
492, 1, 295, 30, 190, 210, 1, 6, 1
493, 1, 295, 29, 189, 210, 1, 6, 1
494, 1, 294, 30, 190, 209, 1, 6, 1
495, 1, 295, 29, 188, 207, 1, 6, 1
496, 1, 296, 31, 187, 206, 1, 6, 1
497, 1, 296, 30, 187, 205, 1, 6, 1
498, 1, 297, 30, 187, 205, 1, 6, 1
499, 1, 297, 29, 188, 207, 1, 6, 1
500, 1, 299, 29, 186, 206, 1, 6, 1
501, 1, 299, 29, 186, 206, 1, 6, 1
502, 1, 299, 30, 187, 204, 1, 6, 1
503, 1, 302, 32, 184, 203, 1, 6, 1
504, 1, 302, 32, 183, 202, 1, 6, 1
505, 1, 304, 33, 182, 200, 1, 6, 1
506, 1, 304, 32, 183, 201, 1, 6, 1
507, 1, 300, 30, 186, 203, 1, 6, 1
508, 1, 306, 30, 182, 203, 1, 6, 1
509, 1, 302, 30, 185, 203, 1, 6, 1
510, 1, 303, 30, 185, 201, 1, 6, 1
511, 1, 303, 31, 185, 201, 1, 6, 1
512, 1, 305, 31, 183, 201, 1, 6, 1
513, 1, 306, 30, 183, 202, 1, 6, 1
514, 1, 305, 29, 183, 202, 1, 6, 1
515, 1, 305, 30, 183, 202, 1, 6, 1
516, 1, 306, 30, 182, 201, 1, 6, 1
517, 1, 305, 30, 183, 201, 1, 6, 1
518, 1, 306, 30, 183, 200, 1, 6, 1
519, 1, 308, 31, 181, 198, 1, 6, 1
520, 1, 307, 31, 181, 197, 1, 6, 1
521, 1, 307, 33, 181, 195, 1, 6, 1
522, 1, 309, 33, 179, 195, 1, 6, 1
523, 1, 308, 32, 181, 197, 1, 6, 1
524, 1, 307, 33, 181, 194, 1, 6, 1
525, 1, 310, 33, 179, 195, 1, 6, 1
526, 1, 311, 32, 176, 196, 1, 6, 1
527, 1, 312, 32, 177, 196, 1, 6, 1
528, 1, 313, 32, 175, 196, 1, 6, 1
529, 1, 314, 31, 175, 197, 1, 6, 1
530, 1, 314, 31, 174, 197, 1, 6, 1
531, 1, 314, 31, 176, 197, 1, 6, 1
532, 1, 313, 33, 177, 195, 1, 6, 1
533, 1, 318, 32, 172, 194, 1, 6, 1
534, 1, 317, 34, 174, 193, 1, 6, 1
535, 1, 319, 33, 173, 194, 1, 6, 1
536, 1, 320, 34, 172, 192, 1, 6, 1
537, 1, 321, 37, 171, 189, 1, 6, 1
538, 1, 321, 37, 171, 188, 1, 6, 1
539, 1, 323, 36, 169, 190, 1, 6, 1
540, 1, 323, 35, 170, 191, 1, 6, 1
541, 1, 325, 38, 167, 186, 1, 6, 1
542, 1, 323, 37, 169, 188, 1, 6, 1
543, 1, 323, 32, 169, 193, 1, 6, 1
544, 1, 323, 30, 168, 195, 1, 6, 1
545, 1, 323, 33, 169, 191, 1, 6, 1
546, 1, 325, 34, 166, 190, 1, 6, 1
547, 1, 324, 32, 168, 193, 1, 6, 1
548, 1, 323, 33, 170, 190, 1, 6, 1
549, 1, 324, 32, 168, 192, 1, 6, 1
550, 1, 323, 34, 169, 190, 1, 6, 1
551, 1, 324, 32, 168, 191, 1, 6, 1
552, 1, 325, 32, 167, 191, 1, 6, 1
553, 1, 323, 31, 169, 191, 1, 6, 1
554, 1, 324, 30, 169, 194, 1, 6, 1
555, 1, 324, 31, 168, 191, 1, 6, 1
556, 1, 325, 30, 167, 192, 1, 6, 1
557, 1, 325, 33, 168, 189, 1, 6, 1
558, 1, 325, 34, 168, 189, 1, 6, 1
559, 1, 326, 32, 165, 191, 1, 6, 1
560, 1, 325, 32, 168, 190, 1, 6, 1
561, 1, 326, 34, 167, 187, 1, 6, 1
562, 1, 325, 34, 168, 188, 1, 6, 1
563, 1, 327, 35, 166, 187, 1, 6, 1
564, 1, 327, 35, 166, 187, 1, 6, 1
565, 1, 326, 34, 167, 188, 1, 6, 1
566, 1, 325, 33, 167, 189, 1, 6, 1
567, 1, 326, 35, 168, 186, 1, 6, 1
568, 1, 327, 34, 166, 187, 1, 6, 1
569, 1, 329, 36, 164, 185, 1, 6, 1
570, 1, 328, 38, 166, 182, 1, 6, 1
571, 1, 328, 35, 168, 185, 1, 6, 1
572, 1, 329, 34, 166, 187, 1, 6, 1
573, 1, 328, 35, 168, 185, 1, 6, 1
574, 1, 328, 34, 168, 186, 1, 6, 1
575, 1, 329, 34, 167, 185, 1, 6, 1
576, 1, 329, 34, 166, 186, 1, 6, 1
577, 1, 330, 34, 167, 185, 1, 6, 1
578, 1, 330, 35, 166, 185, 1, 6, 1
579, 1, 330, 37, 166, 182, 1, 6, 1
580, 1, 329, 37, 166, 182, 1, 6, 1
581, 1, 330, 36, 166, 183, 1, 6, 1
582, 1, 329, 40, 166, 178, 1, 6, 1
583, 1, 330, 38, 167, 180, 1, 6, 1
584, 1, 331, 39, 165, 179, 1, 6, 1
585, 1, 330, 38, 165, 179, 1, 6, 1
586, 1, 332, 39, 164, 177, 1, 6, 1
587, 1, 334, 41, 162, 176, 1, 6, 1
588, 1, 333, 41, 164, 176, 1, 6, 1
589, 1, 334, 40, 163, 177, 1, 6, 1
590, 1, 335, 42, 162, 175, 1, 6, 1
591, 1, 334, 41, 163, 176, 1, 6, 1
592, 1, 338, 41, 159, 176, 1, 6, 1
593, 1, 334, 41, 163, 176, 1, 6, 1
594, 1, 334, 42, 163, 174, 1, 6, 1
595, 1, 337, 41, 160, 174, 1, 6, 1
596, 1, 336, 41, 161, 174, 1, 6, 1
597, 1, 338, 42, 158, 173, 1, 6, 1
598, 1, 338, 44, 160, 171, 1, 6, 1
599, 1, 339, 43, 159, 171, 1, 6, 1
600, 1, 341, 43, 157, 172, 1, 6, 1
601, 1, 341, 43, 157, 171, 1, 6, 1
602, 1, 340, 42, 157, 172, 1, 6, 1
603, 1, 342, 43, 156, 170, 1, 6, 1
604, 1, 342, 43, 156, 170, 1, 6, 1
605, 1, 344, 42, 154, 172, 1, 6, 1
606, 1, 344, 42, 155, 171, 1, 6, 1
607, 1, 345, 43, 153, 170, 1, 6, 1
608, 1, 346, 43, 152, 169, 1, 6, 1
609, 1, 345, 44, 154, 169, 1, 6, 1
610, 1, 346, 43, 155, 170, 1, 6, 1
611, 1, 345, 43, 154, 169, 1, 6, 1
612, 1, 346, 42, 152, 170, 1, 6, 1
613, 1, 345, 42, 153, 171, 1, 6, 1
614, 1, 346, 43, 153, 170, 1, 6, 1
615, 1, 345, 42, 154, 171, 1, 6, 1
616, 1, 347, 43, 153, 170, 1, 6, 1
617, 1, 346, 43, 154, 169, 1, 6, 1
618, 1, 346, 43, 154, 169, 1, 6, 1
619, 1, 347, 43, 154, 169, 1, 6, 1
620, 1, 348, 43, 154, 169, 1, 6, 1
621, 1, 347, 44, 153, 168, 1, 6, 1
622, 1, 347, 44, 153, 167, 1, 6, 1
623, 1, 347, 44, 154, 166, 1, 6, 1
624, 1, 348, 45, 152, 166, 1, 6, 1
625, 1, 350, 45, 150, 166, 1, 6, 1
626, 1, 349, 45, 150, 165, 1, 6, 1
627, 1, 348, 44, 152, 167, 1, 6, 1
628, 1, 349, 45, 151, 166, 1, 6, 1
629, 1, 349, 46, 151, 163, 1, 6, 1
630, 1, 352, 46, 148, 163, 1, 6, 1
631, 1, 351, 46, 149, 164, 1, 6, 1
632, 1, 351, 46, 149, 164, 1, 6, 1
633, 1, 353, 46, 148, 165, 1, 6, 1
634, 1, 352, 46, 149, 164, 1, 6, 1
635, 1, 352, 45, 150, 165, 1, 6, 1
636, 1, 352, 46, 150, 165, 1, 6, 1
637, 1, 352, 46, 150, 164, 1, 6, 1
638, 1, 354, 46, 148, 164, 1, 6, 1
639, 1, 355, 46, 147, 163, 1, 6, 1
640, 1, 354, 46, 149, 164, 1, 6, 1
641, 1, 355, 46, 148, 163, 1, 6, 1
642, 1, 356, 47, 148, 158, 1, 6, 1
643, 1, 354, 46, 150, 163, 1, 6, 1
644, 1, 355, 46, 150, 162, 1, 6, 1
645, 1, 357, 47, 148, 161, 1, 6, 1
646, 1, 357, 47, 148, 161, 1, 6, 1
647, 1, 359, 47, 146, 160, 1, 6, 1
648, 1, 360, 47, 145, 160, 1, 6, 1
649, 1, 359, 47, 147, 161, 1, 6, 1
650, 1, 359, 47, 146, 161, 1, 6, 1
651, 1, 362, 47, 144, 161, 1, 6, 1
652, 1, 363, 47, 142, 161, 1, 6, 1
653, 1, 365, 46, 140, 160, 1, 6, 1
654, 1, 363, 46, 143, 161, 1, 6, 1
655, 1, 364, 46, 142, 160, 1, 6, 1
656, 1, 362, 46, 145, 160, 1, 6, 1
657, 1, 365, 46, 142, 160, 1, 6, 1
658, 1, 362, 47, 145, 160, 1, 6, 1
659, 1, 365, 46, 141, 159, 1, 6, 1
660, 1, 364, 46, 142, 160, 1, 6, 1
661, 1, 364, 46, 142, 159, 1, 6, 1
662, 1, 365, 46, 140, 158, 1, 6, 1
663, 1, 366, 46, 139, 158, 1, 6, 1
664, 1, 367, 45, 139, 158, 1, 6, 1
665, 1, 367, 46, 138, 156, 1, 6, 1
666, 1, 366, 46, 138, 155, 1, 6, 1
667, 1, 367, 46, 139, 157, 1, 6, 1
668, 1, 369, 46, 137, 157, 1, 6, 1
669, 1, 369, 46, 137, 157, 1, 6, 1
670, 1, 369, 46, 138, 157, 1, 6, 1
671, 1, 371, 45, 136, 160, 1, 6, 1
672, 1, 371, 46, 137, 158, 1, 6, 1
673, 1, 371, 45, 138, 160, 1, 6, 1
674, 1, 371, 45, 137, 160, 1, 6, 1
675, 1, 371, 44, 137, 161, 1, 6, 1
676, 1, 371, 45, 137, 159, 1, 6, 1
677, 1, 372, 45, 135, 159, 1, 6, 1
678, 1, 372, 45, 135, 158, 1, 6, 1
679, 1, 372, 45, 136, 161, 1, 6, 1
680, 1, 371, 45, 137, 160, 1, 6, 1
681, 1, 373, 44, 136, 160, 1, 6, 1
682, 1, 372, 44, 136, 160, 1, 6, 1
683, 1, 373, 44, 135, 159, 1, 6, 1
684, 1, 372, 45, 137, 158, 1, 6, 1
685, 1, 372, 44, 135, 158, 1, 6, 1
686, 1, 371, 44, 138, 158, 1, 6, 1
687, 1, 372, 44, 137, 159, 1, 6, 1
688, 1, 371, 44, 139, 159, 1, 6, 1
689, 1, 371, 44, 139, 158, 1, 6, 1
690, 1, 372, 44, 138, 157, 1, 6, 1
691, 1, 371, 44, 139, 157, 1, 6, 1
692, 1, 371, 44, 138, 158, 1, 6, 1
693, 1, 371, 44, 137, 156, 1, 6, 1
694, 1, 371, 44, 137, 157, 1, 6, 1
695, 1, 371, 44, 139, 158, 1, 6, 1
696, 1, 371, 44, 137, 158, 1, 6, 1
697, 1, 370, 44, 138, 157, 1, 6, 1
698, 1, 371, 44, 139, 156, 1, 6, 1
699, 1, 371, 44, 138, 156, 1, 6, 1
700, 1, 370, 44, 140, 154, 1, 6, 1
701, 1, 371, 44, 139, 157, 1, 6, 1
702, 1, 372, 44, 138, 156, 1, 6, 1
703, 1, 371, 45, 139, 154, 1, 6, 1
704, 1, 372, 44, 138, 156, 1, 6, 1
705, 1, 376, 44, 134, 155, 1, 6, 1
706, 1, 372, 44, 139, 156, 1, 6, 1
707, 1, 373, 44, 138, 154, 1, 6, 1
708, 1, 374, 44, 136, 153, 1, 6, 1
709, 1, 374, 45, 137, 153, 1, 6, 1
710, 1, 373, 45, 137, 154, 1, 6, 1
711, 1, 373, 45, 137, 154, 1, 6, 1
712, 1, 378, 45, 133, 154, 1, 6, 1
713, 1, 374, 45, 138, 154, 1, 6, 1
714, 1, 376, 45, 136, 153, 1, 6, 1
715, 1, 375, 45, 137, 153, 1, 6, 1
716, 1, 375, 45, 137, 154, 1, 6, 1
717, 1, 375, 45, 137, 154, 1, 6, 1
718, 1, 375, 45, 137, 154, 1, 6, 1
719, 1, 377, 45, 136, 153, 1, 6, 1
720, 1, 377, 45, 135, 153, 1, 6, 1
721, 1, 378, 46, 133, 152, 1, 6, 1
722, 1, 377, 46, 134, 152, 1, 6, 1
723, 1, 378, 46, 133, 151, 1, 6, 1
724, 1, 380, 45, 132, 152, 1, 6, 1
725, 1, 381, 46, 130, 150, 1, 6, 1
726, 1, 380, 46, 131, 151, 1, 6, 1
727, 1, 382, 46, 131, 151, 1, 6, 1
728, 1, 381, 46, 132, 152, 1, 6, 1
729, 1, 382, 46, 130, 150, 1, 6, 1
730, 1, 382, 46, 129, 148, 1, 6, 1
731, 1, 382, 46, 130, 150, 1, 6, 1
732, 1, 382, 45, 130, 151, 1, 6, 1
733, 1, 383, 46, 129, 149, 1, 6, 1
734, 1, 384, 45, 128, 151, 1, 6, 1
735, 1, 384, 45, 127, 150, 1, 6, 1
736, 1, 384, 45, 127, 149, 1, 6, 1
737, 1, 384, 45, 127, 151, 1, 6, 1
738, 1, 384, 45, 127, 151, 1, 6, 1
739, 1, 385, 45, 126, 150, 1, 6, 1
740, 1, 384, 45, 127, 149, 1, 6, 1
741, 1, 385, 45, 126, 149, 1, 6, 1
742, 1, 386, 45, 125, 149, 1, 6, 1
743, 1, 386, 45, 124, 148, 1, 6, 1
744, 1, 386, 45, 123, 147, 1, 6, 1
745, 1, 388, 45, 123, 149, 1, 6, 1
746, 1, 388, 45, 123, 150, 1, 6, 1
747, 1, 386, 45, 124, 148, 1, 6, 1
748, 1, 387, 45, 123, 148, 1, 6, 1
749, 1, 387, 45, 122, 149, 1, 6, 1
750, 1, 387, 45, 123, 147, 1, 6, 1
751, 1, 388, 45, 123, 148, 1, 6, 1
752, 1, 388, 45, 123, 147, 1, 6, 1
753, 1, 389, 45, 119, 147, 1, 6, 1
754, 1, 389, 45, 121, 147, 1, 6, 1
755, 1, 388, 45, 122, 147, 1, 6, 1
756, 1, 389, 45, 119, 147, 1, 6, 1
757, 1, 389, 46, 120, 145, 1, 6, 1
758, 1, 389, 46, 120, 145, 1, 6, 1
759, 1, 389, 45, 121, 147, 1, 6, 1
760, 1, 389, 45, 121, 146, 1, 6, 1
761, 1, 390, 45, 119, 147, 1, 6, 1
762, 1, 389, 45, 120, 146, 1, 6, 1
763, 1, 390, 45, 119, 148, 1, 6, 1
764, 1, 390, 45, 119, 147, 1, 6, 1
765, 1, 390, 45, 120, 148, 1, 6, 1
766, 1, 390, 45, 118, 148, 1, 6, 1
767, 1, 390, 45, 120, 146, 1, 6, 1
768, 1, 391, 45, 118, 146, 1, 6, 1
769, 1, 391, 45, 118, 146, 1, 6, 1
770, 1, 391, 45, 118, 146, 1, 6, 1
771, 1, 390, 45, 120, 145, 1, 6, 1
772, 1, 390, 45, 120, 145, 1, 6, 1
773, 1, 390, 45, 120, 144, 1, 6, 1
774, 1, 393, 45, 117, 145, 1, 6, 1
775, 1, 392, 45, 118, 144, 1, 6, 1
776, 1, 391, 45, 119, 145, 1, 6, 1
777, 1, 391, 45, 119, 144, 1, 6, 1
778, 1, 391, 45, 119, 145, 1, 6, 1
779, 1, 392, 45, 118, 144, 1, 6, 1
780, 1, 391, 45, 119, 145, 1, 6, 1
781, 1, 391, 45, 118, 146, 1, 6, 1
782, 1, 391, 45, 119, 146, 1, 6, 1
783, 1, 392, 45, 118, 146, 1, 6, 1
784, 1, 391, 45, 118, 145, 1, 6, 1
785, 1, 392, 45, 116, 145, 1, 6, 1
786, 1, 391, 45, 117, 144, 1, 6, 1
787, 1, 391, 45, 119, 145, 1, 6, 1
788, 1, 392, 45, 118, 146, 1, 6, 1
789, 1, 391, 45, 118, 146, 1, 6, 1
790, 1, 391, 45, 118, 145, 1, 6, 1
791, 1, 391, 45, 119, 146, 1, 6, 1
792, 1, 393, 45, 116, 146, 1, 6, 1
793, 1, 392, 45, 117, 146, 1, 6, 1
794, 1, 392, 45, 118, 144, 1, 6, 1
795, 1, 392, 45, 118, 143, 1, 6, 1
796, 1, 391, 45, 120, 143, 1, 6, 1
797, 1, 393, 45, 116, 143, 1, 6, 1
798, 1, 392, 45, 118, 143, 1, 6, 1
799, 1, 392, 45, 118, 144, 1, 6, 1
800, 1, 394, 45, 116, 143, 1, 6, 1
1, 2, 1184, 33, 583, 635, 1, 6, 1
2, 2, 1183, 33, 585, 635, 1, 6, 1
3, 2, 1184, 33, 583, 635, 1, 6, 1
4, 2, 1184, 33, 583, 636, 1, 6, 1
5, 2, 1184, 33, 583, 635, 1, 6, 1
6, 2, 1183, 33, 585, 635, 1, 6, 1
7, 2, 1183, 33, 585, 636, 1, 6, 1
8, 2, 1184, 33, 584, 636, 1, 6, 1
9, 2, 1185, 33, 582, 635, 1, 6, 1
10, 2, 1184, 33, 583, 636, 1, 6, 1
11, 2, 1183, 33, 584, 635, 1, 6, 1
12, 2, 1184, 33, 584, 635, 1, 6, 1
13, 2, 1184, 34, 583, 634, 1, 6, 1
14, 2, 1183, 34, 584, 635, 1, 6, 1
15, 2, 1184, 33, 583, 635, 1, 6, 1
16, 2, 1183, 33, 584, 635, 1, 6, 1
17, 2, 1184, 33, 584, 635, 1, 6, 1
18, 2, 1184, 33, 584, 636, 1, 6, 1
19, 2, 1184, 34, 583, 634, 1, 6, 1
20, 2, 1183, 34, 585, 634, 1, 6, 1
21, 2, 1184, 33, 582, 636, 1, 6, 1
22, 2, 1184, 33, 582, 636, 1, 6, 1
23, 2, 1184, 33, 582, 635, 1, 6, 1
24, 2, 1183, 33, 583, 635, 1, 6, 1
25, 2, 1183, 33, 584, 635, 1, 6, 1
26, 2, 1183, 33, 585, 636, 1, 6, 1
27, 2, 1183, 33, 583, 635, 1, 6, 1
28, 2, 1183, 33, 583, 636, 1, 6, 1
29, 2, 1185, 34, 583, 634, 1, 6, 1
30, 2, 1183, 34, 585, 634, 1, 6, 1
31, 2, 1185, 33, 583, 635, 1, 6, 1
32, 2, 1185, 33, 583, 635, 1, 6, 1
33, 2, 1184, 34, 584, 635, 1, 6, 1
34, 2, 1184, 34, 582, 634, 1, 6, 1
35, 2, 1183, 34, 585, 634, 1, 6, 1
36, 2, 1185, 33, 582, 635, 1, 6, 1
37, 2, 1185, 33, 583, 635, 1, 6, 1
38, 2, 1183, 34, 584, 634, 1, 6, 1
39, 2, 1184, 34, 583, 634, 1, 6, 1
40, 2, 1185, 34, 582, 635, 1, 6, 1
41, 2, 1183, 33, 584, 635, 1, 6, 1
42, 2, 1183, 34, 584, 634, 1, 6, 1
43, 2, 1185, 33, 583, 636, 1, 6, 1
44, 2, 1185, 33, 583, 635, 1, 6, 1
45, 2, 1184, 33, 583, 635, 1, 6, 1
46, 2, 1183, 33, 584, 635, 1, 6, 1
47, 2, 1183, 33, 584, 635, 1, 6, 1
48, 2, 1185, 33, 582, 636, 1, 6, 1
49, 2, 1183, 33, 584, 635, 1, 6, 1
50, 2, 1183, 33, 584, 635, 1, 6, 1
51, 2, 1184, 33, 583, 635, 1, 6, 1
52, 2, 1184, 33, 583, 635, 1, 6, 1
53, 2, 1183, 34, 584, 634, 1, 6, 1
54, 2, 1184, 34, 583, 634, 1, 6, 1
55, 2, 1185, 34, 583, 634, 1, 6, 1
56, 2, 1183, 34, 585, 635, 1, 6, 1
57, 2, 1184, 34, 584, 634, 1, 6, 1
58, 2, 1183, 34, 584, 634, 1, 6, 1
59, 2, 1183, 34, 585, 635, 1, 6, 1
60, 2, 1184, 34, 584, 634, 1, 6, 1
61, 2, 1184, 34, 583, 634, 1, 6, 1
62, 2, 1184, 34, 583, 634, 1, 6, 1
63, 2, 1184, 34, 583, 635, 1, 6, 1
64, 2, 1183, 34, 584, 634, 1, 6, 1
65, 2, 1184, 34, 583, 634, 1, 6, 1
66, 2, 1183, 34, 585, 635, 1, 6, 1
67, 2, 1183, 34, 584, 634, 1, 6, 1
68, 2, 1184, 34, 582, 634, 1, 6, 1
69, 2, 1183, 34, 584, 634, 1, 6, 1
70, 2, 1183, 34, 585, 634, 1, 6, 1
71, 2, 1184, 33, 583, 635, 1, 6, 1
72, 2, 1183, 33, 583, 635, 1, 6, 1
73, 2, 1184, 33, 584, 635, 1, 6, 1
74, 2, 1183, 33, 583, 635, 1, 6, 1
75, 2, 1184, 33, 583, 636, 1, 6, 1
76, 2, 1185, 33, 582, 636, 1, 6, 1
77, 2, 1183, 33, 585, 635, 1, 6, 1
78, 2, 1183, 33, 584, 635, 1, 6, 1
79, 2, 1184, 33, 583, 636, 1, 6, 1
80, 2, 1184, 33, 583, 636, 1, 6, 1
81, 2, 1184, 33, 583, 636, 1, 6, 1
82, 2, 1184, 33, 583, 635, 1, 6, 1
83, 2, 1184, 33, 584, 636, 1, 6, 1
84, 2, 1184, 33, 583, 635, 1, 6, 1
85, 2, 1184, 33, 582, 635, 1, 6, 1
86, 2, 1184, 33, 584, 635, 1, 6, 1
87, 2, 1185, 33, 584, 635, 1, 6, 1
88, 2, 1184, 33, 583, 636, 1, 6, 1
89, 2, 1185, 33, 583, 636, 1, 6, 1
90, 2, 1184, 33, 584, 636, 1, 6, 1
91, 2, 1184, 33, 584, 636, 1, 6, 1
92, 2, 1183, 34, 584, 634, 1, 6, 1
93, 2, 1183, 33, 584, 635, 1, 6, 1
94, 2, 1183, 33, 585, 636, 1, 6, 1
95, 2, 1184, 33, 583, 635, 1, 6, 1
96, 2, 1184, 34, 583, 635, 1, 6, 1
97, 2, 1184, 33, 583, 635, 1, 6, 1
98, 2, 1183, 33, 584, 636, 1, 6, 1
99, 2, 1184, 34, 583, 635, 1, 6, 1
100, 2, 1183, 33, 584, 635, 1, 6, 1
101, 2, 1183, 34, 584, 634, 1, 6, 1
102, 2, 1183, 34, 584, 634, 1, 6, 1
103, 2, 1184, 33, 583, 636, 1, 6, 1
104, 2, 1184, 33, 584, 635, 1, 6, 1
105, 2, 1183, 33, 584, 635, 1, 6, 1
106, 2, 1184, 34, 583, 635, 1, 6, 1
107, 2, 1184, 33, 583, 635, 1, 6, 1
108, 2, 1184, 34, 584, 635, 1, 6, 1
109, 2, 1183, 33, 584, 635, 1, 6, 1
110, 2, 1183, 33, 584, 635, 1, 6, 1
111, 2, 1184, 34, 583, 635, 1, 6, 1
112, 2, 1184, 33, 583, 635, 1, 6, 1
113, 2, 1184, 34, 583, 635, 1, 6, 1
114, 2, 1184, 33, 583, 636, 1, 6, 1
115, 2, 1184, 33, 584, 636, 1, 6, 1
116, 2, 1184, 33, 583, 637, 1, 6, 1
117, 2, 1184, 33, 583, 636, 1, 6, 1
118, 2, 1183, 33, 584, 636, 1, 6, 1
119, 2, 1184, 34, 584, 635, 1, 6, 1
120, 2, 1183, 33, 584, 636, 1, 6, 1
121, 2, 1184, 34, 583, 635, 1, 6, 1
122, 2, 1183, 33, 584, 637, 1, 6, 1
123, 2, 1184, 33, 583, 637, 1, 6, 1
124, 2, 1184, 33, 582, 636, 1, 6, 1
125, 2, 1183, 34, 585, 635, 1, 6, 1
126, 2, 1184, 33, 583, 635, 1, 6, 1
127, 2, 1183, 33, 584, 637, 1, 6, 1
128, 2, 1184, 33, 584, 636, 1, 6, 1
129, 2, 1184, 34, 584, 635, 1, 6, 1
130, 2, 1184, 34, 583, 634, 1, 6, 1
131, 2, 1184, 34, 583, 635, 1, 6, 1
132, 2, 1184, 34, 583, 635, 1, 6, 1
133, 2, 1184, 34, 583, 634, 1, 6, 1
134, 2, 1183, 33, 583, 635, 1, 6, 1
135, 2, 1184, 34, 583, 635, 1, 6, 1
136, 2, 1184, 34, 583, 634, 1, 6, 1
137, 2, 1185, 34, 582, 634, 1, 6, 1
138, 2, 1183, 34, 583, 634, 1, 6, 1
139, 2, 1183, 34, 584, 634, 1, 6, 1
140, 2, 1185, 34, 583, 634, 1, 6, 1
141, 2, 1184, 33, 583, 636, 1, 6, 1
142, 2, 1184, 33, 583, 636, 1, 6, 1
143, 2, 1183, 33, 585, 636, 1, 6, 1
144, 2, 1184, 33, 582, 636, 1, 6, 1
145, 2, 1184, 33, 583, 636, 1, 6, 1
146, 2, 1184, 33, 584, 635, 1, 6, 1
147, 2, 1185, 33, 583, 635, 1, 6, 1
148, 2, 1184, 33, 584, 636, 1, 6, 1
149, 2, 1183, 33, 584, 635, 1, 6, 1
150, 2, 1184, 33, 583, 635, 1, 6, 1
151, 2, 1185, 34, 582, 634, 1, 6, 1
152, 2, 1184, 33, 584, 635, 1, 6, 1
153, 2, 1184, 34, 583, 634, 1, 6, 1
154, 2, 1184, 34, 583, 635, 1, 6, 1
155, 2, 1184, 34, 583, 634, 1, 6, 1
156, 2, 1183, 34, 584, 635, 1, 6, 1
157, 2, 1183, 34, 583, 635, 1, 6, 1
158, 2, 1184, 34, 582, 635, 1, 6, 1
159, 2, 1185, 34, 582, 634, 1, 6, 1
160, 2, 1184, 34, 583, 635, 1, 6, 1
161, 2, 1183, 34, 584, 634, 1, 6, 1
162, 2, 1184, 34, 584, 635, 1, 6, 1
163, 2, 1184, 34, 583, 634, 1, 6, 1
164, 2, 1183, 34, 584, 634, 1, 6, 1
165, 2, 1183, 34, 584, 634, 1, 6, 1
166, 2, 1184, 33, 583, 636, 1, 6, 1
167, 2, 1185, 34, 582, 634, 1, 6, 1
168, 2, 1185, 34, 583, 635, 1, 6, 1
169, 2, 1184, 34, 584, 634, 1, 6, 1
170, 2, 1184, 34, 584, 635, 1, 6, 1
171, 2, 1186, 33, 581, 635, 1, 6, 1
172, 2, 1186, 34, 582, 634, 1, 6, 1
173, 2, 1186, 34, 581, 634, 1, 6, 1
174, 2, 1185, 33, 582, 635, 1, 6, 1
175, 2, 1186, 33, 581, 636, 1, 6, 1
176, 2, 1184, 33, 584, 635, 1, 6, 1
177, 2, 1184, 33, 584, 635, 1, 6, 1
178, 2, 1186, 33, 580, 635, 1, 6, 1
179, 2, 1186, 33, 582, 635, 1, 6, 1
180, 2, 1185, 34, 582, 635, 1, 6, 1
181, 2, 1185, 33, 582, 636, 1, 6, 1
182, 2, 1186, 33, 582, 635, 1, 6, 1
183, 2, 1184, 33, 583, 636, 1, 6, 1
184, 2, 1186, 33, 582, 636, 1, 6, 1
185, 2, 1185, 33, 583, 635, 1, 6, 1
186, 2, 1186, 33, 580, 635, 1, 6, 1
187, 2, 1184, 33, 584, 635, 1, 6, 1
188, 2, 1185, 33, 582, 635, 1, 6, 1
189, 2, 1184, 33, 584, 635, 1, 6, 1
190, 2, 1186, 33, 580, 635, 1, 6, 1
191, 2, 1185, 33, 581, 635, 1, 6, 1
192, 2, 1184, 33, 582, 635, 1, 6, 1
193, 2, 1184, 33, 582, 635, 1, 6, 1
194, 2, 1185, 33, 581, 635, 1, 6, 1
195, 2, 1185, 33, 581, 635, 1, 6, 1
196, 2, 1185, 33, 581, 636, 1, 6, 1
197, 2, 1185, 33, 582, 635, 1, 6, 1
198, 2, 1184, 33, 583, 635, 1, 6, 1
199, 2, 1186, 34, 580, 634, 1, 6, 1
200, 2, 1184, 33, 582, 635, 1, 6, 1
201, 2, 1184, 33, 583, 636, 1, 6, 1
202, 2, 1186, 34, 582, 635, 1, 6, 1
203, 2, 1185, 33, 583, 636, 1, 6, 1
204, 2, 1186, 34, 581, 634, 1, 6, 1
205, 2, 1184, 33, 584, 635, 1, 6, 1
206, 2, 1185, 34, 582, 635, 1, 6, 1
207, 2, 1185, 33, 582, 636, 1, 6, 1
208, 2, 1185, 34, 582, 634, 1, 6, 1
209, 2, 1185, 33, 582, 635, 1, 6, 1
210, 2, 1185, 33, 583, 635, 1, 6, 1
211, 2, 1184, 34, 583, 634, 1, 6, 1
212, 2, 1185, 34, 582, 635, 1, 6, 1
213, 2, 1185, 33, 583, 636, 1, 6, 1
214, 2, 1185, 33, 583, 636, 1, 6, 1
215, 2, 1185, 34, 583, 635, 1, 6, 1
216, 2, 1184, 33, 583, 635, 1, 6, 1
217, 2, 1183, 33, 584, 636, 1, 6, 1
218, 2, 1183, 33, 584, 635, 1, 6, 1
219, 2, 1183, 33, 584, 635, 1, 6, 1
220, 2, 1185, 34, 582, 634, 1, 6, 1
221, 2, 1183, 33, 584, 635, 1, 6, 1
222, 2, 1184, 34, 583, 634, 1, 6, 1
223, 2, 1184, 33, 583, 635, 1, 6, 1
224, 2, 1185, 33, 582, 636, 1, 6, 1
225, 2, 1184, 33, 583, 635, 1, 6, 1
226, 2, 1184, 33, 583, 635, 1, 6, 1
227, 2, 1184, 34, 583, 634, 1, 6, 1
228, 2, 1185, 34, 581, 634, 1, 6, 1
229, 2, 1186, 34, 581, 635, 1, 6, 1
230, 2, 1185, 34, 583, 634, 1, 6, 1
231, 2, 1185, 34, 582, 635, 1, 6, 1
232, 2, 1184, 34, 583, 635, 1, 6, 1
233, 2, 1186, 34, 581, 634, 1, 6, 1
234, 2, 1184, 33, 583, 635, 1, 6, 1
235, 2, 1186, 34, 583, 634, 1, 6, 1
236, 2, 1185, 34, 581, 634, 1, 6, 1
237, 2, 1184, 34, 584, 634, 1, 6, 1
238, 2, 1184, 34, 583, 635, 1, 6, 1
239, 2, 1184, 34, 583, 634, 1, 6, 1
240, 2, 1184, 34, 584, 634, 1, 6, 1
241, 2, 1186, 34, 582, 635, 1, 6, 1
242, 2, 1186, 33, 580, 635, 1, 6, 1
243, 2, 1184, 34, 583, 635, 1, 6, 1
244, 2, 1185, 34, 583, 634, 1, 6, 1
245, 2, 1184, 34, 583, 634, 1, 6, 1
246, 2, 1186, 34, 581, 635, 1, 6, 1
247, 2, 1184, 34, 583, 634, 1, 6, 1
248, 2, 1185, 33, 583, 636, 1, 6, 1
249, 2, 1185, 34, 582, 635, 1, 6, 1
250, 2, 1185, 33, 582, 636, 1, 6, 1
251, 2, 1184, 33, 583, 636, 1, 6, 1
252, 2, 1184, 34, 583, 634, 1, 6, 1
253, 2, 1184, 34, 583, 635, 1, 6, 1
254, 2, 1185, 33, 582, 636, 1, 6, 1
255, 2, 1184, 34, 583, 635, 1, 6, 1
256, 2, 1184, 33, 583, 635, 1, 6, 1
257, 2, 1184, 34, 583, 635, 1, 6, 1
258, 2, 1185, 34, 582, 635, 1, 6, 1
259, 2, 1185, 33, 582, 635, 1, 6, 1
260, 2, 1184, 34, 583, 634, 1, 6, 1
261, 2, 1184, 33, 584, 635, 1, 6, 1
262, 2, 1185, 33, 582, 636, 1, 6, 1
263, 2, 1183, 33, 584, 635, 1, 6, 1
264, 2, 1183, 33, 584, 636, 1, 6, 1
265, 2, 1184, 34, 584, 634, 1, 6, 1
266, 2, 1184, 33, 583, 636, 1, 6, 1
267, 2, 1185, 34, 582, 635, 1, 6, 1
268, 2, 1184, 34, 583, 634, 1, 6, 1
269, 2, 1185, 34, 582, 634, 1, 6, 1
270, 2, 1185, 33, 582, 636, 1, 6, 1
271, 2, 1184, 34, 583, 634, 1, 6, 1
272, 2, 1184, 33, 584, 635, 1, 6, 1
273, 2, 1183, 34, 584, 635, 1, 6, 1
274, 2, 1184, 34, 583, 634, 1, 6, 1
275, 2, 1183, 34, 584, 634, 1, 6, 1
276, 2, 1185, 34, 582, 634, 1, 6, 1
277, 2, 1184, 34, 583, 634, 1, 6, 1
278, 2, 1184, 34, 583, 634, 1, 6, 1
279, 2, 1185, 34, 582, 634, 1, 6, 1
280, 2, 1185, 34, 583, 635, 1, 6, 1
281, 2, 1185, 34, 582, 634, 1, 6, 1
282, 2, 1183, 34, 584, 634, 1, 6, 1
283, 2, 1184, 34, 583, 635, 1, 6, 1
284, 2, 1184, 34, 583, 634, 1, 6, 1
285, 2, 1183, 34, 584, 634, 1, 6, 1
286, 2, 1184, 33, 583, 635, 1, 6, 1
287, 2, 1184, 34, 583, 634, 1, 6, 1
288, 2, 1184, 34, 584, 634, 1, 6, 1
289, 2, 1184, 34, 583, 634, 1, 6, 1
290, 2, 1184, 33, 584, 635, 1, 6, 1
291, 2, 1183, 34, 584, 634, 1, 6, 1
292, 2, 1184, 33, 583, 635, 1, 6, 1
293, 2, 1183, 34, 585, 634, 1, 6, 1
294, 2, 1184, 33, 583, 635, 1, 6, 1
295, 2, 1184, 34, 584, 635, 1, 6, 1
296, 2, 1183, 34, 585, 634, 1, 6, 1
297, 2, 1184, 33, 583, 636, 1, 6, 1
298, 2, 1184, 33, 583, 636, 1, 6, 1
299, 2, 1183, 33, 584, 635, 1, 6, 1
300, 2, 1184, 34, 583, 634, 1, 6, 1
301, 2, 1183, 34, 584, 634, 1, 6, 1
302, 2, 1184, 34, 583, 634, 1, 6, 1
303, 2, 1184, 33, 584, 635, 1, 6, 1
304, 2, 1183, 33, 584, 635, 1, 6, 1
305, 2, 1184, 34, 584, 634, 1, 6, 1
306, 2, 1183, 34, 584, 634, 1, 6, 1
307, 2, 1184, 34, 583, 634, 1, 6, 1
308, 2, 1184, 34, 584, 634, 1, 6, 1
309, 2, 1183, 34, 585, 634, 1, 6, 1
310, 2, 1183, 34, 584, 634, 1, 6, 1
311, 2, 1184, 34, 583, 634, 1, 6, 1
312, 2, 1184, 34, 583, 634, 1, 6, 1
313, 2, 1185, 34, 582, 634, 1, 6, 1
314, 2, 1185, 34, 583, 635, 1, 6, 1
315, 2, 1184, 34, 583, 634, 1, 6, 1
316, 2, 1184, 33, 583, 635, 1, 6, 1
317, 2, 1184, 34, 584, 634, 1, 6, 1
318, 2, 1184, 34, 582, 634, 1, 6, 1
319, 2, 1183, 34, 585, 634, 1, 6, 1
320, 2, 1183, 34, 584, 634, 1, 6, 1
321, 2, 1183, 33, 584, 636, 1, 6, 1
322, 2, 1183, 33, 583, 636, 1, 6, 1
323, 2, 1184, 33, 584, 635, 1, 6, 1
324, 2, 1184, 33, 584, 635, 1, 6, 1
325, 2, 1183, 33, 584, 636, 1, 6, 1
326, 2, 1184, 33, 582, 635, 1, 6, 1
327, 2, 1184, 34, 582, 635, 1, 6, 1
328, 2, 1184, 34, 583, 634, 1, 6, 1
329, 2, 1184, 33, 582, 635, 1, 6, 1
330, 2, 1184, 33, 582, 635, 1, 6, 1
331, 2, 1183, 34, 583, 635, 1, 6, 1
332, 2, 1183, 34, 584, 634, 1, 6, 1
333, 2, 1183, 33, 584, 635, 1, 6, 1
334, 2, 1184, 34, 584, 634, 1, 6, 1
335, 2, 1184, 34, 581, 634, 1, 6, 1
336, 2, 1183, 34, 583, 634, 1, 6, 1
337, 2, 1183, 34, 583, 634, 1, 6, 1
338, 2, 1183, 34, 582, 634, 1, 6, 1
339, 2, 1184, 34, 581, 634, 1, 6, 1
340, 2, 1184, 34, 582, 635, 1, 6, 1
341, 2, 1183, 34, 584, 634, 1, 6, 1
342, 2, 1184, 34, 582, 634, 1, 6, 1
343, 2, 1183, 34, 584, 634, 1, 6, 1
344, 2, 1184, 33, 582, 635, 1, 6, 1
345, 2, 1184, 34, 584, 634, 1, 6, 1
346, 2, 1184, 33, 582, 635, 1, 6, 1
347, 2, 1183, 33, 584, 635, 1, 6, 1
348, 2, 1184, 33, 582, 635, 1, 6, 1
349, 2, 1184, 33, 583, 636, 1, 6, 1
350, 2, 1184, 33, 583, 635, 1, 6, 1
351, 2, 1184, 34, 583, 634, 1, 6, 1
352, 2, 1184, 34, 584, 635, 1, 6, 1
353, 2, 1184, 34, 583, 634, 1, 6, 1
354, 2, 1184, 33, 581, 635, 1, 6, 1
355, 2, 1184, 34, 583, 634, 1, 6, 1
356, 2, 1183, 34, 584, 634, 1, 6, 1
357, 2, 1184, 34, 582, 635, 1, 6, 1
358, 2, 1183, 34, 583, 635, 1, 6, 1
359, 2, 1184, 34, 582, 634, 1, 6, 1
360, 2, 1183, 33, 582, 635, 1, 6, 1
361, 2, 1184, 34, 582, 634, 1, 6, 1
362, 2, 1183, 33, 583, 635, 1, 6, 1
363, 2, 1184, 34, 582, 635, 1, 6, 1
364, 2, 1184, 34, 582, 634, 1, 6, 1
365, 2, 1184, 34, 583, 634, 1, 6, 1
366, 2, 1184, 33, 583, 636, 1, 6, 1
367, 2, 1183, 33, 585, 635, 1, 6, 1
368, 2, 1184, 34, 583, 634, 1, 6, 1
369, 2, 1184, 34, 583, 635, 1, 6, 1
370, 2, 1183, 34, 582, 634, 1, 6, 1
371, 2, 1184, 33, 583, 635, 1, 6, 1
372, 2, 1183, 33, 584, 636, 1, 6, 1
373, 2, 1183, 33, 585, 635, 1, 6, 1
374, 2, 1184, 33, 584, 635, 1, 6, 1
375, 2, 1184, 33, 583, 635, 1, 6, 1
376, 2, 1183, 33, 584, 635, 1, 6, 1
377, 2, 1184, 33, 583, 636, 1, 6, 1
378, 2, 1184, 33, 583, 635, 1, 6, 1
379, 2, 1183, 33, 585, 636, 1, 6, 1
380, 2, 1184, 33, 584, 635, 1, 6, 1
381, 2, 1184, 33, 584, 635, 1, 6, 1
382, 2, 1184, 33, 584, 635, 1, 6, 1
383, 2, 1184, 33, 582, 635, 1, 6, 1
384, 2, 1185, 33, 583, 635, 1, 6, 1
385, 2, 1183, 33, 583, 636, 1, 6, 1
386, 2, 1184, 33, 583, 635, 1, 6, 1
387, 2, 1184, 33, 582, 635, 1, 6, 1
388, 2, 1184, 33, 583, 636, 1, 6, 1
389, 2, 1183, 33, 583, 635, 1, 6, 1
390, 2, 1185, 34, 582, 634, 1, 6, 1
391, 2, 1183, 33, 584, 636, 1, 6, 1
392, 2, 1184, 33, 584, 635, 1, 6, 1
393, 2, 1183, 33, 583, 635, 1, 6, 1
394, 2, 1184, 33, 583, 635, 1, 6, 1
395, 2, 1183, 33, 584, 635, 1, 6, 1
396, 2, 1185, 34, 582, 635, 1, 6, 1
397, 2, 1183, 33, 584, 635, 1, 6, 1
398, 2, 1185, 33, 583, 636, 1, 6, 1
399, 2, 1185, 33, 582, 635, 1, 6, 1
400, 2, 1185, 33, 582, 635, 1, 6, 1
401, 2, 1185, 34, 582, 635, 1, 6, 1
402, 2, 1184, 34, 582, 634, 1, 6, 1
403, 2, 1184, 34, 583, 634, 1, 6, 1
404, 2, 1183, 33, 585, 635, 1, 6, 1
405, 2, 1184, 34, 584, 634, 1, 6, 1
406, 2, 1183, 33, 584, 635, 1, 6, 1
407, 2, 1183, 33, 584, 635, 1, 6, 1
408, 2, 1185, 34, 581, 635, 1, 6, 1
409, 2, 1184, 34, 583, 635, 1, 6, 1
410, 2, 1184, 34, 581, 634, 1, 6, 1
411, 2, 1185, 34, 581, 634, 1, 6, 1
412, 2, 1184, 34, 582, 635, 1, 6, 1
413, 2, 1184, 34, 583, 635, 1, 6, 1
414, 2, 1184, 34, 582, 635, 1, 6, 1
415, 2, 1185, 34, 582, 635, 1, 6, 1
416, 2, 1183, 34, 583, 634, 1, 6, 1
417, 2, 1183, 34, 583, 635, 1, 6, 1
418, 2, 1184, 34, 583, 634, 1, 6, 1
419, 2, 1184, 34, 582, 634, 1, 6, 1
420, 2, 1183, 34, 584, 634, 1, 6, 1
421, 2, 1184, 33, 583, 636, 1, 6, 1
422, 2, 1183, 33, 584, 635, 1, 6, 1
423, 2, 1184, 33, 584, 635, 1, 6, 1
424, 2, 1184, 34, 584, 634, 1, 6, 1
425, 2, 1184, 33, 584, 635, 1, 6, 1
426, 2, 1184, 33, 583, 635, 1, 6, 1
427, 2, 1184, 33, 583, 636, 1, 6, 1
428, 2, 1185, 33, 581, 635, 1, 6, 1
429, 2, 1184, 33, 583, 635, 1, 6, 1
430, 2, 1183, 33, 583, 635, 1, 6, 1
431, 2, 1183, 33, 584, 635, 1, 6, 1
432, 2, 1184, 33, 582, 635, 1, 6, 1
433, 2, 1185, 33, 582, 635, 1, 6, 1
434, 2, 1184, 33, 583, 636, 1, 6, 1
435, 2, 1184, 33, 583, 636, 1, 6, 1
436, 2, 1184, 33, 584, 636, 1, 6, 1
437, 2, 1183, 33, 585, 635, 1, 6, 1
438, 2, 1184, 33, 583, 635, 1, 6, 1
439, 2, 1184, 34, 584, 634, 1, 6, 1
440, 2, 1184, 34, 584, 634, 1, 6, 1
441, 2, 1183, 33, 585, 635, 1, 6, 1
442, 2, 1184, 33, 584, 635, 1, 6, 1
443, 2, 1184, 33, 583, 635, 1, 6, 1
444, 2, 1184, 33, 583, 635, 1, 6, 1
445, 2, 1184, 33, 583, 635, 1, 6, 1
446, 2, 1184, 34, 583, 635, 1, 6, 1
447, 2, 1184, 33, 583, 635, 1, 6, 1
448, 2, 1184, 33, 584, 635, 1, 6, 1
449, 2, 1183, 33, 585, 635, 1, 6, 1
450, 2, 1184, 33, 583, 635, 1, 6, 1
451, 2, 1183, 33, 585, 635, 1, 6, 1
452, 2, 1184, 33, 583, 636, 1, 6, 1
453, 2, 1184, 33, 583, 635, 1, 6, 1
454, 2, 1183, 33, 585, 635, 1, 6, 1
455, 2, 1184, 33, 583, 635, 1, 6, 1
456, 2, 1184, 33, 583, 635, 1, 6, 1
457, 2, 1184, 33, 582, 636, 1, 6, 1
458, 2, 1184, 33, 582, 636, 1, 6, 1
459, 2, 1183, 33, 584, 635, 1, 6, 1
460, 2, 1183, 33, 585, 635, 1, 6, 1
461, 2, 1183, 33, 583, 635, 1, 6, 1
462, 2, 1183, 33, 584, 635, 1, 6, 1
463, 2, 1184, 33, 583, 635, 1, 6, 1
464, 2, 1184, 33, 583, 635, 1, 6, 1
465, 2, 1184, 33, 582, 635, 1, 6, 1
466, 2, 1184, 33, 582, 636, 1, 6, 1
467, 2, 1184, 33, 582, 635, 1, 6, 1
468, 2, 1184, 33, 583, 635, 1, 6, 1
469, 2, 1184, 33, 583, 636, 1, 6, 1
470, 2, 1184, 33, 582, 636, 1, 6, 1
471, 2, 1185, 34, 582, 634, 1, 6, 1
472, 2, 1184, 34, 583, 635, 1, 6, 1
473, 2, 1184, 34, 583, 634, 1, 6, 1
474, 2, 1184, 34, 582, 634, 1, 6, 1
475, 2, 1184, 34, 583, 635, 1, 6, 1
476, 2, 1184, 33, 583, 635, 1, 6, 1
477, 2, 1184, 34, 583, 634, 1, 6, 1
478, 2, 1184, 34, 583, 635, 1, 6, 1
479, 2, 1184, 33, 583, 636, 1, 6, 1
480, 2, 1184, 33, 584, 635, 1, 6, 1
481, 2, 1183, 33, 584, 635, 1, 6, 1
482, 2, 1185, 34, 582, 635, 1, 6, 1
483, 2, 1184, 34, 583, 634, 1, 6, 1
484, 2, 1185, 34, 583, 634, 1, 6, 1
485, 2, 1184, 34, 583, 634, 1, 6, 1
486, 2, 1184, 34, 584, 634, 1, 6, 1
487, 2, 1184, 34, 583, 635, 1, 6, 1
488, 2, 1184, 33, 584, 635, 1, 6, 1
489, 2, 1183, 34, 584, 634, 1, 6, 1
490, 2, 1184, 33, 585, 635, 1, 6, 1
491, 2, 1184, 33, 584, 636, 1, 6, 1
492, 2, 1184, 34, 584, 634, 1, 6, 1
493, 2, 1184, 34, 583, 635, 1, 6, 1
494, 2, 1184, 34, 584, 634, 1, 6, 1
495, 2, 1184, 34, 583, 634, 1, 6, 1
496, 2, 1183, 34, 585, 634, 1, 6, 1
497, 2, 1184, 34, 584, 634, 1, 6, 1
498, 2, 1183, 34, 585, 634, 1, 6, 1
499, 2, 1184, 33, 583, 635, 1, 6, 1
500, 2, 1183, 34, 585, 634, 1, 6, 1
501, 2, 1184, 34, 583, 635, 1, 6, 1
502, 2, 1184, 34, 584, 634, 1, 6, 1
503, 2, 1183, 34, 584, 634, 1, 6, 1
504, 2, 1183, 34, 584, 635, 1, 6, 1
505, 2, 1183, 34, 583, 634, 1, 6, 1
506, 2, 1184, 34, 582, 634, 1, 6, 1
507, 2, 1184, 34, 583, 634, 1, 6, 1
508, 2, 1184, 34, 583, 634, 1, 6, 1
509, 2, 1184, 34, 583, 634, 1, 6, 1
510, 2, 1184, 34, 583, 634, 1, 6, 1
511, 2, 1184, 34, 583, 634, 1, 6, 1
512, 2, 1183, 34, 584, 634, 1, 6, 1
513, 2, 1183, 34, 584, 635, 1, 6, 1
514, 2, 1184, 34, 583, 634, 1, 6, 1
515, 2, 1184, 34, 584, 634, 1, 6, 1
516, 2, 1184, 34, 584, 634, 1, 6, 1
517, 2, 1184, 34, 584, 634, 1, 6, 1
518, 2, 1184, 34, 583, 635, 1, 6, 1
519, 2, 1183, 33, 584, 635, 1, 6, 1
520, 2, 1183, 34, 584, 634, 1, 6, 1
521, 2, 1185, 34, 582, 633, 1, 6, 1
522, 2, 1183, 34, 585, 634, 1, 6, 1
523, 2, 1183, 33, 585, 635, 1, 6, 1
524, 2, 1184, 33, 583, 636, 1, 6, 1
525, 2, 1184, 33, 582, 636, 1, 6, 1
526, 2, 1184, 33, 583, 635, 1, 6, 1
527, 2, 1184, 33, 583, 636, 1, 6, 1
528, 2, 1184, 33, 583, 636, 1, 6, 1
529, 2, 1183, 33, 585, 635, 1, 6, 1
530, 2, 1185, 33, 582, 635, 1, 6, 1
531, 2, 1184, 33, 584, 635, 1, 6, 1
532, 2, 1184, 33, 583, 635, 1, 6, 1
533, 2, 1185, 33, 583, 635, 1, 6, 1
534, 2, 1183, 33, 585, 636, 1, 6, 1
535, 2, 1184, 34, 583, 635, 1, 6, 1
536, 2, 1183, 33, 584, 635, 1, 6, 1
537, 2, 1184, 33, 583, 635, 1, 6, 1
538, 2, 1184, 34, 584, 634, 1, 6, 1
539, 2, 1183, 34, 584, 634, 1, 6, 1
540, 2, 1184, 34, 583, 634, 1, 6, 1
541, 2, 1184, 34, 583, 634, 1, 6, 1
542, 2, 1184, 33, 583, 635, 1, 6, 1
543, 2, 1184, 34, 584, 634, 1, 6, 1
544, 2, 1184, 34, 584, 635, 1, 6, 1
545, 2, 1184, 34, 583, 635, 1, 6, 1
546, 2, 1184, 34, 584, 635, 1, 6, 1
547, 2, 1184, 34, 583, 634, 1, 6, 1
548, 2, 1184, 34, 584, 634, 1, 6, 1
549, 2, 1183, 34, 585, 635, 1, 6, 1
550, 2, 1184, 34, 583, 634, 1, 6, 1
551, 2, 1183, 33, 584, 635, 1, 6, 1
552, 2, 1184, 34, 583, 634, 1, 6, 1
553, 2, 1185, 33, 582, 635, 1, 6, 1
554, 2, 1185, 34, 583, 635, 1, 6, 1
555, 2, 1183, 33, 584, 635, 1, 6, 1
556, 2, 1184, 33, 583, 636, 1, 6, 1
557, 2, 1184, 34, 584, 634, 1, 6, 1
558, 2, 1184, 34, 583, 635, 1, 6, 1
559, 2, 1183, 34, 584, 635, 1, 6, 1
560, 2, 1185, 34, 583, 634, 1, 6, 1
561, 2, 1183, 34, 583, 634, 1, 6, 1
562, 2, 1184, 34, 582, 634, 1, 6, 1
563, 2, 1183, 34, 583, 635, 1, 6, 1
564, 2, 1183, 34, 583, 634, 1, 6, 1
565, 2, 1185, 34, 582, 634, 1, 6, 1
566, 2, 1183, 34, 583, 635, 1, 6, 1
567, 2, 1184, 34, 583, 634, 1, 6, 1
568, 2, 1183, 34, 584, 634, 1, 6, 1
569, 2, 1185, 34, 581, 634, 1, 6, 1
570, 2, 1183, 34, 583, 635, 1, 6, 1
571, 2, 1183, 34, 584, 634, 1, 6, 1
572, 2, 1183, 34, 585, 635, 1, 6, 1
573, 2, 1185, 34, 581, 635, 1, 6, 1
574, 2, 1185, 34, 582, 635, 1, 6, 1
575, 2, 1185, 33, 582, 635, 1, 6, 1
576, 2, 1183, 33, 585, 635, 1, 6, 1
577, 2, 1183, 33, 584, 635, 1, 6, 1
578, 2, 1183, 33, 584, 635, 1, 6, 1
579, 2, 1185, 33, 582, 636, 1, 6, 1
580, 2, 1184, 33, 583, 636, 1, 6, 1
581, 2, 1185, 33, 582, 636, 1, 6, 1
582, 2, 1185, 33, 582, 635, 1, 6, 1
583, 2, 1185, 33, 583, 636, 1, 6, 1
584, 2, 1184, 33, 583, 635, 1, 6, 1
585, 2, 1184, 33, 583, 636, 1, 6, 1
586, 2, 1183, 33, 585, 635, 1, 6, 1
587, 2, 1184, 33, 583, 635, 1, 6, 1
588, 2, 1183, 33, 584, 635, 1, 6, 1
589, 2, 1183, 33, 584, 636, 1, 6, 1
590, 2, 1183, 33, 584, 636, 1, 6, 1
591, 2, 1184, 33, 584, 635, 1, 6, 1
592, 2, 1183, 33, 584, 636, 1, 6, 1
593, 2, 1184, 33, 584, 635, 1, 6, 1
594, 2, 1184, 33, 583, 635, 1, 6, 1
595, 2, 1183, 33, 583, 636, 1, 6, 1
596, 2, 1184, 33, 582, 636, 1, 6, 1
597, 2, 1184, 33, 583, 636, 1, 6, 1
598, 2, 1183, 33, 584, 635, 1, 6, 1
599, 2, 1184, 33, 584, 635, 1, 6, 1
600, 2, 1183, 33, 584, 635, 1, 6, 1
601, 2, 1184, 33, 583, 636, 1, 6, 1
602, 2, 1184, 34, 582, 634, 1, 6, 1
603, 2, 1184, 34, 583, 635, 1, 6, 1
604, 2, 1184, 33, 584, 635, 1, 6, 1
605, 2, 1184, 33, 583, 635, 1, 6, 1
606, 2, 1184, 34, 584, 634, 1, 6, 1
607, 2, 1183, 33, 584, 636, 1, 6, 1
608, 2, 1184, 34, 583, 634, 1, 6, 1
609, 2, 1184, 34, 583, 634, 1, 6, 1
610, 2, 1183, 34, 585, 634, 1, 6, 1
611, 2, 1184, 34, 584, 634, 1, 6, 1
612, 2, 1184, 33, 583, 635, 1, 6, 1
613, 2, 1184, 34, 583, 635, 1, 6, 1
614, 2, 1183, 34, 585, 634, 1, 6, 1
615, 2, 1183, 34, 584, 634, 1, 6, 1
616, 2, 1184, 33, 583, 636, 1, 6, 1
617, 2, 1183, 34, 585, 634, 1, 6, 1
618, 2, 1184, 34, 583, 634, 1, 6, 1
619, 2, 1184, 34, 583, 634, 1, 6, 1
620, 2, 1184, 34, 583, 634, 1, 6, 1
621, 2, 1183, 33, 583, 635, 1, 6, 1
622, 2, 1183, 33, 584, 636, 1, 6, 1
623, 2, 1185, 33, 582, 636, 1, 6, 1
624, 2, 1184, 33, 583, 636, 1, 6, 1
625, 2, 1185, 33, 583, 635, 1, 6, 1
626, 2, 1184, 33, 584, 635, 1, 6, 1
627, 2, 1183, 33, 584, 635, 1, 6, 1
628, 2, 1183, 34, 583, 634, 1, 6, 1
629, 2, 1184, 34, 583, 634, 1, 6, 1
630, 2, 1184, 34, 583, 634, 1, 6, 1
631, 2, 1184, 34, 583, 634, 1, 6, 1
632, 2, 1184, 33, 583, 636, 1, 6, 1
633, 2, 1184, 33, 584, 635, 1, 6, 1
634, 2, 1184, 33, 583, 635, 1, 6, 1
635, 2, 1183, 34, 584, 635, 1, 6, 1
636, 2, 1184, 33, 584, 635, 1, 6, 1
637, 2, 1184, 33, 583, 635, 1, 6, 1
638, 2, 1184, 34, 583, 634, 1, 6, 1
639, 2, 1184, 33, 584, 635, 1, 6, 1
640, 2, 1184, 34, 584, 635, 1, 6, 1
641, 2, 1184, 33, 583, 635, 1, 6, 1
642, 2, 1184, 33, 583, 635, 1, 6, 1
643, 2, 1184, 33, 583, 636, 1, 6, 1
644, 2, 1184, 33, 583, 636, 1, 6, 1
645, 2, 1184, 33, 583, 635, 1, 6, 1
646, 2, 1184, 33, 583, 636, 1, 6, 1
647, 2, 1183, 33, 583, 635, 1, 6, 1
648, 2, 1184, 34, 583, 634, 1, 6, 1
649, 2, 1183, 33, 584, 636, 1, 6, 1
650, 2, 1184, 33, 584, 635, 1, 6, 1
651, 2, 1184, 33, 584, 636, 1, 6, 1
652, 2, 1184, 33, 584, 635, 1, 6, 1
653, 2, 1183, 33, 584, 635, 1, 6, 1
654, 2, 1184, 33, 584, 635, 1, 6, 1
655, 2, 1184, 33, 583, 635, 1, 6, 1
656, 2, 1184, 33, 583, 635, 1, 6, 1
657, 2, 1183, 33, 583, 635, 1, 6, 1
658, 2, 1184, 33, 583, 636, 1, 6, 1
659, 2, 1184, 33, 583, 635, 1, 6, 1
660, 2, 1184, 33, 584, 636, 1, 6, 1
661, 2, 1184, 33, 583, 635, 1, 6, 1
662, 2, 1184, 33, 583, 636, 1, 6, 1
663, 2, 1184, 33, 584, 635, 1, 6, 1
664, 2, 1184, 34, 584, 635, 1, 6, 1
665, 2, 1184, 33, 583, 636, 1, 6, 1
666, 2, 1184, 34, 583, 635, 1, 6, 1
667, 2, 1184, 33, 583, 635, 1, 6, 1
668, 2, 1183, 34, 585, 635, 1, 6, 1
669, 2, 1183, 33, 585, 635, 1, 6, 1
670, 2, 1184, 33, 583, 635, 1, 6, 1
671, 2, 1183, 33, 584, 635, 1, 6, 1
672, 2, 1184, 33, 584, 636, 1, 6, 1
673, 2, 1184, 33, 584, 635, 1, 6, 1
674, 2, 1184, 33, 584, 635, 1, 6, 1
675, 2, 1185, 33, 582, 635, 1, 6, 1
676, 2, 1184, 34, 583, 635, 1, 6, 1
677, 2, 1184, 33, 583, 635, 1, 6, 1
678, 2, 1184, 33, 584, 635, 1, 6, 1
679, 2, 1184, 33, 583, 636, 1, 6, 1
680, 2, 1185, 33, 582, 636, 1, 6, 1
681, 2, 1185, 34, 582, 634, 1, 6, 1
682, 2, 1185, 34, 583, 635, 1, 6, 1
683, 2, 1184, 33, 583, 636, 1, 6, 1
684, 2, 1184, 33, 583, 636, 1, 6, 1
685, 2, 1184, 33, 584, 636, 1, 6, 1
686, 2, 1184, 33, 583, 635, 1, 6, 1
687, 2, 1183, 33, 585, 635, 1, 6, 1
688, 2, 1184, 33, 584, 635, 1, 6, 1
689, 2, 1183, 33, 585, 635, 1, 6, 1
690, 2, 1184, 33, 583, 636, 1, 6, 1
691, 2, 1184, 33, 583, 636, 1, 6, 1
692, 2, 1184, 33, 584, 635, 1, 6, 1
693, 2, 1183, 33, 585, 636, 1, 6, 1
694, 2, 1185, 33, 582, 635, 1, 6, 1
695, 2, 1185, 34, 582, 635, 1, 6, 1
696, 2, 1184, 34, 583, 635, 1, 6, 1
697, 2, 1184, 34, 584, 634, 1, 6, 1
698, 2, 1184, 34, 583, 634, 1, 6, 1
699, 2, 1184, 34, 583, 634, 1, 6, 1
700, 2, 1183, 34, 584, 634, 1, 6, 1
701, 2, 1184, 34, 584, 635, 1, 6, 1
702, 2, 1184, 34, 582, 634, 1, 6, 1
703, 2, 1184, 34, 584, 634, 1, 6, 1
704, 2, 1183, 34, 584, 634, 1, 6, 1
705, 2, 1185, 34, 582, 635, 1, 6, 1
706, 2, 1183, 34, 585, 635, 1, 6, 1
707, 2, 1184, 34, 584, 635, 1, 6, 1
708, 2, 1185, 34, 582, 634, 1, 6, 1
709, 2, 1185, 33, 582, 635, 1, 6, 1
710, 2, 1184, 34, 584, 634, 1, 6, 1
711, 2, 1184, 33, 583, 636, 1, 6, 1
712, 2, 1184, 34, 583, 634, 1, 6, 1
713, 2, 1184, 34, 583, 635, 1, 6, 1
714, 2, 1183, 34, 585, 634, 1, 6, 1
715, 2, 1184, 34, 584, 634, 1, 6, 1
716, 2, 1184, 34, 583, 634, 1, 6, 1
717, 2, 1183, 34, 585, 635, 1, 6, 1
718, 2, 1184, 34, 584, 635, 1, 6, 1
719, 2, 1184, 34, 582, 634, 1, 6, 1
720, 2, 1184, 34, 583, 634, 1, 6, 1
721, 2, 1184, 33, 582, 636, 1, 6, 1
722, 2, 1184, 34, 583, 635, 1, 6, 1
723, 2, 1184, 34, 584, 635, 1, 6, 1
724, 2, 1184, 34, 583, 634, 1, 6, 1
725, 2, 1183, 34, 584, 634, 1, 6, 1
726, 2, 1184, 34, 582, 635, 1, 6, 1
727, 2, 1184, 34, 583, 634, 1, 6, 1
728, 2, 1184, 34, 583, 634, 1, 6, 1
729, 2, 1183, 34, 584, 635, 1, 6, 1
730, 2, 1183, 34, 585, 635, 1, 6, 1
731, 2, 1184, 34, 583, 634, 1, 6, 1
732, 2, 1183, 34, 585, 635, 1, 6, 1
733, 2, 1183, 34, 583, 634, 1, 6, 1
734, 2, 1184, 34, 583, 634, 1, 6, 1
735, 2, 1184, 33, 583, 635, 1, 6, 1
736, 2, 1185, 34, 583, 634, 1, 6, 1
737, 2, 1186, 33, 582, 635, 1, 6, 1
738, 2, 1185, 34, 583, 634, 1, 6, 1
739, 2, 1186, 34, 583, 634, 1, 6, 1
740, 2, 1186, 34, 582, 635, 1, 6, 1
741, 2, 1186, 32, 582, 637, 1, 6, 1
742, 2, 1186, 33, 582, 635, 1, 6, 1
743, 2, 1188, 32, 581, 636, 1, 6, 1
744, 2, 1189, 32, 579, 637, 1, 6, 1
745, 2, 1189, 31, 579, 638, 1, 6, 1
746, 2, 1191, 31, 576, 638, 1, 6, 1
747, 2, 1193, 32, 574, 638, 1, 6, 1
748, 2, 1196, 32, 571, 639, 1, 6, 1
749, 2, 1201, 32, 566, 637, 1, 6, 1
750, 2, 1208, 32, 560, 641, 1, 6, 1
751, 2, 1214, 32, 553, 638, 1, 6, 1
752, 2, 1218, 32, 549, 638, 1, 6, 1
753, 2, 1222, 32, 545, 639, 1, 6, 1
754, 2, 1224, 32, 544, 639, 1, 6, 1
755, 2, 1227, 32, 540, 639, 1, 6, 1
756, 2, 1229, 33, 537, 638, 1, 6, 1
757, 2, 1231, 31, 536, 642, 1, 6, 1
758, 2, 1224, 31, 542, 641, 1, 6, 1
759, 2, 1236, 34, 530, 642, 1, 6, 1
760, 2, 1237, 34, 530, 642, 1, 6, 1
761, 2, 1235, 35, 531, 640, 1, 6, 1
762, 2, 1236, 33, 530, 641, 1, 6, 1
763, 2, 1242, 34, 522, 642, 1, 6, 1
764, 2, 1246, 36, 520, 639, 1, 6, 1
765, 2, 1245, 36, 520, 639, 1, 6, 1
766, 2, 1254, 34, 511, 640, 1, 6, 1
767, 2, 1256, 35, 509, 641, 1, 6, 1
768, 2, 1257, 35, 507, 640, 1, 6, 1
769, 2, 1263, 35, 501, 641, 1, 6, 1
770, 2, 1260, 35, 504, 641, 1, 6, 1
771, 2, 1265, 34, 499, 641, 1, 6, 1
772, 2, 1277, 35, 485, 642, 1, 6, 1
773, 2, 1280, 33, 485, 643, 1, 6, 1
774, 2, 1280, 35, 483, 641, 1, 6, 1
775, 2, 1283, 33, 480, 642, 1, 6, 1
776, 2, 1291, 32, 472, 643, 1, 6, 1
777, 2, 1300, 34, 463, 644, 1, 6, 1
778, 2, 1306, 33, 456, 644, 1, 6, 1
779, 2, 1310, 35, 452, 642, 1, 6, 1
780, 2, 1313, 37, 450, 639, 1, 6, 1
781, 2, 1317, 36, 445, 639, 1, 6, 1
782, 2, 1321, 35, 442, 640, 1, 6, 1
783, 2, 1323, 35, 440, 641, 1, 6, 1
784, 2, 1326, 37, 436, 639, 1, 6, 1
785, 2, 1326, 37, 436, 640, 1, 6, 1
786, 2, 1330, 38, 432, 638, 1, 6, 1
787, 2, 1329, 37, 435, 638, 1, 6, 1
788, 2, 1333, 37, 429, 639, 1, 6, 1
789, 2, 1332, 38, 428, 638, 1, 6, 1
790, 2, 1343, 40, 419, 636, 1, 6, 1
791, 2, 1352, 35, 410, 642, 1, 6, 1
792, 2, 1381, 35, 382, 643, 1, 6, 1
793, 2, 1406, 36, 357, 639, 1, 6, 1
794, 2, 1417, 35, 349, 641, 1, 6, 1
795, 2, 1425, 33, 338, 645, 1, 6, 1
796, 2, 1433, 36, 331, 642, 1, 6, 1
797, 2, 1443, 39, 318, 639, 1, 6, 1
798, 2, 1450, 39, 312, 640, 1, 6, 1
799, 2, 1462, 41, 303, 636, 1, 6, 1
800, 2, 1472, 45, 292, 632, 1, 6, 1