1, 1, 212, 373, 60, 143, 1, 1, 1
2, 1, 213, 373, 59, 143, 1, 1, 1
3, 1, 213, 374, 60, 142, 1, 1, 1
4, 1, 214, 375, 59, 141, 1, 1, 1
5, 1, 213, 375, 60, 141, 1, 1, 1
6, 1, 214, 376, 59, 140, 1, 1, 1
7, 1, 214, 376, 59, 140, 1, 1, 1
8, 1, 214, 376, 58, 140, 1, 1, 1
9, 1, 213, 377, 58, 139, 1, 1, 1
10, 1, 214, 375, 57, 141, 1, 1, 1
11, 1, 213, 375, 59, 141, 1, 1, 1
12, 1, 213, 373, 61, 142, 1, 1, 1
13, 1, 213, 372, 61, 144, 1, 1, 1
14, 1, 212, 371, 65, 145, 1, 1, 1
15, 1, 213, 370, 68, 146, 1, 1, 1
16, 1, 212, 367, 70, 148, 1, 1, 1
17, 1, 213, 366, 70, 148, 1, 1, 1
18, 1, 214, 365, 69, 150, 1, 1, 1
19, 1, 214, 365, 69, 150, 1, 1, 1
20, 1, 214, 363, 70, 151, 1, 1, 1
21, 1, 214, 361, 67, 154, 1, 1, 1
22, 1, 213, 360, 72, 155, 1, 1, 1
23, 1, 212, 358, 73, 158, 1, 1, 1
24, 1, 212, 357, 74, 159, 1, 1, 1
25, 1, 212, 356, 74, 160, 1, 1, 1
26, 1, 212, 355, 75, 161, 1, 1, 1
27, 1, 213, 352, 73, 164, 1, 1, 1
28, 1, 212, 351, 73, 164, 1, 1, 1
29, 1, 212, 351, 74, 165, 1, 1, 1
30, 1, 212, 350, 73, 166, 1, 1, 1
31, 1, 212, 350, 72, 166, 1, 1, 1
32, 1, 211, 349, 72, 167, 1, 1, 1
33, 1, 210, 349, 71, 167, 1, 1, 1
34, 1, 211, 347, 67, 169, 1, 1, 1
35, 1, 211, 345, 67, 172, 1, 1, 1
36, 1, 207, 344, 68, 173, 1, 1, 1
37, 1, 206, 343, 70, 174, 1, 1, 1
38, 1, 204, 343, 71, 174, 1, 1, 1
39, 1, 200, 343, 73, 173, 1, 1, 1
40, 1, 200, 343, 75, 173, 1, 1, 1
41, 1, 200, 343, 75, 173, 1, 1, 1
42, 1, 201, 343, 73, 173, 1, 1, 1
43, 1, 197, 343, 78, 173, 1, 1, 1
44, 1, 196, 343, 78, 173, 1, 1, 1
45, 1, 198, 343, 75, 173, 1, 1, 1
46, 1, 195, 343, 78, 172, 1, 1, 1
47, 1, 196, 343, 79, 173, 1, 1, 1
48, 1, 196, 343, 80, 172, 1, 1, 1
49, 1, 197, 342, 79, 174, 1, 1, 1
50, 1, 198, 342, 78, 174, 1, 1, 1
51, 1, 199, 342, 78, 174, 1, 1, 1
52, 1, 199, 342, 77, 173, 1, 1, 1
53, 1, 199, 342, 77, 174, 1, 1, 1
54, 1, 198, 342, 77, 174, 1, 1, 1
55, 1, 198, 342, 73, 173, 1, 1, 1
56, 1, 199, 342, 73, 173, 1, 1, 1
57, 1, 200, 342, 71, 173, 1, 1, 1
58, 1, 197, 342, 75, 173, 1, 1, 1
59, 1, 199, 342, 73, 173, 1, 1, 1
60, 1, 200, 343, 71, 173, 1, 1, 1
61, 1, 200, 343, 70, 173, 1, 1, 1
62, 1, 204, 343, 67, 173, 1, 1, 1
63, 1, 206, 344, 64, 172, 1, 1, 1
64, 1, 207, 345, 64, 170, 1, 1, 1
65, 1, 210, 345, 63, 171, 1, 1, 1
66, 1, 210, 346, 64, 170, 1, 1, 1
67, 1, 215, 345, 60, 171, 1, 1, 1
68, 1, 214, 345, 61, 171, 1, 1, 1
69, 1, 211, 345, 65, 171, 1, 1, 1
70, 1, 213, 344, 67, 172, 1, 1, 1
71, 1, 214, 344, 66, 171, 1, 1, 1
72, 1, 214, 345, 69, 171, 1, 1, 1
73, 1, 213, 346, 69, 169, 1, 1, 1
74, 1, 210, 346, 73, 170, 1, 1, 1
75, 1, 214, 346, 68, 170, 1, 1, 1
76, 1, 211, 346, 70, 170, 1, 1, 1
77, 1, 212, 347, 70, 168, 1, 1, 1
78, 1, 213, 347, 67, 169, 1, 1, 1
79, 1, 214, 348, 64, 168, 1, 1, 1
80, 1, 213, 349, 63, 167, 1, 1, 1
81, 1, 214, 350, 63, 167, 1, 1, 1
82, 1, 213, 350, 62, 167, 1, 1, 1
83, 1, 214, 351, 60, 165, 1, 1, 1
84, 1, 213, 351, 61, 164, 1, 1, 1
85, 1, 213, 351, 59, 165, 1, 1, 1
86, 1, 212, 352, 58, 164, 1, 1, 1
87, 1, 213, 353, 56, 163, 1, 1, 1
88, 1, 211, 354, 59, 162, 1, 1, 1
89, 1, 210, 354, 59, 162, 1, 1, 1
90, 1, 209, 354, 61, 162, 1, 1, 1
91, 1, 209, 355, 61, 160, 1, 1, 1
92, 1, 208, 355, 61, 160, 1, 1, 1
93, 1, 206, 355, 63, 160, 1, 1, 1
94, 1, 203, 355, 64, 160, 1, 1, 1
95, 1, 202, 356, 59, 159, 1, 1, 1
96, 1, 201, 356, 54, 159, 1, 1, 1
97, 1, 201, 357, 54, 158, 1, 1, 1
98, 1, 199, 358, 57, 157, 1, 1, 1
99, 1, 198, 358, 58, 157, 1, 1, 1
100, 1, 196, 358, 58, 157, 1, 1, 1
101, 1, 196, 359, 59, 156, 1, 1, 1
102, 1, 197, 360, 59, 155, 1, 1, 1
103, 1, 197, 361, 59, 153, 1, 1, 1
104, 1, 195, 362, 61, 153, 1, 1, 1
105, 1, 195, 363, 60, 151, 1, 1, 1
106, 1, 196, 364, 61, 151, 1, 1, 1
107, 1, 196, 365, 60, 150, 1, 1, 1
108, 1, 196, 366, 60, 149, 1, 1, 1
109, 1, 196, 367, 62, 148, 1, 1, 1
110, 1, 198, 370, 59, 144, 1, 1, 1
111, 1, 200, 371, 58, 144, 1, 1, 1
112, 1, 200, 372, 58, 144, 1, 1, 1
113, 1, 199, 372, 59, 143, 1, 1, 1
114, 1, 201, 373, 56, 143, 1, 1, 1
115, 1, 201, 373, 57, 141, 1, 1, 1
116, 1, 202, 373, 55, 143, 1, 1, 1
117, 1, 202, 373, 57, 143, 1, 1, 1
118, 1, 204, 373, 55, 143, 1, 1, 1
119, 1, 203, 373, 55, 143, 1, 1, 1
120, 1, 203, 373, 56, 143, 1, 1, 1
121, 1, 204, 373, 55, 143, 1, 1, 1
122, 1, 204, 372, 55, 144, 1, 1, 1
123, 1, 205, 372, 53, 144, 1, 1, 1
124, 1, 204, 372, 54, 144, 1, 1, 1
125, 1, 205, 373, 55, 143, 1, 1, 1
126, 1, 204, 373, 56, 144, 1, 1, 1
127, 1, 205, 373, 56, 144, 1, 1, 1
128, 1, 206, 373, 57, 144, 1, 1, 1
129, 1, 209, 373, 56, 144, 1, 1, 1
130, 1, 209, 373, 58, 144, 1, 1, 1
131, 1, 209, 375, 60, 141, 1, 1, 1
132, 1, 209, 375, 61, 141, 1, 1, 1
133, 1, 211, 375, 59, 140, 1, 1, 1
134, 1, 210, 376, 60, 140, 1, 1, 1
135, 1, 211, 377, 59, 139, 1, 1, 1
136, 1, 211, 378, 58, 138, 1, 1, 1
137, 1, 211, 378, 59, 137, 1, 1, 1
138, 1, 211, 377, 57, 138, 1, 1, 1
139, 1, 211, 377, 57, 138, 1, 1, 1
140, 1, 211, 377, 58, 138, 1, 1, 1
141, 1, 212, 376, 58, 139, 1, 1, 1
142, 1, 211, 375, 60, 140, 1, 1, 1
143, 1, 211, 374, 61, 141, 1, 1, 1
144, 1, 212, 372, 63, 143, 1, 1, 1
145, 1, 211, 372, 67, 143, 1, 1, 1
146, 1, 211, 370, 68, 145, 1, 1, 1
147, 1, 212, 368, 70, 147, 1, 1, 1
148, 1, 211, 367, 70, 148, 1, 1, 1
149, 1, 211, 366, 72, 148, 1, 1, 1
150, 1, 212, 365, 71, 150, 1, 1, 1
151, 1, 212, 362, 71, 153, 1, 1, 1
152, 1, 210, 361, 74, 154, 1, 1, 1
153, 1, 211, 359, 74, 157, 1, 1, 1
154, 1, 211, 358, 74, 158, 1, 1, 1
155, 1, 210, 358, 76, 158, 1, 1, 1
156, 1, 209, 357, 77, 159, 1, 1, 1
157, 1, 211, 356, 75, 159, 1, 1, 1
158, 1, 211, 353, 75, 163, 1, 1, 1
159, 1, 210, 350, 75, 165, 1, 1, 1
160, 1, 211, 351, 72, 165, 1, 1, 1
161, 1, 211, 350, 72, 166, 1, 1, 1
162, 1, 211, 350, 73, 166, 1, 1, 1
163, 1, 210, 348, 73, 169, 1, 1, 1
164, 1, 209, 344, 73, 172, 1, 1, 1
165, 1, 206, 344, 76, 172, 1, 1, 1
166, 1, 205, 343, 74, 173, 1, 1, 1
167, 1, 206, 343, 72, 174, 1, 1, 1
168, 1, 201, 343, 74, 174, 1, 1, 1
169, 1, 212, 343, 65, 173, 1, 1, 1
170, 1, 203, 343, 74, 174, 1, 1, 1
171, 1, 201, 342, 75, 174, 1, 1, 1
172, 1, 193, 342, 82, 173, 1, 1, 1
173, 1, 195, 342, 80, 174, 1, 1, 1
174, 1, 196, 342, 77, 174, 1, 1, 1
175, 1, 199, 342, 74, 174, 1, 1, 1
176, 1, 199, 342, 73, 173, 1, 1, 1
177, 1, 199, 342, 73, 173, 1, 1, 1
178, 1, 201, 341, 71, 174, 1, 1, 1
179, 1, 206, 342, 65, 174, 1, 1, 1
180, 1, 209, 342, 62, 173, 1, 1, 1
181, 1, 205, 341, 67, 174, 1, 1, 1
182, 1, 207, 341, 63, 175, 1, 1, 1
183, 1, 202, 341, 69, 175, 1, 1, 1
184, 1, 203, 341, 66, 175, 1, 1, 1
185, 1, 206, 341, 63, 175, 1, 1, 1
186, 1, 204, 341, 65, 175, 1, 1, 1
187, 1, 200, 341, 69, 175, 1, 1, 1
188, 1, 203, 341, 66, 175, 1, 1, 1
189, 1, 200, 341, 68, 175, 1, 1, 1
190, 1, 202, 341, 66, 175, 1, 1, 1
191, 1, 208, 342, 60, 174, 1, 1, 1
192, 1, 208, 342, 60, 173, 1, 1, 1
193, 1, 208, 342, 60, 174, 1, 1, 1
194, 1, 210, 342, 58, 174, 1, 1, 1
195, 1, 212, 343, 56, 172, 1, 1, 1
196, 1, 212, 343, 58, 172, 1, 1, 1
197, 1, 210, 344, 62, 171, 1, 1, 1
198, 1, 211, 344, 61, 171, 1, 1, 1
199, 1, 211, 344, 65, 171, 1, 1, 1
200, 1, 211, 346, 69, 170, 1, 1, 1
201, 1, 213, 345, 68, 171, 1, 1, 1
202, 1, 213, 346, 66, 170, 1, 1, 1
203, 1, 211, 346, 69, 170, 1, 1, 1
204, 1, 211, 346, 69, 169, 1, 1, 1
205, 1, 209, 346, 72, 169, 1, 1, 1
206, 1, 209, 347, 69, 169, 1, 1, 1
207, 1, 211, 347, 70, 169, 1, 1, 1
208, 1, 212, 346, 68, 170, 1, 1, 1
209, 1, 212, 348, 68, 168, 1, 1, 1
210, 1, 213, 349, 65, 167, 1, 1, 1
211, 1, 212, 350, 60, 166, 1, 1, 1
212, 1, 213, 350, 55, 166, 1, 1, 1
213, 1, 213, 350, 59, 166, 1, 1, 1
214, 1, 214, 350, 62, 167, 1, 1, 1
215, 1, 214, 351, 61, 166, 1, 1, 1
216, 1, 213, 351, 59, 165, 1, 1, 1
217, 1, 212, 352, 58, 164, 1, 1, 1
218, 1, 211, 352, 59, 164, 1, 1, 1
219, 1, 213, 353, 56, 163, 1, 1, 1
220, 1, 211, 353, 62, 163, 1, 1, 1
221, 1, 210, 353, 63, 162, 1, 1, 1
222, 1, 209, 354, 63, 162, 1, 1, 1
223, 1, 207, 353, 65, 163, 1, 1, 1
224, 1, 205, 354, 66, 162, 1, 1, 1
225, 1, 204, 354, 64, 162, 1, 1, 1
226, 1, 203, 354, 58, 161, 1, 1, 1
227, 1, 201, 355, 58, 160, 1, 1, 1
228, 1, 199, 356, 60, 159, 1, 1, 1
229, 1, 200, 356, 57, 159, 1, 1, 1
230, 1, 198, 357, 59, 158, 1, 1, 1
231, 1, 196, 357, 63, 158, 1, 1, 1
232, 1, 196, 358, 63, 157, 1, 1, 1
233, 1, 193, 359, 65, 156, 1, 1, 1
234, 1, 193, 360, 66, 155, 1, 1, 1
235, 1, 192, 362, 67, 153, 1, 1, 1
236, 1, 190, 364, 68, 150, 1, 1, 1
237, 1, 188, 365, 71, 150, 1, 1, 1
238, 1, 186, 366, 73, 149, 1, 1, 1
239, 1, 191, 368, 69, 147, 1, 1, 1
240, 1, 186, 369, 74, 145, 1, 1, 1
241, 1, 192, 370, 67, 146, 1, 1, 1
242, 1, 190, 372, 70, 143, 1, 1, 1
243, 1, 188, 371, 73, 145, 1, 1, 1
244, 1, 191, 373, 69, 143, 1, 1, 1
245, 1, 192, 374, 68, 142, 1, 1, 1
246, 1, 194, 375, 65, 140, 1, 1, 1
247, 1, 197, 375, 63, 141, 1, 1, 1
248, 1, 198, 375, 61, 141, 1, 1, 1
249, 1, 200, 376, 61, 140, 1, 1, 1
250, 1, 201, 376, 60, 140, 1, 1, 1
251, 1, 203, 376, 59, 141, 1, 1, 1
252, 1, 203, 376, 59, 141, 1, 1, 1
253, 1, 204, 375, 57, 142, 1, 1, 1
254, 1, 205, 375, 57, 141, 1, 1, 1
255, 1, 204, 374, 57, 143, 1, 1, 1
256, 1, 204, 373, 58, 144, 1, 1, 1
257, 1, 204, 373, 59, 144, 1, 1, 1
258, 1, 205, 373, 58, 142, 1, 1, 1
259, 1, 204, 373, 58, 143, 1, 1, 1
260, 1, 203, 372, 58, 145, 1, 1, 1
261, 1, 203, 372, 59, 145, 1, 1, 1
262, 1, 204, 373, 58, 144, 1, 1, 1
263, 1, 203, 373, 59, 144, 1, 1, 1
264, 1, 203, 373, 59, 144, 1, 1, 1
265, 1, 204, 374, 59, 142, 1, 1, 1
266, 1, 206, 374, 57, 142, 1, 1, 1
267, 1, 206, 374, 60, 143, 1, 1, 1
268, 1, 208, 375, 60, 141, 1, 1, 1
269, 1, 208, 375, 60, 141, 1, 1, 1
270, 1, 207, 376, 62, 140, 1, 1, 1
271, 1, 208, 376, 60, 140, 1, 1, 1
272, 1, 210, 377, 57, 138, 1, 1, 1
273, 1, 209, 377, 58, 139, 1, 1, 1
274, 1, 209, 376, 57, 140, 1, 1, 1
275, 1, 209, 375, 57, 141, 1, 1, 1
276, 1, 209, 373, 60, 143, 1, 1, 1
277, 1, 210, 372, 61, 143, 1, 1, 1
278, 1, 210, 370, 63, 146, 1, 1, 1
279, 1, 210, 370, 65, 146, 1, 1, 1
280, 1, 209, 368, 68, 148, 1, 1, 1
281, 1, 209, 366, 70, 150, 1, 1, 1
282, 1, 209, 363, 72, 153, 1, 1, 1
283, 1, 209, 361, 72, 155, 1, 1, 1
284, 1, 209, 360, 73, 156, 1, 1, 1
285, 1, 210, 359, 73, 157, 1, 1, 1
286, 1, 210, 357, 74, 159, 1, 1, 1
287, 1, 210, 357, 74, 159, 1, 1, 1
288, 1, 211, 355, 74, 161, 1, 1, 1
289, 1, 210, 354, 74, 162, 1, 1, 1
290, 1, 210, 352, 76, 164, 1, 1, 1
291, 1, 211, 351, 74, 165, 1, 1, 1
292, 1, 211, 351, 74, 165, 1, 1, 1
293, 1, 212, 350, 72, 167, 1, 1, 1
294, 1, 211, 349, 75, 167, 1, 1, 1
295, 1, 210, 348, 75, 169, 1, 1, 1
296, 1, 212, 345, 72, 171, 1, 1, 1
297, 1, 211, 344, 72, 172, 1, 1, 1
298, 1, 210, 343, 70, 173, 1, 1, 1
299, 1, 206, 343, 74, 173, 1, 1, 1
300, 1, 205, 343, 77, 173, 1, 1, 1
301, 1, 199, 343, 82, 173, 1, 1, 1
302, 1, 200, 343, 78, 173, 1, 1, 1
303, 1, 201, 343, 77, 173, 1, 1, 1
304, 1, 198, 343, 80, 173, 1, 1, 1
305, 1, 202, 343, 74, 172, 1, 1, 1
306, 1, 199, 343, 77, 172, 1, 1, 1
307, 1, 199, 343, 77, 172, 1, 1, 1
308, 1, 196, 343, 80, 172, 1, 1, 1
309, 1, 199, 343, 79, 172, 1, 1, 1
310, 1, 200, 343, 76, 172, 1, 1, 1
311, 1, 200, 342, 78, 173, 1, 1, 1
312, 1, 201, 342, 75, 173, 1, 1, 1
313, 1, 201, 342, 76, 173, 1, 1, 1
314, 1, 202, 342, 75, 174, 1, 1, 1
315, 1, 209, 342, 67, 173, 1, 1, 1
316, 1, 197, 342, 79, 173, 1, 1, 1
317, 1, 199, 342, 75, 174, 1, 1, 1
318, 1, 196, 342, 77, 173, 1, 1, 1
319, 1, 198, 342, 74, 173, 1, 1, 1
320, 1, 199, 342, 73, 174, 1, 1, 1
321, 1, 198, 342, 74, 174, 1, 1, 1
322, 1, 199, 342, 72, 174, 1, 1, 1
323, 1, 200, 343, 72, 173, 1, 1, 1
324, 1, 200, 343, 71, 173, 1, 1, 1
325, 1, 199, 343, 72, 173, 1, 1, 1
326, 1, 204, 344, 67, 172, 1, 1, 1
327, 1, 206, 344, 66, 172, 1, 1, 1
328, 1, 208, 344, 64, 171, 1, 1, 1
329, 1, 208, 344, 67, 172, 1, 1, 1
330, 1, 209, 346, 66, 170, 1, 1, 1
331, 1, 211, 346, 65, 169, 1, 1, 1
332, 1, 211, 347, 66, 168, 1, 1, 1
333, 1, 211, 346, 59, 170, 1, 1, 1
334, 1, 212, 346, 67, 169, 1, 1, 1
335, 1, 213, 345, 65, 171, 1, 1, 1
336, 1, 214, 345, 67, 170, 1, 1, 1
337, 1, 215, 345, 64, 171, 1, 1, 1
338, 1, 216, 345, 62, 170, 1, 1, 1
339, 1, 216, 347, 61, 169, 1, 1, 1
340, 1, 214, 347, 62, 169, 1, 1, 1
341, 1, 215, 348, 61, 167, 1, 1, 1
342, 1, 214, 351, 62, 165, 1, 1, 1
343, 1, 214, 350, 64, 166, 1, 1, 1
344, 1, 214, 351, 62, 164, 1, 1, 1
345, 1, 213, 351, 63, 164, 1, 1, 1
346, 1, 213, 351, 61, 165, 1, 1, 1
347, 1, 213, 352, 56, 164, 1, 1, 1
348, 1, 213, 354, 55, 162, 1, 1, 1
349, 1, 211, 355, 57, 161, 1, 1, 1
350, 1, 211, 358, 58, 158, 1, 1, 1
351, 1, 210, 357, 59, 159, 1, 1, 1
352, 1, 209, 357, 60, 159, 1, 1, 1
353, 1, 209, 356, 59, 160, 1, 1, 1
354, 1, 209, 356, 59, 160, 1, 1, 1
355, 1, 206, 357, 58, 159, 1, 1, 1
356, 1, 205, 358, 50, 158, 1, 1, 1
357, 1, 205, 359, 50, 157, 1, 1, 1
358, 1, 203, 359, 52, 157, 1, 1, 1
359, 1, 202, 360, 53, 156, 1, 1, 1
360, 1, 202, 361, 52, 155, 1, 1, 1
361, 1, 201, 361, 53, 155, 1, 1, 1
362, 1, 201, 363, 54, 153, 1, 1, 1
363, 1, 201, 364, 53, 152, 1, 1, 1
364, 1, 200, 364, 55, 152, 1, 1, 1
365, 1, 201, 367, 54, 149, 1, 1, 1
366, 1, 202, 366, 53, 151, 1, 1, 1
367, 1, 202, 367, 53, 149, 1, 1, 1
368, 1, 202, 368, 52, 148, 1, 1, 1
369, 1, 202, 369, 52, 147, 1, 1, 1
370, 1, 204, 369, 49, 147, 1, 1, 1
371, 1, 204, 370, 50, 146, 1, 1, 1
372, 1, 204, 371, 51, 145, 1, 1, 1
373, 1, 204, 371, 50, 145, 1, 1, 1
374, 1, 204, 372, 51, 144, 1, 1, 1
375, 1, 204, 372, 51, 144, 1, 1, 1
376, 1, 205, 372, 51, 144, 1, 1, 1
377, 1, 205, 372, 50, 144, 1, 1, 1
378, 1, 205, 372, 51, 144, 1, 1, 1
379, 1, 205, 373, 52, 143, 1, 1, 1
380, 1, 206, 372, 50, 144, 1, 1, 1
381, 1, 205, 371, 52, 144, 1, 1, 1
382, 1, 206, 372, 52, 144, 1, 1, 1
383, 1, 207, 372, 52, 143, 1, 1, 1
384, 1, 207, 372, 53, 145, 1, 1, 1
385, 1, 209, 372, 54, 145, 1, 1, 1
386, 1, 209, 373, 55, 143, 1, 1, 1
387, 1, 209, 373, 57, 142, 1, 1, 1
388, 1, 208, 374, 58, 142, 1, 1, 1
389, 1, 208, 375, 59, 141, 1, 1, 1
390, 1, 208, 375, 59, 141, 1, 1, 1
391, 1, 209, 375, 58, 140, 1, 1, 1
392, 1, 207, 376, 59, 140, 1, 1, 1
393, 1, 208, 377, 58, 139, 1, 1, 1
394, 1, 208, 377, 56, 139, 1, 1, 1
395, 1, 208, 377, 57, 138, 1, 1, 1
396, 1, 208, 377, 59, 139, 1, 1, 1
397, 1, 209, 376, 60, 140, 1, 1, 1
398, 1, 208, 374, 62, 142, 1, 1, 1
399, 1, 210, 374, 60, 141, 1, 1, 1
400, 1, 209, 373, 63, 142, 1, 1, 1
401, 1, 209, 371, 65, 144, 1, 1, 1
402, 1, 211, 370, 65, 146, 1, 1, 1
403, 1, 210, 368, 68, 148, 1, 1, 1
404, 1, 210, 366, 70, 150, 1, 1, 1
405, 1, 211, 364, 71, 152, 1, 1, 1
406, 1, 212, 363, 70, 153, 1, 1, 1
407, 1, 210, 361, 73, 155, 1, 1, 1
408, 1, 210, 360, 76, 156, 1, 1, 1
409, 1, 212, 358, 75, 158, 1, 1, 1
410, 1, 213, 357, 73, 158, 1, 1, 1
411, 1, 213, 356, 74, 159, 1, 1, 1
412, 1, 215, 355, 73, 161, 1, 1, 1
413, 1, 215, 354, 73, 162, 1, 1, 1
414, 1, 214, 353, 75, 163, 1, 1, 1
415, 1, 215, 352, 74, 164, 1, 1, 1
416, 1, 214, 351, 74, 165, 1, 1, 1
417, 1, 215, 350, 71, 166, 1, 1, 1
418, 1, 214, 349, 73, 167, 1, 1, 1
419, 1, 216, 348, 69, 168, 1, 1, 1
420, 1, 215, 347, 73, 170, 1, 1, 1
421, 1, 215, 348, 71, 168, 1, 1, 1
422, 1, 215, 346, 72, 170, 1, 1, 1
423, 1, 212, 344, 73, 172, 1, 1, 1
424, 1, 212, 343, 72, 173, 1, 1, 1
425, 1, 208, 343, 74, 173, 1, 1, 1
426, 1, 208, 343, 72, 173, 1, 1, 1
427, 1, 208, 343, 73, 173, 1, 1, 1
428, 1, 205, 343, 76, 173, 1, 1, 1
429, 1, 205, 343, 77, 172, 1, 1, 1
430, 1, 203, 342, 77, 173, 1, 1, 1
431, 1, 203, 343, 77, 172, 1, 1, 1
432, 1, 203, 342, 75, 173, 1, 1, 1
433, 1, 202, 343, 76, 171, 1, 1, 1
434, 1, 201, 342, 76, 173, 1, 1, 1
435, 1, 202, 342, 75, 173, 1, 1, 1
436, 1, 202, 342, 77, 173, 1, 1, 1
437, 1, 207, 341, 69, 175, 1, 1, 1
438, 1, 204, 341, 73, 175, 1, 1, 1
439, 1, 205, 341, 69, 174, 1, 1, 1
440, 1, 208, 341, 65, 174, 1, 1, 1
441, 1, 207, 340, 67, 176, 1, 1, 1
442, 1, 209, 341, 64, 175, 1, 1, 1
443, 1, 214, 341, 59, 173, 1, 1, 1
444, 1, 213, 341, 58, 173, 1, 1, 1
445, 1, 207, 341, 63, 174, 1, 1, 1
446, 1, 206, 341, 65, 175, 1, 1, 1
447, 1, 205, 341, 65, 175, 1, 1, 1
448, 1, 208, 341, 63, 175, 1, 1, 1
449, 1, 210, 341, 61, 175, 1, 1, 1
450, 1, 211, 341, 62, 175, 1, 1, 1
451, 1, 214, 341, 59, 174, 1, 1, 1
452, 1, 212, 341, 61, 173, 1, 1, 1
453, 1, 214, 342, 62, 173, 1, 1, 1
454, 1, 213, 342, 63, 174, 1, 1, 1
455, 1, 214, 343, 57, 172, 1, 1, 1
456, 1, 215, 343, 60, 171, 1, 1, 1
457, 1, 214, 344, 61, 171, 1, 1, 1
458, 1, 215, 344, 64, 171, 1, 1, 1
459, 1, 215, 344, 67, 170, 1, 1, 1
460, 1, 216, 345, 65, 170, 1, 1, 1
461, 1, 215, 344, 68, 170, 1, 1, 1
462, 1, 214, 344, 72, 171, 1, 1, 1
463, 1, 215, 346, 70, 169, 1, 1, 1
464, 1, 214, 346, 71, 169, 1, 1, 1
465, 1, 214, 346, 71, 169, 1, 1, 1
466, 1, 214, 347, 70, 168, 1, 1, 1
467, 1, 212, 347, 71, 169, 1, 1, 1
468, 1, 212, 346, 68, 170, 1, 1, 1
469, 1, 213, 348, 66, 167, 1, 1, 1
470, 1, 214, 347, 65, 169, 1, 1, 1
471, 1, 214, 349, 61, 166, 1, 1, 1
472, 1, 213, 350, 60, 166, 1, 1, 1
473, 1, 213, 351, 58, 164, 1, 1, 1
474, 1, 212, 351, 58, 164, 1, 1, 1
475, 1, 212, 350, 59, 166, 1, 1, 1
476, 1, 211, 352, 59, 163, 1, 1, 1
477, 1, 211, 352, 59, 163, 1, 1, 1
478, 1, 209, 352, 60, 162, 1, 1, 1
479, 1, 208, 353, 61, 162, 1, 1, 1
480, 1, 206, 354, 60, 160, 1, 1, 1
481, 1, 206, 355, 53, 161, 1, 1, 1
482, 1, 205, 356, 54, 159, 1, 1, 1
483, 1, 204, 356, 52, 160, 1, 1, 1
484, 1, 203, 357, 53, 159, 1, 1, 1
485, 1, 202, 359, 53, 157, 1, 1, 1
486, 1, 202, 360, 54, 157, 1, 1, 1
487, 1, 199, 361, 57, 155, 1, 1, 1
488, 1, 198, 364, 58, 153, 1, 1, 1
489, 1, 198, 366, 57, 150, 1, 1, 1
490, 1, 196, 368, 60, 147, 1, 1, 1
491, 1, 197, 369, 58, 147, 1, 1, 1
492, 1, 199, 372, 57, 144, 1, 1, 1
493, 1, 200, 372, 55, 144, 1, 1, 1
494, 1, 202, 373, 54, 143, 1, 1, 1
495, 1, 203, 374, 53, 142, 1, 1, 1
496, 1, 204, 375, 52, 141, 1, 1, 1
497, 1, 206, 376, 49, 140, 1, 1, 1
498, 1, 206, 376, 49, 140, 1, 1, 1
499, 1, 206, 377, 50, 139, 1, 1, 1
500, 1, 208, 377, 49, 138, 1, 1, 1
501, 1, 208, 377, 48, 139, 1, 1, 1
502, 1, 208, 378, 49, 138, 1, 1, 1
503, 1, 208, 378, 49, 138, 1, 1, 1
504, 1, 208, 377, 50, 139, 1, 1, 1
505, 1, 208, 377, 51, 139, 1, 1, 1
506, 1, 208, 376, 51, 140, 1, 1, 1
507, 1, 208, 376, 51, 140, 1, 1, 1
508, 1, 209, 376, 52, 140, 1, 1, 1
509, 1, 208, 375, 53, 142, 1, 1, 1
510, 1, 208, 375, 56, 142, 1, 1, 1
511, 1, 209, 375, 57, 142, 1, 1, 1
512, 1, 210, 375, 58, 142, 1, 1, 1
513, 1, 210, 375, 59, 141, 1, 1, 1
514, 1, 210, 376, 59, 140, 1, 1, 1
515, 1, 210, 376, 61, 140, 1, 1, 1
516, 1, 211, 375, 60, 141, 1, 1, 1
517, 1, 210, 376, 61, 140, 1, 1, 1
518, 1, 211, 376, 60, 140, 1, 1, 1
519, 1, 211, 376, 58, 140, 1, 1, 1
520, 1, 211, 376, 59, 140, 1, 1, 1
521, 1, 211, 376, 58, 139, 1, 1, 1
522, 1, 211, 375, 60, 141, 1, 1, 1
523, 1, 210, 374, 61, 142, 1, 1, 1
524, 1, 211, 373, 61, 142, 1, 1, 1
525, 1, 210, 372, 63, 143, 1, 1, 1
526, 1, 210, 371, 65, 145, 1, 1, 1
527, 1, 210, 368, 67, 147, 1, 1, 1
528, 1, 210, 367, 70, 148, 1, 1, 1
529, 1, 212, 366, 69, 149, 1, 1, 1
530, 1, 211, 365, 71, 149, 1, 1, 1
531, 1, 211, 364, 71, 151, 1, 1, 1
532, 1, 211, 363, 72, 152, 1, 1, 1
533, 1, 212, 361, 72, 154, 1, 1, 1
534, 1, 212, 360, 73, 156, 1, 1, 1
535, 1, 212, 358, 74, 158, 1, 1, 1
536, 1, 211, 357, 77, 159, 1, 1, 1
537, 1, 212, 356, 75, 160, 1, 1, 1
538, 1, 213, 355, 74, 161, 1, 1, 1
539, 1, 213, 354, 75, 162, 1, 1, 1
540, 1, 213, 354, 73, 161, 1, 1, 1
541, 1, 213, 353, 75, 163, 1, 1, 1
542, 1, 214, 351, 72, 165, 1, 1, 1
543, 1, 214, 349, 73, 167, 1, 1, 1
544, 1, 214, 348, 71, 168, 1, 1, 1
545, 1, 214, 348, 74, 167, 1, 1, 1
546, 1, 214, 347, 73, 169, 1, 1, 1
547, 1, 214, 346, 73, 169, 1, 1, 1
548, 1, 214, 345, 71, 170, 1, 1, 1
549, 1, 213, 344, 72, 171, 1, 1, 1
550, 1, 211, 343, 74, 172, 1, 1, 1
551, 1, 210, 344, 75, 171, 1, 1, 1
552, 1, 207, 344, 79, 171, 1, 1, 1
553, 1, 204, 344, 83, 170, 1, 1, 1
554, 1, 204, 343, 81, 171, 1, 1, 1
555, 1, 204, 343, 80, 172, 1, 1, 1
556, 1, 204, 343, 80, 172, 1, 1, 1
557, 1, 202, 343, 79, 172, 1, 1, 1
558, 1, 201, 343, 79, 172, 1, 1, 1
559, 1, 203, 343, 78, 172, 1, 1, 1
560, 1, 201, 343, 80, 172, 1, 1, 1
561, 1, 201, 342, 78, 173, 1, 1, 1
562, 1, 200, 343, 79, 172, 1, 1, 1
563, 1, 200, 343, 79, 172, 1, 1, 1
564, 1, 202, 343, 77, 172, 1, 1, 1
565, 1, 201, 343, 78, 172, 1, 1, 1
566, 1, 199, 343, 78, 172, 1, 1, 1
567, 1, 199, 343, 75, 172, 1, 1, 1
568, 1, 197, 343, 74, 172, 1, 1, 1
569, 1, 199, 343, 72, 172, 1, 1, 1
570, 1, 199, 343, 72, 172, 1, 1, 1
571, 1, 199, 343, 71, 172, 1, 1, 1
572, 1, 200, 343, 71, 172, 1, 1, 1
573, 1, 204, 343, 67, 172, 1, 1, 1
574, 1, 202, 344, 68, 171, 1, 1, 1
575, 1, 210, 345, 59, 170, 1, 1, 1
576, 1, 211, 345, 59, 170, 1, 1, 1
577, 1, 207, 345, 65, 170, 1, 1, 1
578, 1, 210, 345, 65, 170, 1, 1, 1
579, 1, 210, 346, 65, 169, 1, 1, 1
580, 1, 209, 346, 67, 169, 1, 1, 1
581, 1, 211, 346, 71, 169, 1, 1, 1
582, 1, 211, 346, 72, 169, 1, 1, 1
583, 1, 213, 344, 71, 171, 1, 1, 1
584, 1, 211, 347, 73, 168, 1, 1, 1
585, 1, 210, 346, 74, 169, 1, 1, 1
586, 1, 211, 346, 72, 169, 1, 1, 1
587, 1, 212, 346, 71, 169, 1, 1, 1
588, 1, 211, 348, 70, 167, 1, 1, 1
589, 1, 210, 349, 71, 166, 1, 1, 1
590, 1, 212, 349, 66, 166, 1, 1, 1
591, 1, 213, 349, 63, 166, 1, 1, 1
592, 1, 212, 351, 63, 165, 1, 1, 1
593, 1, 212, 351, 61, 165, 1, 1, 1
594, 1, 213, 352, 58, 164, 1, 1, 1
595, 1, 213, 352, 57, 163, 1, 1, 1
596, 1, 213, 352, 58, 164, 1, 1, 1
597, 1, 211, 351, 59, 165, 1, 1, 1
598, 1, 211, 353, 59, 163, 1, 1, 1
599, 1, 210, 353, 60, 163, 1, 1, 1
600, 1, 210, 354, 61, 161, 1, 1, 1
601, 1, 209, 354, 62, 161, 1, 1, 1
602, 1, 208, 354, 62, 161, 1, 1, 1
603, 1, 207, 354, 62, 161, 1, 1, 1
604, 1, 206, 355, 62, 160, 1, 1, 1
605, 1, 206, 355, 59, 160, 1, 1, 1
606, 1, 205, 357, 54, 159, 1, 1, 1
607, 1, 202, 357, 53, 159, 1, 1, 1
608, 1, 202, 358, 52, 158, 1, 1, 1
609, 1, 202, 359, 51, 157, 1, 1, 1
610, 1, 200, 361, 54, 156, 1, 1, 1
611, 1, 199, 362, 55, 155, 1, 1, 1
612, 1, 198, 364, 56, 153, 1, 1, 1
613, 1, 196, 366, 58, 149, 1, 1, 1
614, 1, 197, 367, 58, 148, 1, 1, 1
615, 1, 196, 370, 60, 145, 1, 1, 1
616, 1, 196, 372, 60, 144, 1, 1, 1
617, 1, 197, 373, 59, 143, 1, 1, 1
618, 1, 200, 374, 55, 142, 1, 1, 1
619, 1, 200, 375, 56, 141, 1, 1, 1
620, 1, 202, 377, 54, 139, 1, 1, 1
621, 1, 202, 379, 54, 137, 1, 1, 1
622, 1, 204, 380, 52, 136, 1, 1, 1
623, 1, 203, 381, 55, 135, 1, 1, 1
624, 1, 203, 381, 54, 135, 1, 1, 1
625, 1, 204, 383, 54, 133, 1, 1, 1
626, 1, 204, 384, 53, 132, 1, 1, 1
627, 1, 204, 384, 54, 132, 1, 1, 1
628, 1, 205, 383, 54, 133, 1, 1, 1
629, 1, 205, 383, 54, 133, 1, 1, 1
630, 1, 205, 382, 53, 134, 1, 1, 1
631, 1, 205, 382, 54, 134, 1, 1, 1
632, 1, 205, 381, 54, 135, 1, 1, 1
633, 1, 205, 380, 55, 135, 1, 1, 1
634, 1, 206, 380, 53, 136, 1, 1, 1
635, 1, 209, 380, 49, 136, 1, 1, 1
636, 1, 208, 379, 52, 137, 1, 1, 1
637, 1, 208, 378, 52, 138, 1, 1, 1
638, 1, 208, 378, 53, 137, 1, 1, 1
639, 1, 209, 378, 53, 138, 1, 1, 1
640, 1, 210, 378, 54, 138, 1, 1, 1
641, 1, 210, 378, 57, 138, 1, 1, 1
642, 1, 209, 378, 59, 138, 1, 1, 1
643, 1, 209, 378, 60, 138, 1, 1, 1
644, 1, 209, 379, 60, 136, 1, 1, 1
645, 1, 209, 379, 61, 137, 1, 1, 1
646, 1, 210, 379, 59, 137, 1, 1, 1
647, 1, 210, 380, 59, 136, 1, 1, 1
648, 1, 209, 380, 60, 136, 1, 1, 1
649, 1, 209, 380, 60, 136, 1, 1, 1
650, 1, 209, 379, 59, 137, 1, 1, 1
651, 1, 210, 378, 59, 138, 1, 1, 1
652, 1, 209, 377, 63, 138, 1, 1, 1
653, 1, 210, 375, 64, 140, 1, 1, 1
654, 1, 209, 373, 66, 141, 1, 1, 1
655, 1, 209, 372, 68, 144, 1, 1, 1
656, 1, 210, 371, 69, 145, 1, 1, 1
657, 1, 210, 369, 72, 145, 1, 1, 1
658, 1, 211, 367, 71, 148, 1, 1, 1
659, 1, 211, 366, 72, 149, 1, 1, 1
660, 1, 211, 364, 71, 151, 1, 1, 1
661, 1, 210, 364, 75, 152, 1, 1, 1
662, 1, 211, 361, 71, 154, 1, 1, 1
663, 1, 211, 360, 74, 155, 1, 1, 1
664, 1, 211, 358, 74, 157, 1, 1, 1
665, 1, 211, 357, 75, 158, 1, 1, 1
666, 1, 211, 356, 75, 159, 1, 1, 1
667, 1, 211, 357, 75, 159, 1, 1, 1
668, 1, 212, 373, 74, 144, 1, 1, 1
669, 1, 211, 352, 74, 164, 1, 1, 1
670, 1, 212, 352, 72, 164, 1, 1, 1
671, 1, 211, 351, 74, 166, 1, 1, 1
672, 1, 210, 350, 74, 166, 1, 1, 1
673, 1, 211, 351, 73, 166, 1, 1, 1
674, 1, 209, 349, 72, 167, 1, 1, 1
675, 1, 209, 346, 73, 169, 1, 1, 1
676, 1, 208, 344, 74, 172, 1, 1, 1
677, 1, 205, 343, 76, 173, 1, 1, 1
678, 1, 204, 343, 77, 174, 1, 1, 1
679, 1, 202, 343, 78, 174, 1, 1, 1
680, 1, 198, 343, 81, 174, 1, 1, 1
681, 1, 199, 342, 80, 173, 1, 1, 1
682, 1, 198, 343, 82, 172, 1, 1, 1
683, 1, 197, 343, 83, 172, 1, 1, 1
684, 1, 194, 343, 86, 172, 1, 1, 1
685, 1, 197, 343, 83, 172, 1, 1, 1
686, 1, 198, 343, 83, 173, 1, 1, 1
687, 1, 198, 342, 82, 173, 1, 1, 1
688, 1, 199, 342, 82, 174, 1, 1, 1
689, 1, 199, 342, 82, 173, 1, 1, 1
690, 1, 203, 342, 77, 173, 1, 1, 1
691, 1, 199, 342, 81, 173, 1, 1, 1
692, 1, 199, 342, 81, 173, 1, 1, 1
693, 1, 198, 342, 83, 173, 1, 1, 1
694, 1, 198, 342, 83, 173, 1, 1, 1
695, 1, 200, 342, 77, 174, 1, 1, 1
696, 1, 201, 342, 75, 174, 1, 1, 1
697, 1, 205, 343, 68, 172, 1, 1, 1
698, 1, 203, 343, 70, 171, 1, 1, 1
699, 1, 207, 344, 65, 171, 1, 1, 1
700, 1, 214, 344, 59, 171, 1, 1, 1
701, 1, 210, 344, 63, 171, 1, 1, 1
702, 1, 206, 344, 68, 171, 1, 1, 1
703, 1, 210, 345, 64, 170, 1, 1, 1
704, 1, 214, 345, 61, 170, 1, 1, 1
705, 1, 214, 345, 62, 169, 1, 1, 1
706, 1, 213, 346, 62, 169, 1, 1, 1
707, 1, 213, 347, 62, 168, 1, 1, 1
708, 1, 214, 347, 61, 168, 1, 1, 1
709, 1, 210, 347, 70, 167, 1, 1, 1
710, 1, 212, 348, 71, 166, 1, 1, 1
711, 1, 214, 348, 73, 167, 1, 1, 1
712, 1, 214, 347, 73, 168, 1, 1, 1
713, 1, 214, 347, 73, 167, 1, 1, 1
714, 1, 214, 347, 73, 168, 1, 1, 1
715, 1, 215, 346, 72, 169, 1, 1, 1
716, 1, 214, 347, 71, 168, 1, 1, 1
717, 1, 215, 348, 70, 168, 1, 1, 1
718, 1, 214, 348, 70, 167, 1, 1, 1
719, 1, 217, 348, 66, 168, 1, 1, 1
720, 1, 215, 349, 66, 167, 1, 1, 1
721, 1, 216, 350, 63, 166, 1, 1, 1
722, 1, 216, 351, 60, 165, 1, 1, 1
723, 1, 214, 351, 59, 165, 1, 1, 1
724, 1, 215, 352, 58, 164, 1, 1, 1
725, 1, 214, 353, 57, 163, 1, 1, 1
726, 1, 213, 353, 58, 163, 1, 1, 1
727, 1, 212, 353, 58, 163, 1, 1, 1
728, 1, 212, 353, 58, 163, 1, 1, 1
729, 1, 211, 353, 57, 164, 1, 1, 1
730, 1, 210, 353, 58, 163, 1, 1, 1
731, 1, 209, 354, 55, 161, 1, 1, 1
732, 1, 208, 356, 50, 159, 1, 1, 1
733, 1, 206, 355, 49, 162, 1, 1, 1
734, 1, 205, 355, 51, 162, 1, 1, 1
735, 1, 203, 356, 52, 161, 1, 1, 1
736, 1, 203, 357, 51, 159, 1, 1, 1
737, 1, 200, 358, 55, 158, 1, 1, 1
738, 1, 199, 359, 57, 157, 1, 1, 1
739, 1, 197, 361, 60, 155, 1, 1, 1
740, 1, 196, 363, 60, 153, 1, 1, 1
741, 1, 196, 365, 60, 150, 1, 1, 1
742, 1, 195, 368, 62, 148, 1, 1, 1
743, 1, 194, 370, 64, 146, 1, 1, 1
744, 1, 195, 371, 63, 145, 1, 1, 1
745, 1, 195, 373, 62, 143, 1, 1, 1
746, 1, 194, 374, 64, 142, 1, 1, 1
747, 1, 196, 376, 62, 140, 1, 1, 1
748, 1, 199, 377, 60, 139, 1, 1, 1
749, 1, 199, 379, 61, 137, 1, 1, 1
750, 1, 201, 381, 59, 134, 1, 1, 1
1, 2, 28, 256, 88, 236, 1, 1, 1
2, 2, 30, 256, 87, 235, 1, 1, 1
3, 2, 29, 256, 87, 235, 1, 1, 1
4, 2, 30, 256, 86, 234, 1, 1, 1
5, 2, 30, 256, 86, 236, 1, 1, 1
6, 2, 29, 256, 88, 236, 1, 1, 1
7, 2, 30, 256, 86, 236, 1, 1, 1
8, 2, 31, 256, 85, 235, 1, 1, 1
9, 2, 30, 256, 86, 235, 1, 1, 1
10, 2, 29, 256, 87, 236, 1, 1, 1
11, 2, 29, 257, 87, 234, 1, 1, 1
12, 2, 30, 257, 87, 233, 1, 1, 1
13, 2, 29, 257, 87, 233, 1, 1, 1
14, 2, 30, 257, 85, 234, 1, 1, 1
15, 2, 28, 257, 87, 233, 1, 1, 1
16, 2, 28, 257, 89, 234, 1, 1, 1
17, 2, 29, 257, 87, 233, 1, 1, 1
18, 2, 29, 257, 88, 232, 1, 1, 1
19, 2, 29, 256, 88, 234, 1, 1, 1
20, 2, 28, 256, 89, 235, 1, 1, 1
21, 2, 27, 257, 90, 234, 1, 1, 1
22, 2, 27, 257, 90, 232, 1, 1, 1
23, 2, 28, 256, 89, 235, 1, 1, 1
24, 2, 28, 256, 88, 234, 1, 1, 1
25, 2, 28, 257, 89, 234, 1, 1, 1
26, 2, 28, 256, 87, 235, 1, 1, 1
27, 2, 28, 257, 88, 234, 1, 1, 1
28, 2, 28, 257, 89, 233, 1, 1, 1
29, 2, 28, 257, 89, 234, 1, 1, 1
30, 2, 28, 256, 88, 235, 1, 1, 1
31, 2, 27, 256, 89, 235, 1, 1, 1
32, 2, 24, 257, 92, 232, 1, 1, 1
33, 2, 25, 257, 90, 233, 1, 1, 1
34, 2, 26, 257, 89, 233, 1, 1, 1
35, 2, 27, 257, 90, 234, 1, 1, 1
36, 2, 26, 257, 89, 235, 1, 1, 1
37, 2, 25, 257, 91, 234, 1, 1, 1
38, 2, 26, 257, 90, 235, 1, 1, 1
39, 2, 27, 257, 88, 234, 1, 1, 1
40, 2, 27, 256, 89, 236, 1, 1, 1
41, 2, 27, 256, 89, 235, 1, 1, 1
42, 2, 28, 256, 88, 234, 1, 1, 1
43, 2, 28, 256, 87, 235, 1, 1, 1
44, 2, 27, 256, 88, 235, 1, 1, 1
45, 2, 27, 256, 88, 234, 1, 1, 1
46, 2, 28, 257, 87, 233, 1, 1, 1
47, 2, 27, 257, 89, 233, 1, 1, 1
48, 2, 28, 257, 87, 232, 1, 1, 1
49, 2, 27, 257, 88, 234, 1, 1, 1
50, 2, 28, 256, 88, 234, 1, 1, 1
51, 2, 27, 257, 88, 234, 1, 1, 1
52, 2, 27, 257, 89, 234, 1, 1, 1
53, 2, 28, 257, 87, 234, 1, 1, 1
54, 2, 28, 257, 87, 233, 1, 1, 1
55, 2, 28, 257, 88, 232, 1, 1, 1
56, 2, 28, 257, 86, 234, 1, 1, 1
57, 2, 27, 257, 87, 234, 1, 1, 1
58, 2, 27, 257, 88, 233, 1, 1, 1
59, 2, 27, 257, 87, 234, 1, 1, 1
60, 2, 27, 257, 89, 232, 1, 1, 1
61, 2, 27, 256, 89, 235, 1, 1, 1
62, 2, 28, 257, 87, 234, 1, 1, 1
63, 2, 26, 257, 89, 233, 1, 1, 1
64, 2, 28, 257, 89, 234, 1, 1, 1
65, 2, 28, 257, 89, 233, 1, 1, 1
66, 2, 28, 256, 89, 235, 1, 1, 1
67, 2, 27, 256, 90, 234, 1, 1, 1
68, 2, 28, 257, 89, 233, 1, 1, 1
69, 2, 27, 257, 89, 233, 1, 1, 1
70, 2, 27, 257, 90, 233, 1, 1, 1
71, 2, 28, 257, 88, 234, 1, 1, 1
72, 2, 27, 256, 90, 235, 1, 1, 1
73, 2, 28, 256, 89, 235, 1, 1, 1
74, 2, 28, 257, 88, 232, 1, 1, 1
75, 2, 27, 256, 90, 234, 1, 1, 1
76, 2, 27, 257, 89, 233, 1, 1, 1
77, 2, 27, 257, 89, 234, 1, 1, 1
78, 2, 27, 256, 90, 235, 1, 1, 1
79, 2, 27, 257, 90, 233, 1, 1, 1
80, 2, 28, 257, 89, 233, 1, 1, 1
81, 2, 29, 257, 89, 233, 1, 1, 1
82, 2, 29, 256, 88, 233, 1, 1, 1
83, 2, 28, 256, 89, 233, 1, 1, 1
84, 2, 27, 256, 89, 234, 1, 1, 1
85, 2, 28, 256, 89, 233, 1, 1, 1
86, 2, 28, 256, 89, 233, 1, 1, 1
87, 2, 27, 256, 90, 235, 1, 1, 1
88, 2, 27, 256, 91, 235, 1, 1, 1
89, 2, 28, 256, 89, 233, 1, 1, 1
90, 2, 28, 256, 88, 233, 1, 1, 1
91, 2, 28, 256, 88, 235, 1, 1, 1
92, 2, 28, 256, 89, 234, 1, 1, 1
93, 2, 28, 256, 88, 235, 1, 1, 1
94, 2, 29, 256, 87, 235, 1, 1, 1
95, 2, 29, 256, 88, 235, 1, 1, 1
96, 2, 29, 256, 87, 235, 1, 1, 1
97, 2, 29, 256, 87, 234, 1, 1, 1
98, 2, 29, 256, 88, 235, 1, 1, 1
99, 2, 28, 256, 88, 235, 1, 1, 1
100, 2, 29, 256, 87, 235, 1, 1, 1
101, 2, 28, 256, 88, 234, 1, 1, 1
102, 2, 29, 256, 86, 235, 1, 1, 1
103, 2, 28, 256, 88, 235, 1, 1, 1
104, 2, 28, 256, 88, 234, 1, 1, 1
105, 2, 29, 256, 88, 235, 1, 1, 1
106, 2, 29, 256, 87, 233, 1, 1, 1
107, 2, 28, 256, 88, 235, 1, 1, 1
108, 2, 28, 256, 87, 233, 1, 1, 1
109, 2, 28, 256, 88, 235, 1, 1, 1
110, 2, 29, 256, 86, 234, 1, 1, 1
111, 2, 29, 256, 87, 235, 1, 1, 1
112, 2, 28, 256, 88, 235, 1, 1, 1
113, 2, 29, 256, 87, 235, 1, 1, 1
114, 2, 29, 256, 87, 234, 1, 1, 1
115, 2, 28, 256, 88, 233, 1, 1, 1
116, 2, 29, 256, 88, 234, 1, 1, 1
117, 2, 28, 256, 89, 235, 1, 1, 1
118, 2, 29, 256, 87, 235, 1, 1, 1
119, 2, 28, 256, 89, 234, 1, 1, 1
120, 2, 29, 256, 88, 235, 1, 1, 1
121, 2, 29, 256, 88, 235, 1, 1, 1
122, 2, 28, 256, 88, 235, 1, 1, 1
123, 2, 28, 256, 88, 236, 1, 1, 1
124, 2, 28, 256, 87, 236, 1, 1, 1
125, 2, 29, 256, 88, 235, 1, 1, 1
126, 2, 29, 256, 86, 234, 1, 1, 1
127, 2, 29, 256, 86, 234, 1, 1, 1
128, 2, 32, 255, 83, 236, 1, 1, 1
129, 2, 31, 256, 85, 235, 1, 1, 1
130, 2, 31, 256, 84, 235, 1, 1, 1
131, 2, 32, 256, 83, 236, 1, 1, 1
132, 2, 33, 256, 83, 235, 1, 1, 1
133, 2, 32, 256, 83, 235, 1, 1, 1
134, 2, 31, 256, 85, 235, 1, 1, 1
135, 2, 32, 256, 83, 235, 1, 1, 1
136, 2, 31, 256, 85, 236, 1, 1, 1
137, 2, 30, 256, 86, 236, 1, 1, 1
138, 2, 30, 256, 85, 235, 1, 1, 1
139, 2, 30, 256, 85, 235, 1, 1, 1
140, 2, 31, 256, 84, 234, 1, 1, 1
141, 2, 34, 256, 82, 237, 1, 1, 1
142, 2, 35, 256, 80, 235, 1, 1, 1
143, 2, 35, 256, 80, 234, 1, 1, 1
144, 2, 36, 256, 80, 235, 1, 1, 1
145, 2, 35, 256, 81, 235, 1, 1, 1
146, 2, 34, 256, 82, 236, 1, 1, 1
147, 2, 36, 255, 79, 237, 1, 1, 1
148, 2, 37, 255, 79, 236, 1, 1, 1
149, 2, 36, 255, 81, 237, 1, 1, 1
150, 2, 37, 254, 79, 236, 1, 1, 1
151, 2, 35, 254, 82, 238, 1, 1, 1
152, 2, 34, 254, 83, 238, 1, 1, 1
153, 2, 37, 254, 80, 238, 1, 1, 1
154, 2, 36, 254, 82, 240, 1, 1, 1
155, 2, 35, 254, 83, 239, 1, 1, 1
156, 2, 34, 253, 83, 239, 1, 1, 1
157, 2, 34, 254, 83, 238, 1, 1, 1
158, 2, 36, 254, 82, 237, 1, 1, 1
159, 2, 36, 255, 82, 237, 1, 1, 1
160, 2, 35, 254, 83, 236, 1, 1, 1
161, 2, 33, 254, 85, 236, 1, 1, 1
162, 2, 33, 253, 85, 237, 1, 1, 1
163, 2, 32, 254, 86, 236, 1, 1, 1
164, 2, 32, 253, 87, 236, 1, 1, 1
165, 2, 31, 254, 87, 235, 1, 1, 1
166, 2, 31, 255, 87, 234, 1, 1, 1
167, 2, 31, 254, 87, 235, 1, 1, 1
168, 2, 30, 252, 88, 238, 1, 1, 1
169, 2, 30, 252, 88, 237, 1, 1, 1
170, 2, 29, 252, 88, 238, 1, 1, 1
171, 2, 29, 252, 87, 237, 1, 1, 1
172, 2, 28, 252, 90, 238, 1, 1, 1
173, 2, 28, 252, 90, 236, 1, 1, 1
174, 2, 29, 251, 89, 238, 1, 1, 1
175, 2, 28, 251, 91, 239, 1, 1, 1
176, 2, 28, 252, 91, 236, 1, 1, 1
177, 2, 27, 252, 90, 237, 1, 1, 1
178, 2, 27, 252, 91, 237, 1, 1, 1
179, 2, 28, 251, 89, 240, 1, 1, 1
180, 2, 28, 251, 90, 239, 1, 1, 1
181, 2, 28, 251, 89, 237, 1, 1, 1
182, 2, 28, 251, 88, 237, 1, 1, 1
183, 2, 29, 252, 88, 237, 1, 1, 1
184, 2, 26, 250, 91, 239, 1, 1, 1
185, 2, 26, 249, 93, 239, 1, 1, 1
186, 2, 26, 250, 93, 238, 1, 1, 1
187, 2, 26, 250, 93, 238, 1, 1, 1
188, 2, 26, 250, 92, 239, 1, 1, 1
189, 2, 26, 249, 91, 240, 1, 1, 1
190, 2, 27, 249, 90, 239, 1, 1, 1
191, 2, 27, 250, 91, 238, 1, 1, 1
192, 2, 26, 250, 92, 239, 1, 1, 1
193, 2, 27, 249, 92, 240, 1, 1, 1
194, 2, 26, 249, 93, 239, 1, 1, 1
195, 2, 27, 249, 92, 240, 1, 1, 1
196, 2, 26, 250, 92, 239, 1, 1, 1
197, 2, 25, 250, 93, 240, 1, 1, 1
198, 2, 24, 249, 95, 240, 1, 1, 1
199, 2, 27, 249, 90, 240, 1, 1, 1
200, 2, 25, 248, 93, 241, 1, 1, 1
201, 2, 24, 248, 93, 241, 1, 1, 1
202, 2, 25, 247, 93, 243, 1, 1, 1
203, 2, 25, 247, 92, 243, 1, 1, 1
204, 2, 26, 247, 91, 243, 1, 1, 1
205, 2, 25, 247, 92, 243, 1, 1, 1
206, 2, 26, 248, 91, 241, 1, 1, 1
207, 2, 26, 248, 93, 241, 1, 1, 1
208, 2, 25, 249, 92, 239, 1, 1, 1
209, 2, 25, 248, 93, 242, 1, 1, 1
210, 2, 26, 248, 91, 241, 1, 1, 1
211, 2, 26, 248, 91, 241, 1, 1, 1
212, 2, 25, 248, 93, 242, 1, 1, 1
213, 2, 25, 248, 92, 242, 1, 1, 1
214, 2, 26, 248, 91, 241, 1, 1, 1
215, 2, 26, 248, 92, 240, 1, 1, 1
216, 2, 26, 248, 91, 240, 1, 1, 1
217, 2, 25, 248, 92, 241, 1, 1, 1
218, 2, 26, 248, 91, 240, 1, 1, 1
219, 2, 26, 248, 91, 239, 1, 1, 1
220, 2, 26, 248, 90, 240, 1, 1, 1
221, 2, 26, 249, 91, 239, 1, 1, 1
222, 2, 26, 249, 91, 240, 1, 1, 1
223, 2, 26, 249, 92, 239, 1, 1, 1
224, 2, 26, 249, 91, 238, 1, 1, 1
225, 2, 26, 249, 91, 237, 1, 1, 1
226, 2, 26, 249, 92, 238, 1, 1, 1
227, 2, 25, 249, 94, 237, 1, 1, 1
228, 2, 27, 249, 92, 238, 1, 1, 1
229, 2, 26, 249, 93, 239, 1, 1, 1
230, 2, 26, 249, 92, 239, 1, 1, 1
231, 2, 25, 249, 94, 238, 1, 1, 1
232, 2, 25, 249, 92, 239, 1, 1, 1
233, 2, 25, 249, 94, 239, 1, 1, 1
234, 2, 27, 249, 92, 238, 1, 1, 1
235, 2, 27, 249, 91, 240, 1, 1, 1
236, 2, 26, 249, 93, 239, 1, 1, 1
237, 2, 26, 249, 92, 240, 1, 1, 1
238, 2, 27, 248, 91, 240, 1, 1, 1
239, 2, 27, 248, 92, 241, 1, 1, 1
240, 2, 27, 248, 91, 240, 1, 1, 1
241, 2, 26, 248, 93, 240, 1, 1, 1
242, 2, 26, 248, 93, 242, 1, 1, 1
243, 2, 27, 248, 92, 240, 1, 1, 1
244, 2, 26, 248, 92, 240, 1, 1, 1
245, 2, 26, 248, 92, 242, 1, 1, 1
246, 2, 25, 248, 94, 241, 1, 1, 1
247, 2, 26, 248, 92, 238, 1, 1, 1
248, 2, 25, 248, 94, 241, 1, 1, 1
249, 2, 26, 248, 93, 241, 1, 1, 1
250, 2, 25, 248, 94, 241, 1, 1, 1
251, 2, 25, 248, 93, 241, 1, 1, 1
252, 2, 25, 248, 92, 241, 1, 1, 1
253, 2, 26, 247, 92, 241, 1, 1, 1
254, 2, 26, 247, 91, 243, 1, 1, 1
255, 2, 26, 247, 92, 243, 1, 1, 1
256, 2, 27, 247, 90, 242, 1, 1, 1
257, 2, 27, 247, 90, 242, 1, 1, 1
258, 2, 25, 246, 93, 244, 1, 1, 1
259, 2, 26, 247, 92, 242, 1, 1, 1
260, 2, 26, 247, 91, 242, 1, 1, 1
261, 2, 26, 247, 92, 242, 1, 1, 1
262, 2, 26, 247, 92, 242, 1, 1, 1
263, 2, 25, 247, 93, 242, 1, 1, 1
264, 2, 26, 246, 92, 241, 1, 1, 1
265, 2, 26, 247, 92, 243, 1, 1, 1
266, 2, 27, 247, 91, 242, 1, 1, 1
267, 2, 27, 247, 91, 242, 1, 1, 1
268, 2, 26, 247, 92, 242, 1, 1, 1
269, 2, 26, 247, 90, 242, 1, 1, 1
270, 2, 26, 247, 91, 242, 1, 1, 1
271, 2, 26, 247, 91, 242, 1, 1, 1
272, 2, 27, 247, 91, 241, 1, 1, 1
273, 2, 27, 247, 91, 242, 1, 1, 1
274, 2, 26, 247, 92, 239, 1, 1, 1
275, 2, 27, 247, 92, 242, 1, 1, 1
276, 2, 27, 247, 91, 240, 1, 1, 1
277, 2, 26, 247, 93, 240, 1, 1, 1
278, 2, 27, 247, 92, 242, 1, 1, 1
279, 2, 26, 247, 92, 241, 1, 1, 1
280, 2, 27, 246, 92, 242, 1, 1, 1
281, 2, 26, 247, 93, 241, 1, 1, 1
282, 2, 27, 246, 91, 243, 1, 1, 1
283, 2, 26, 246, 90, 243, 1, 1, 1
284, 2, 26, 246, 92, 244, 1, 1, 1
285, 2, 27, 246, 91, 243, 1, 1, 1
286, 2, 27, 246, 91, 244, 1, 1, 1
287, 2, 27, 247, 92, 242, 1, 1, 1
288, 2, 26, 247, 93, 243, 1, 1, 1
289, 2, 26, 246, 92, 244, 1, 1, 1
290, 2, 27, 246, 92, 243, 1, 1, 1
291, 2, 26, 247, 92, 242, 1, 1, 1
292, 2, 27, 246, 91, 243, 1, 1, 1
293, 2, 26, 247, 93, 243, 1, 1, 1
294, 2, 26, 247, 92, 243, 1, 1, 1
295, 2, 27, 246, 91, 244, 1, 1, 1
296, 2, 26, 246, 92, 243, 1, 1, 1
297, 2, 26, 246, 92, 243, 1, 1, 1
298, 2, 26, 246, 93, 244, 1, 1, 1
299, 2, 26, 246, 92, 245, 1, 1, 1
300, 2, 27, 247, 92, 244, 1, 1, 1
301, 2, 26, 247, 93, 244, 1, 1, 1
302, 2, 27, 247, 92, 244, 1, 1, 1
303, 2, 26, 247, 93, 244, 1, 1, 1
304, 2, 26, 247, 93, 245, 1, 1, 1
305, 2, 26, 247, 93, 244, 1, 1, 1
306, 2, 27, 246, 92, 246, 1, 1, 1
307, 2, 26, 246, 92, 244, 1, 1, 1
308, 2, 27, 246, 90, 246, 1, 1, 1
309, 2, 27, 246, 92, 245, 1, 1, 1
310, 2, 26, 246, 93, 244, 1, 1, 1
311, 2, 26, 246, 93, 246, 1, 1, 1
312, 2, 26, 246, 93, 245, 1, 1, 1
313, 2, 26, 246, 92, 245, 1, 1, 1
314, 2, 26, 246, 93, 245, 1, 1, 1
315, 2, 26, 246, 93, 244, 1, 1, 1
316, 2, 26, 246, 93, 244, 1, 1, 1
317, 2, 26, 246, 93, 245, 1, 1, 1
318, 2, 27, 246, 92, 245, 1, 1, 1
319, 2, 26, 246, 92, 245, 1, 1, 1
320, 2, 26, 246, 93, 245, 1, 1, 1
321, 2, 26, 246, 92, 245, 1, 1, 1
322, 2, 27, 246, 92, 245, 1, 1, 1
323, 2, 26, 246, 93, 244, 1, 1, 1
324, 2, 26, 245, 93, 245, 1, 1, 1
325, 2, 27, 246, 92, 245, 1, 1, 1
326, 2, 26, 246, 93, 245, 1, 1, 1
327, 2, 26, 246, 93, 245, 1, 1, 1
328, 2, 26, 246, 92, 245, 1, 1, 1
329, 2, 26, 246, 93, 245, 1, 1, 1
330, 2, 27, 246, 91, 245, 1, 1, 1
331, 2, 27, 246, 91, 245, 1, 1, 1
332, 2, 26, 246, 93, 244, 1, 1, 1
333, 2, 26, 246, 93, 244, 1, 1, 1
334, 2, 26, 246, 93, 244, 1, 1, 1
335, 2, 27, 246, 91, 245, 1, 1, 1
336, 2, 27, 246, 92, 245, 1, 1, 1
337, 2, 26, 246, 93, 244, 1, 1, 1
338, 2, 26, 246, 93, 245, 1, 1, 1
339, 2, 26, 247, 93, 243, 1, 1, 1
340, 2, 26, 247, 92, 244, 1, 1, 1
341, 2, 26, 247, 91, 244, 1, 1, 1
342, 2, 27, 247, 91, 244, 1, 1, 1
343, 2, 26, 247, 92, 242, 1, 1, 1
344, 2, 26, 247, 92, 244, 1, 1, 1
345, 2, 26, 247, 92, 242, 1, 1, 1
346, 2, 27, 247, 91, 242, 1, 1, 1
347, 2, 27, 247, 89, 243, 1, 1, 1
348, 2, 26, 247, 91, 243, 1, 1, 1
349, 2, 27, 247, 92, 243, 1, 1, 1
350, 2, 26, 247, 92, 242, 1, 1, 1
351, 2, 26, 247, 92, 243, 1, 1, 1
352, 2, 26, 247, 93, 243, 1, 1, 1
353, 2, 26, 247, 93, 242, 1, 1, 1
354, 2, 26, 247, 93, 243, 1, 1, 1
355, 2, 28, 247, 91, 243, 1, 1, 1
356, 2, 28, 247, 91, 241, 1, 1, 1
357, 2, 27, 247, 92, 243, 1, 1, 1
358, 2, 26, 247, 92, 243, 1, 1, 1
359, 2, 27, 247, 89, 243, 1, 1, 1
360, 2, 27, 247, 92, 242, 1, 1, 1
361, 2, 27, 247, 92, 243, 1, 1, 1
362, 2, 27, 247, 91, 242, 1, 1, 1
363, 2, 27, 248, 92, 240, 1, 1, 1
364, 2, 28, 248, 90, 240, 1, 1, 1
365, 2, 27, 249, 92, 238, 1, 1, 1
366, 2, 27, 250, 91, 239, 1, 1, 1
367, 2, 28, 250, 91, 238, 1, 1, 1
368, 2, 26, 250, 93, 237, 1, 1, 1
369, 2, 27, 250, 92, 238, 1, 1, 1
370, 2, 26, 256, 91, 230, 1, 1, 1
371, 2, 27, 253, 91, 233, 1, 1, 1
372, 2, 27, 251, 90, 236, 1, 1, 1
373, 2, 26, 253, 93, 235, 1, 1, 1
374, 2, 26, 253, 92, 234, 1, 1, 1
375, 2, 27, 252, 90, 234, 1, 1, 1
376, 2, 27, 253, 91, 234, 1, 1, 1
377, 2, 26, 253, 93, 234, 1, 1, 1
378, 2, 27, 253, 91, 234, 1, 1, 1
379, 2, 26, 253, 93, 234, 1, 1, 1
380, 2, 26, 253, 93, 233, 1, 1, 1
381, 2, 26, 253, 92, 234, 1, 1, 1
382, 2, 27, 253, 91, 233, 1, 1, 1
383, 2, 26, 253, 93, 234, 1, 1, 1
384, 2, 26, 253, 92, 234, 1, 1, 1
385, 2, 26, 253, 92, 234, 1, 1, 1
386, 2, 26, 253, 91, 234, 1, 1, 1
387, 2, 26, 253, 92, 233, 1, 1, 1
388, 2, 26, 253, 91, 234, 1, 1, 1
389, 2, 26, 253, 92, 234, 1, 1, 1
390, 2, 27, 253, 90, 234, 1, 1, 1
391, 2, 26, 253, 92, 234, 1, 1, 1
392, 2, 26, 253, 91, 234, 1, 1, 1
393, 2, 27, 253, 91, 234, 1, 1, 1
394, 2, 27, 254, 90, 233, 1, 1, 1
395, 2, 26, 254, 92, 233, 1, 1, 1
396, 2, 26, 254, 92, 232, 1, 1, 1
397, 2, 28, 256, 91, 230, 1, 1, 1
398, 2, 27, 256, 91, 231, 1, 1, 1
399, 2, 27, 256, 91, 230, 1, 1, 1
400, 2, 27, 256, 92, 231, 1, 1, 1
401, 2, 28, 256, 90, 230, 1, 1, 1
402, 2, 28, 256, 90, 231, 1, 1, 1
403, 2, 27, 256, 92, 230, 1, 1, 1
404, 2, 27, 256, 92, 231, 1, 1, 1
405, 2, 27, 256, 92, 231, 1, 1, 1
406, 2, 28, 256, 90, 231, 1, 1, 1
407, 2, 27, 256, 92, 231, 1, 1, 1
408, 2, 27, 257, 92, 229, 1, 1, 1
409, 2, 27, 257, 91, 230, 1, 1, 1
410, 2, 27, 256, 91, 230, 1, 1, 1
411, 2, 27, 256, 91, 231, 1, 1, 1
412, 2, 27, 256, 91, 231, 1, 1, 1
413, 2, 27, 256, 92, 231, 1, 1, 1
414, 2, 28, 256, 90, 231, 1, 1, 1
415, 2, 28, 256, 91, 230, 1, 1, 1
416, 2, 27, 256, 90, 231, 1, 1, 1
417, 2, 27, 256, 90, 231, 1, 1, 1
418, 2, 27, 255, 91, 232, 1, 1, 1
419, 2, 27, 255, 92, 229, 1, 1, 1
420, 2, 27, 255, 92, 231, 1, 1, 1
421, 2, 26, 255, 93, 231, 1, 1, 1
422, 2, 26, 256, 93, 231, 1, 1, 1
423, 2, 26, 255, 92, 232, 1, 1, 1
424, 2, 26, 255, 92, 231, 1, 1, 1
425, 2, 28, 255, 89, 232, 1, 1, 1
426, 2, 27, 255, 91, 231, 1, 1, 1
427, 2, 27, 255, 91, 231, 1, 1, 1
428, 2, 28, 255, 90, 232, 1, 1, 1
429, 2, 27, 255, 92, 232, 1, 1, 1
430, 2, 28, 255, 90, 232, 1, 1, 1
431, 2, 27, 255, 91, 232, 1, 1, 1
432, 2, 27, 255, 90, 233, 1, 1, 1
433, 2, 27, 255, 91, 232, 1, 1, 1
434, 2, 27, 255, 91, 233, 1, 1, 1
435, 2, 27, 255, 91, 231, 1, 1, 1
436, 2, 28, 255, 90, 231, 1, 1, 1
437, 2, 27, 255, 90, 231, 1, 1, 1
438, 2, 28, 255, 89, 232, 1, 1, 1
439, 2, 27, 255, 91, 231, 1, 1, 1
440, 2, 28, 255, 90, 232, 1, 1, 1
441, 2, 27, 255, 90, 232, 1, 1, 1
442, 2, 27, 255, 90, 232, 1, 1, 1
443, 2, 27, 255, 91, 232, 1, 1, 1
444, 2, 27, 255, 91, 231, 1, 1, 1
445, 2, 28, 255, 90, 231, 1, 1, 1
446, 2, 27, 255, 90, 232, 1, 1, 1
447, 2, 27, 255, 91, 232, 1, 1, 1
448, 2, 27, 255, 90, 233, 1, 1, 1
449, 2, 27, 255, 91, 233, 1, 1, 1
450, 2, 27, 255, 91, 233, 1, 1, 1
451, 2, 28, 254, 90, 234, 1, 1, 1
452, 2, 28, 254, 90, 234, 1, 1, 1
453, 2, 27, 254, 91, 234, 1, 1, 1
454, 2, 27, 254, 91, 233, 1, 1, 1
455, 2, 28, 254, 90, 233, 1, 1, 1
456, 2, 28, 254, 90, 233, 1, 1, 1
457, 2, 27, 254, 91, 234, 1, 1, 1
458, 2, 27, 254, 91, 234, 1, 1, 1
459, 2, 27, 254, 91, 234, 1, 1, 1
460, 2, 27, 254, 91, 234, 1, 1, 1
461, 2, 27, 254, 91, 233, 1, 1, 1
462, 2, 27, 254, 90, 234, 1, 1, 1
463, 2, 28, 254, 90, 232, 1, 1, 1
464, 2, 28, 254, 90, 231, 1, 1, 1
465, 2, 27, 254, 91, 233, 1, 1, 1
466, 2, 27, 254, 90, 233, 1, 1, 1
467, 2, 29, 254, 89, 233, 1, 1, 1
468, 2, 29, 254, 90, 234, 1, 1, 1
469, 2, 28, 254, 89, 234, 1, 1, 1
470, 2, 28, 254, 90, 233, 1, 1, 1
471, 2, 28, 254, 90, 233, 1, 1, 1
472, 2, 29, 254, 89, 232, 1, 1, 1
473, 2, 28, 254, 91, 232, 1, 1, 1
474, 2, 27, 254, 91, 233, 1, 1, 1
475, 2, 27, 254, 92, 231, 1, 1, 1
476, 2, 27, 254, 92, 231, 1, 1, 1
477, 2, 29, 254, 89, 230, 1, 1, 1
478, 2, 29, 254, 89, 232, 1, 1, 1
479, 2, 28, 254, 91, 231, 1, 1, 1
480, 2, 29, 254, 90, 234, 1, 1, 1
481, 2, 28, 254, 91, 233, 1, 1, 1
482, 2, 29, 254, 89, 233, 1, 1, 1
483, 2, 28, 254, 91, 233, 1, 1, 1
484, 2, 28, 254, 91, 232, 1, 1, 1
485, 2, 28, 254, 91, 233, 1, 1, 1
486, 2, 28, 254, 90, 232, 1, 1, 1
487, 2, 28, 254, 90, 233, 1, 1, 1
488, 2, 27, 254, 91, 232, 1, 1, 1
489, 2, 27, 254, 90, 233, 1, 1, 1
490, 2, 28, 254, 90, 233, 1, 1, 1
491, 2, 27, 254, 90, 231, 1, 1, 1
492, 2, 27, 254, 91, 233, 1, 1, 1
493, 2, 28, 254, 90, 232, 1, 1, 1
494, 2, 28, 254, 90, 234, 1, 1, 1
495, 2, 27, 253, 91, 234, 1, 1, 1
496, 2, 27, 253, 91, 235, 1, 1, 1
497, 2, 29, 253, 89, 237, 1, 1, 1
498, 2, 30, 252, 88, 239, 1, 1, 1
499, 2, 29, 252, 88, 236, 1, 1, 1
500, 2, 30, 252, 88, 237, 1, 1, 1
501, 2, 30, 252, 88, 237, 1, 1, 1
502, 2, 29, 252, 89, 236, 1, 1, 1
503, 2, 29, 253, 89, 234, 1, 1, 1
504, 2, 29, 253, 89, 236, 1, 1, 1
505, 2, 28, 253, 89, 235, 1, 1, 1
506, 2, 30, 253, 88, 235, 1, 1, 1
507, 2, 30, 253, 87, 236, 1, 1, 1
508, 2, 28, 253, 90, 235, 1, 1, 1
509, 2, 29, 253, 89, 237, 1, 1, 1
510, 2, 29, 253, 88, 236, 1, 1, 1
511, 2, 29, 253, 89, 235, 1, 1, 1
512, 2, 28, 253, 89, 234, 1, 1, 1
513, 2, 29, 253, 88, 235, 1, 1, 1
514, 2, 28, 253, 90, 236, 1, 1, 1
515, 2, 28, 253, 89, 234, 1, 1, 1
516, 2, 28, 253, 89, 235, 1, 1, 1
517, 2, 29, 253, 88, 235, 1, 1, 1
518, 2, 29, 253, 88, 234, 1, 1, 1
519, 2, 29, 253, 89, 235, 1, 1, 1
520, 2, 28, 253, 90, 236, 1, 1, 1
521, 2, 28, 253, 89, 237, 1, 1, 1
522, 2, 28, 253, 89, 237, 1, 1, 1
523, 2, 28, 254, 89, 236, 1, 1, 1
524, 2, 28, 254, 90, 236, 1, 1, 1
525, 2, 29, 254, 89, 237, 1, 1, 1
526, 2, 29, 254, 88, 237, 1, 1, 1
527, 2, 29, 254, 88, 237, 1, 1, 1
528, 2, 29, 255, 89, 235, 1, 1, 1
529, 2, 28, 254, 89, 236, 1, 1, 1
530, 2, 28, 254, 90, 235, 1, 1, 1
531, 2, 28, 254, 89, 237, 1, 1, 1
532, 2, 29, 254, 89, 236, 1, 1, 1
533, 2, 29, 255, 89, 234, 1, 1, 1
534, 2, 29, 255, 89, 233, 1, 1, 1
535, 2, 28, 255, 88, 235, 1, 1, 1
536, 2, 28, 255, 88, 235, 1, 1, 1
537, 2, 28, 255, 89, 235, 1, 1, 1
538, 2, 28, 254, 88, 236, 1, 1, 1
539, 2, 29, 254, 87, 236, 1, 1, 1
540, 2, 27, 254, 89, 236, 1, 1, 1
541, 2, 28, 254, 89, 236, 1, 1, 1
542, 2, 28, 254, 89, 235, 1, 1, 1
543, 2, 28, 254, 89, 236, 1, 1, 1
544, 2, 28, 255, 88, 234, 1, 1, 1
545, 2, 28, 255, 89, 235, 1, 1, 1
546, 2, 29, 255, 87, 235, 1, 1, 1
547, 2, 28, 255, 89, 234, 1, 1, 1
548, 2, 27, 255, 90, 234, 1, 1, 1
549, 2, 27, 255, 89, 235, 1, 1, 1
550, 2, 28, 255, 87, 235, 1, 1, 1
551, 2, 27, 255, 90, 235, 1, 1, 1
552, 2, 28, 255, 87, 234, 1, 1, 1
553, 2, 27, 255, 89, 234, 1, 1, 1
554, 2, 27, 255, 88, 234, 1, 1, 1
555, 2, 28, 254, 87, 236, 1, 1, 1
556, 2, 29, 254, 86, 235, 1, 1, 1
557, 2, 29, 254, 86, 236, 1, 1, 1
558, 2, 28, 254, 86, 235, 1, 1, 1
559, 2, 28, 254, 88, 234, 1, 1, 1
560, 2, 29, 254, 87, 234, 1, 1, 1
561, 2, 29, 254, 87, 235, 1, 1, 1
562, 2, 29, 254, 87, 236, 1, 1, 1
563, 2, 28, 255, 87, 234, 1, 1, 1
564, 2, 28, 254, 87, 236, 1, 1, 1
565, 2, 29, 254, 85, 236, 1, 1, 1
566, 2, 28, 254, 87, 235, 1, 1, 1
567, 2, 28, 255, 87, 235, 1, 1, 1
568, 2, 28, 255, 87, 235, 1, 1, 1
569, 2, 29, 254, 86, 236, 1, 1, 1
570, 2, 28, 254, 88, 235, 1, 1, 1
571, 2, 28, 254, 88, 235, 1, 1, 1
572, 2, 28, 254, 88, 236, 1, 1, 1
573, 2, 28, 254, 88, 235, 1, 1, 1
574, 2, 28, 254, 87, 236, 1, 1, 1
575, 2, 29, 254, 86, 237, 1, 1, 1
576, 2, 28, 254, 88, 236, 1, 1, 1
577, 2, 28, 254, 87, 237, 1, 1, 1
578, 2, 28, 254, 87, 237, 1, 1, 1
579, 2, 28, 254, 87, 237, 1, 1, 1
580, 2, 28, 254, 88, 237, 1, 1, 1
581, 2, 27, 254, 90, 237, 1, 1, 1
582, 2, 28, 254, 88, 237, 1, 1, 1
583, 2, 27, 254, 89, 237, 1, 1, 1
584, 2, 28, 255, 87, 235, 1, 1, 1
585, 2, 28, 255, 88, 237, 1, 1, 1
586, 2, 27, 255, 89, 237, 1, 1, 1
587, 2, 27, 255, 89, 236, 1, 1, 1
588, 2, 28, 255, 88, 236, 1, 1, 1
589, 2, 28, 255, 88, 234, 1, 1, 1
590, 2, 27, 255, 90, 236, 1, 1, 1
591, 2, 27, 255, 89, 237, 1, 1, 1
592, 2, 27, 255, 88, 239, 1, 1, 1
593, 2, 28, 255, 87, 239, 1, 1, 1
594, 2, 28, 255, 88, 238, 1, 1, 1
595, 2, 27, 255, 89, 238, 1, 1, 1
596, 2, 27, 256, 89, 234, 1, 1, 1
597, 2, 27, 255, 89, 236, 1, 1, 1
598, 2, 28, 255, 89, 237, 1, 1, 1
599, 2, 27, 254, 90, 237, 1, 1, 1
600, 2, 27, 255, 90, 237, 1, 1, 1
601, 2, 27, 255, 90, 236, 1, 1, 1
602, 2, 27, 255, 89, 237, 1, 1, 1
603, 2, 27, 254, 90, 239, 1, 1, 1
604, 2, 28, 254, 89, 240, 1, 1, 1
605, 2, 28, 254, 89, 241, 1, 1, 1
606, 2, 28, 254, 88, 241, 1, 1, 1
607, 2, 27, 254, 90, 240, 1, 1, 1
608, 2, 28, 254, 88, 238, 1, 1, 1
609, 2, 29, 254, 87, 239, 1, 1, 1
610, 2, 27, 254, 89, 239, 1, 1, 1
611, 2, 28, 254, 88, 241, 1, 1, 1
612, 2, 27, 254, 90, 240, 1, 1, 1
613, 2, 27, 254, 90, 241, 1, 1, 1
614, 2, 27, 254, 90, 242, 1, 1, 1
615, 2, 27, 254, 89, 242, 1, 1, 1
616, 2, 28, 254, 89, 242, 1, 1, 1
617, 2, 27, 254, 89, 242, 1, 1, 1
618, 2, 27, 254, 89, 242, 1, 1, 1
619, 2, 27, 255, 89, 241, 1, 1, 1
620, 2, 27, 256, 89, 240, 1, 1, 1
621, 2, 27, 255, 90, 241, 1, 1, 1
622, 2, 27, 255, 90, 239, 1, 1, 1
623, 2, 27, 255, 88, 241, 1, 1, 1
624, 2, 28, 255, 89, 240, 1, 1, 1
625, 2, 28, 255, 88, 240, 1, 1, 1
626, 2, 28, 255, 87, 241, 1, 1, 1
627, 2, 28, 255, 89, 238, 1, 1, 1
628, 2, 28, 255, 88, 241, 1, 1, 1
629, 2, 29, 255, 88, 239, 1, 1, 1
630, 2, 28, 255, 88, 239, 1, 1, 1
631, 2, 27, 256, 88, 239, 1, 1, 1
632, 2, 28, 256, 87, 239, 1, 1, 1
633, 2, 29, 256, 87, 238, 1, 1, 1
634, 2, 29, 256, 88, 239, 1, 1, 1
635, 2, 28, 256, 89, 239, 1, 1, 1
636, 2, 29, 256, 87, 236, 1, 1, 1
637, 2, 28, 256, 89, 235, 1, 1, 1
638, 2, 29, 256, 88, 238, 1, 1, 1
639, 2, 29, 256, 86, 239, 1, 1, 1
640, 2, 28, 256, 87, 239, 1, 1, 1
641, 2, 27, 256, 88, 236, 1, 1, 1
642, 2, 26, 256, 90, 237, 1, 1, 1
643, 2, 25, 256, 90, 238, 1, 1, 1
644, 2, 25, 256, 91, 239, 1, 1, 1
645, 2, 27, 256, 88, 238, 1, 1, 1
646, 2, 26, 256, 89, 238, 1, 1, 1
647, 2, 27, 256, 89, 237, 1, 1, 1
648, 2, 25, 256, 91, 238, 1, 1, 1
649, 2, 26, 256, 89, 238, 1, 1, 1
650, 2, 25, 256, 91, 237, 1, 1, 1
651, 2, 26, 256, 89, 238, 1, 1, 1
652, 2, 25, 256, 90, 239, 1, 1, 1
653, 2, 25, 256, 91, 239, 1, 1, 1
654, 2, 25, 255, 91, 239, 1, 1, 1
655, 2, 25, 256, 91, 238, 1, 1, 1
656, 2, 25, 256, 91, 236, 1, 1, 1
657, 2, 25, 256, 91, 238, 1, 1, 1
658, 2, 25, 256, 91, 235, 1, 1, 1
659, 2, 25, 256, 90, 238, 1, 1, 1
660, 2, 25, 256, 90, 238, 1, 1, 1
661, 2, 26, 256, 90, 237, 1, 1, 1
662, 2, 26, 256, 89, 237, 1, 1, 1
663, 2, 25, 256, 90, 238, 1, 1, 1
664, 2, 25, 256, 90, 238, 1, 1, 1
665, 2, 25, 256, 91, 238, 1, 1, 1
666, 2, 26, 256, 89, 238, 1, 1, 1
667, 2, 25, 256, 90, 237, 1, 1, 1
668, 2, 25, 256, 90, 238, 1, 1, 1
669, 2, 25, 256, 91, 238, 1, 1, 1
670, 2, 25, 256, 91, 237, 1, 1, 1
671, 2, 26, 256, 90, 239, 1, 1, 1
672, 2, 25, 256, 91, 238, 1, 1, 1
673, 2, 24, 256, 93, 238, 1, 1, 1
674, 2, 25, 255, 92, 239, 1, 1, 1
675, 2, 25, 255, 92, 238, 1, 1, 1
676, 2, 25, 256, 92, 238, 1, 1, 1
677, 2, 25, 256, 91, 237, 1, 1, 1
678, 2, 25, 256, 91, 237, 1, 1, 1
679, 2, 25, 255, 91, 239, 1, 1, 1
680, 2, 25, 255, 91, 238, 1, 1, 1
681, 2, 26, 255, 89, 238, 1, 1, 1
682, 2, 26, 255, 91, 239, 1, 1, 1
683, 2, 25, 255, 91, 236, 1, 1, 1
684, 2, 26, 255, 90, 236, 1, 1, 1
685, 2, 26, 255, 91, 237, 1, 1, 1
686, 2, 25, 256, 91, 237, 1, 1, 1
687, 2, 24, 255, 92, 237, 1, 1, 1
688, 2, 24, 255, 92, 236, 1, 1, 1
689, 2, 24, 256, 92, 235, 1, 1, 1
690, 2, 24, 256, 92, 236, 1, 1, 1
691, 2, 25, 255, 92, 236, 1, 1, 1
692, 2, 25, 255, 91, 234, 1, 1, 1
693, 2, 24, 256, 93, 232, 1, 1, 1
694, 2, 24, 256, 93, 235, 1, 1, 1
695, 2, 24, 255, 91, 234, 1, 1, 1
696, 2, 25, 255, 91, 234, 1, 1, 1
697, 2, 30, 254, 87, 237, 1, 1, 1
698, 2, 28, 254, 90, 238, 1, 1, 1
699, 2, 29, 254, 89, 238, 1, 1, 1
700, 2, 28, 254, 89, 237, 1, 1, 1
701, 2, 28, 254, 90, 237, 1, 1, 1
702, 2, 28, 254, 91, 237, 1, 1, 1
703, 2, 29, 254, 90, 238, 1, 1, 1
704, 2, 29, 254, 90, 235, 1, 1, 1
705, 2, 29, 254, 89, 238, 1, 1, 1
706, 2, 29, 254, 90, 237, 1, 1, 1
707, 2, 28, 254, 90, 237, 1, 1, 1
708, 2, 28, 254, 89, 238, 1, 1, 1
709, 2, 28, 254, 90, 238, 1, 1, 1
710, 2, 28, 254, 90, 237, 1, 1, 1
711, 2, 29, 255, 90, 236, 1, 1, 1
712, 2, 28, 255, 90, 236, 1, 1, 1
713, 2, 29, 255, 89, 236, 1, 1, 1
714, 2, 29, 255, 89, 235, 1, 1, 1
715, 2, 28, 254, 90, 236, 1, 1, 1
716, 2, 28, 255, 90, 235, 1, 1, 1
717, 2, 28, 255, 90, 236, 1, 1, 1
718, 2, 29, 255, 89, 236, 1, 1, 1
719, 2, 29, 255, 89, 236, 1, 1, 1
720, 2, 29, 255, 89, 236, 1, 1, 1
721, 2, 29, 254, 89, 237, 1, 1, 1
722, 2, 28, 254, 90, 237, 1, 1, 1
723, 2, 29, 254, 90, 236, 1, 1, 1
724, 2, 28, 254, 90, 237, 1, 1, 1
725, 2, 28, 254, 89, 238, 1, 1, 1
726, 2, 28, 254, 90, 238, 1, 1, 1
727, 2, 28, 254, 89, 237, 1, 1, 1
728, 2, 29, 254, 89, 237, 1, 1, 1
729, 2, 28, 254, 90, 238, 1, 1, 1
730, 2, 29, 254, 88, 237, 1, 1, 1
731, 2, 28, 254, 89, 238, 1, 1, 1
732, 2, 28, 254, 89, 237, 1, 1, 1
733, 2, 28, 254, 89, 237, 1, 1, 1
734, 2, 29, 254, 88, 236, 1, 1, 1
735, 2, 29, 254, 88, 238, 1, 1, 1
736, 2, 29, 254, 89, 237, 1, 1, 1
737, 2, 28, 254, 90, 238, 1, 1, 1
738, 2, 28, 255, 90, 237, 1, 1, 1
739, 2, 28, 255, 89, 237, 1, 1, 1
740, 2, 28, 255, 90, 237, 1, 1, 1
741, 2, 28, 255, 90, 237, 1, 1, 1
742, 2, 28, 254, 90, 237, 1, 1, 1
743, 2, 29, 255, 89, 236, 1, 1, 1
744, 2, 28, 254, 90, 238, 1, 1, 1
745, 2, 29, 254, 89, 237, 1, 1, 1
746, 2, 29, 254, 89, 237, 1, 1, 1
747, 2, 28, 254, 90, 238, 1, 1, 1
748, 2, 28, 254, 89, 238, 1, 1, 1
749, 2, 28, 254, 90, 238, 1, 1, 1
750, 2, 28, 254, 90, 238, 1, 1, 1