1, 1, 865, 291, 501, 306, 1, 8, 1
2, 1, 863, 290, 512, 305, 1, 8, 1
3, 1, 861, 289, 514, 307, 1, 8, 1
4, 1, 860, 288, 510, 307, 1, 8, 1
5, 1, 862, 290, 505, 304, 1, 8, 1
6, 1, 860, 290, 501, 306, 1, 8, 1
7, 1, 861, 288, 504, 308, 1, 8, 1
8, 1, 859, 286, 502, 310, 1, 8, 1
9, 1, 858, 290, 494, 306, 1, 8, 1
10, 1, 859, 287, 499, 310, 1, 8, 1
11, 1, 859, 288, 492, 307, 1, 8, 1
12, 1, 855, 288, 502, 309, 1, 8, 1
13, 1, 855, 286, 503, 309, 1, 8, 1
14, 1, 857, 286, 503, 312, 1, 8, 1
15, 1, 855, 288, 505, 309, 1, 8, 1
16, 1, 852, 288, 505, 309, 1, 8, 1
17, 1, 853, 286, 506, 310, 1, 8, 1
18, 1, 851, 286, 515, 310, 1, 8, 1
19, 1, 851, 289, 504, 308, 1, 8, 1
20, 1, 844, 290, 515, 306, 1, 8, 1
21, 1, 847, 291, 515, 304, 1, 8, 1
22, 1, 844, 290, 522, 305, 1, 8, 1
23, 1, 845, 290, 523, 306, 1, 8, 1
24, 1, 842, 290, 526, 305, 1, 8, 1
25, 1, 844, 291, 521, 304, 1, 8, 1
26, 1, 843, 290, 517, 306, 1, 8, 1
27, 1, 842, 290, 520, 308, 1, 8, 1
28, 1, 837, 289, 519, 309, 1, 8, 1
29, 1, 841, 290, 510, 307, 1, 8, 1
30, 1, 836, 289, 519, 310, 1, 8, 1
31, 1, 835, 288, 514, 310, 1, 8, 1
32, 1, 837, 291, 523, 307, 1, 8, 1
33, 1, 835, 291, 515, 307, 1, 8, 1
34, 1, 830, 291, 526, 308, 1, 8, 1
35, 1, 831, 291, 528, 308, 1, 8, 1
36, 1, 830, 290, 522, 309, 1, 8, 1
37, 1, 828, 289, 524, 308, 1, 8, 1
38, 1, 829, 288, 524, 310, 1, 8, 1
39, 1, 827, 286, 533, 311, 1, 8, 1
40, 1, 827, 288, 534, 309, 1, 8, 1
41, 1, 825, 287, 533, 309, 1, 8, 1
42, 1, 826, 287, 535, 309, 1, 8, 1
43, 1, 830, 285, 531, 310, 1, 8, 1
44, 1, 827, 288, 537, 308, 1, 8, 1
45, 1, 828, 287, 527, 308, 1, 8, 1
46, 1, 828, 286, 532, 309, 1, 8, 1
47, 1, 832, 285, 524, 310, 1, 8, 1
48, 1, 827, 287, 532, 308, 1, 8, 1
49, 1, 828, 287, 528, 308, 1, 8, 1
50, 1, 827, 288, 541, 307, 1, 8, 1
51, 1, 822, 284, 539, 311, 1, 8, 1
52, 1, 823, 283, 535, 313, 1, 8, 1
53, 1, 824, 285, 534, 311, 1, 8, 1
54, 1, 821, 285, 537, 311, 1, 8, 1
55, 1, 826, 287, 535, 309, 1, 8, 1
56, 1, 823, 287, 539, 310, 1, 8, 1
57, 1, 826, 285, 540, 311, 1, 8, 1
58, 1, 825, 285, 535, 311, 1, 8, 1
59, 1, 822, 286, 543, 310, 1, 8, 1
60, 1, 820, 286, 542, 310, 1, 8, 1
61, 1, 824, 287, 535, 308, 1, 8, 1
62, 1, 823, 286, 539, 311, 1, 8, 1
63, 1, 813, 287, 550, 308, 1, 8, 1
64, 1, 809, 289, 553, 307, 1, 8, 1
65, 1, 811, 289, 551, 306, 1, 8, 1
66, 1, 812, 287, 550, 308, 1, 8, 1
67, 1, 812, 287, 549, 309, 1, 8, 1
68, 1, 813, 287, 547, 308, 1, 8, 1
69, 1, 815, 287, 547, 310, 1, 8, 1
70, 1, 816, 287, 546, 309, 1, 8, 1
71, 1, 813, 289, 551, 308, 1, 8, 1
72, 1, 811, 288, 561, 308, 1, 8, 1
73, 1, 812, 289, 552, 307, 1, 8, 1
74, 1, 813, 289, 550, 308, 1, 8, 1
75, 1, 816, 288, 549, 309, 1, 8, 1
76, 1, 815, 288, 551, 309, 1, 8, 1
77, 1, 812, 288, 553, 309, 1, 8, 1
78, 1, 813, 288, 556, 309, 1, 8, 1
79, 1, 812, 289, 557, 310, 1, 8, 1
80, 1, 812, 290, 553, 307, 1, 8, 1
81, 1, 812, 291, 556, 307, 1, 8, 1
82, 1, 815, 289, 557, 310, 1, 8, 1
83, 1, 814, 291, 557, 309, 1, 8, 1
84, 1, 814, 291, 557, 308, 1, 8, 1
85, 1, 818, 291, 555, 308, 1, 8, 1
86, 1, 816, 291, 555, 309, 1, 8, 1
87, 1, 813, 291, 557, 307, 1, 8, 1
88, 1, 815, 291, 558, 308, 1, 8, 1
89, 1, 811, 291, 564, 307, 1, 8, 1
90, 1, 813, 291, 564, 307, 1, 8, 1
91, 1, 815, 291, 555, 309, 1, 8, 1
92, 1, 814, 291, 560, 310, 1, 8, 1
93, 1, 818, 290, 552, 310, 1, 8, 1
94, 1, 817, 291, 558, 311, 1, 8, 1
95, 1, 814, 291, 562, 308, 1, 8, 1
96, 1, 818, 291, 559, 309, 1, 8, 1
97, 1, 817, 292, 555, 308, 1, 8, 1
98, 1, 818, 292, 553, 308, 1, 8, 1
99, 1, 818, 292, 554, 308, 1, 8, 1
100, 1, 818, 293, 555, 309, 1, 8, 1
101, 1, 813, 292, 545, 310, 1, 8, 1
102, 1, 816, 293, 543, 309, 1, 8, 1
103, 1, 810, 293, 548, 308, 1, 8, 1
104, 1, 813, 293, 531, 308, 1, 8, 1
105, 1, 810, 293, 555, 309, 1, 8, 1
106, 1, 810, 292, 555, 310, 1, 8, 1
107, 1, 811, 292, 558, 310, 1, 8, 1
108, 1, 813, 292, 553, 310, 1, 8, 1
109, 1, 811, 294, 562, 308, 1, 8, 1
110, 1, 812, 294, 563, 310, 1, 8, 1
111, 1, 811, 294, 564, 308, 1, 8, 1
112, 1, 811, 296, 560, 306, 1, 8, 1
113, 1, 816, 296, 550, 308, 1, 8, 1
114, 1, 814, 295, 553, 307, 1, 8, 1
115, 1, 813, 294, 556, 308, 1, 8, 1
116, 1, 812, 296, 560, 307, 1, 8, 1
117, 1, 809, 295, 559, 308, 1, 8, 1
118, 1, 812, 296, 555, 307, 1, 8, 1
119, 1, 811, 296, 546, 308, 1, 8, 1
120, 1, 811, 296, 537, 309, 1, 8, 1
121, 1, 809, 295, 551, 310, 1, 8, 1
122, 1, 811, 296, 533, 310, 1, 8, 1
123, 1, 810, 295, 552, 309, 1, 8, 1
124, 1, 813, 296, 547, 309, 1, 8, 1
125, 1, 809, 295, 555, 308, 1, 8, 1
126, 1, 813, 297, 548, 310, 1, 8, 1
127, 1, 811, 296, 550, 311, 1, 8, 1
128, 1, 809, 295, 554, 311, 1, 8, 1
129, 1, 809, 295, 555, 310, 1, 8, 1
130, 1, 811, 295, 547, 310, 1, 8, 1
131, 1, 813, 295, 546, 309, 1, 8, 1
132, 1, 813, 295, 545, 310, 1, 8, 1
133, 1, 810, 296, 553, 308, 1, 8, 1
134, 1, 811, 296, 558, 310, 1, 8, 1
135, 1, 811, 295, 544, 309, 1, 8, 1
136, 1, 812, 296, 545, 308, 1, 8, 1
137, 1, 809, 295, 556, 311, 1, 8, 1
138, 1, 810, 296, 559, 310, 1, 8, 1
139, 1, 811, 296, 559, 311, 1, 8, 1
140, 1, 811, 295, 552, 311, 1, 8, 1
141, 1, 810, 294, 555, 310, 1, 8, 1
142, 1, 809, 294, 554, 308, 1, 8, 1
143, 1, 809, 294, 553, 309, 1, 8, 1
144, 1, 811, 295, 555, 309, 1, 8, 1
145, 1, 810, 295, 552, 308, 1, 8, 1
146, 1, 810, 295, 557, 311, 1, 8, 1
147, 1, 808, 295, 550, 310, 1, 8, 1
148, 1, 812, 296, 549, 309, 1, 8, 1
149, 1, 807, 295, 549, 310, 1, 8, 1
150, 1, 808, 295, 554, 309, 1, 8, 1
151, 1, 809, 296, 559, 309, 1, 8, 1
152, 1, 809, 295, 557, 310, 1, 8, 1
153, 1, 808, 296, 563, 309, 1, 8, 1
154, 1, 808, 297, 564, 308, 1, 8, 1
155, 1, 808, 296, 561, 309, 1, 8, 1
156, 1, 806, 295, 552, 310, 1, 8, 1
157, 1, 809, 296, 559, 309, 1, 8, 1
158, 1, 808, 296, 556, 309, 1, 8, 1
159, 1, 810, 296, 556, 310, 1, 8, 1
160, 1, 804, 295, 553, 310, 1, 8, 1
161, 1, 805, 295, 561, 311, 1, 8, 1
162, 1, 805, 294, 547, 309, 1, 8, 1
163, 1, 806, 294, 559, 308, 1, 8, 1
164, 1, 805, 295, 560, 310, 1, 8, 1
165, 1, 805, 295, 556, 311, 1, 8, 1
166, 1, 803, 295, 561, 309, 1, 8, 1
167, 1, 809, 294, 549, 311, 1, 8, 1
168, 1, 803, 294, 556, 311, 1, 8, 1
169, 1, 805, 294, 557, 310, 1, 8, 1
170, 1, 803, 293, 559, 310, 1, 8, 1
171, 1, 802, 293, 557, 309, 1, 8, 1
172, 1, 804, 293, 559, 308, 1, 8, 1
173, 1, 801, 293, 565, 308, 1, 8, 1
174, 1, 801, 294, 561, 308, 1, 8, 1
175, 1, 801, 293, 559, 309, 1, 8, 1
176, 1, 800, 292, 545, 309, 1, 8, 1
177, 1, 800, 292, 553, 309, 1, 8, 1
178, 1, 796, 291, 553, 309, 1, 8, 1
179, 1, 800, 291, 550, 309, 1, 8, 1
180, 1, 798, 290, 554, 310, 1, 8, 1
181, 1, 800, 289, 546, 310, 1, 8, 1
182, 1, 796, 289, 555, 310, 1, 8, 1
183, 1, 798, 291, 536, 307, 1, 8, 1
184, 1, 793, 290, 538, 309, 1, 8, 1
185, 1, 795, 291, 526, 308, 1, 8, 1
186, 1, 795, 291, 521, 310, 1, 8, 1
187, 1, 794, 287, 520, 312, 1, 8, 1
188, 1, 793, 286, 542, 313, 1, 8, 1
189, 1, 793, 289, 537, 310, 1, 8, 1
190, 1, 790, 289, 553, 311, 1, 8, 1
191, 1, 792, 290, 550, 308, 1, 8, 1
192, 1, 792, 288, 562, 310, 1, 8, 1
193, 1, 791, 289, 562, 311, 1, 8, 1
194, 1, 790, 290, 556, 311, 1, 8, 1
195, 1, 791, 291, 557, 308, 1, 8, 1
196, 1, 789, 290, 561, 310, 1, 8, 1
197, 1, 791, 291, 557, 308, 1, 8, 1
198, 1, 789, 291, 562, 308, 1, 8, 1
199, 1, 790, 291, 535, 308, 1, 8, 1
200, 1, 788, 289, 563, 308, 1, 8, 1
201, 1, 784, 288, 563, 309, 1, 8, 1
202, 1, 783, 290, 558, 306, 1, 8, 1
203, 1, 787, 291, 559, 308, 1, 8, 1
204, 1, 789, 292, 553, 308, 1, 8, 1
205, 1, 785, 290, 558, 312, 1, 8, 1
206, 1, 778, 289, 565, 312, 1, 8, 1
207, 1, 781, 288, 568, 312, 1, 8, 1
208, 1, 782, 290, 569, 312, 1, 8, 1
209, 1, 779, 291, 565, 310, 1, 8, 1
210, 1, 778, 288, 575, 312, 1, 8, 1
211, 1, 779, 292, 571, 309, 1, 8, 1
212, 1, 777, 292, 572, 310, 1, 8, 1
213, 1, 778, 291, 568, 311, 1, 8, 1
214, 1, 778, 292, 572, 311, 1, 8, 1
215, 1, 776, 290, 576, 313, 1, 8, 1
216, 1, 777, 294, 574, 309, 1, 8, 1
217, 1, 779, 292, 569, 310, 1, 8, 1
218, 1, 778, 295, 560, 307, 1, 8, 1
219, 1, 778, 294, 568, 309, 1, 8, 1
220, 1, 776, 296, 575, 307, 1, 8, 1
221, 1, 775, 298, 570, 308, 1, 8, 1
222, 1, 775, 296, 566, 309, 1, 8, 1
223, 1, 775, 298, 573, 306, 1, 8, 1
224, 1, 775, 296, 572, 307, 1, 8, 1
225, 1, 780, 296, 564, 308, 1, 8, 1
226, 1, 774, 296, 570, 307, 1, 8, 1
227, 1, 770, 296, 573, 310, 1, 8, 1
228, 1, 769, 298, 571, 310, 1, 8, 1
229, 1, 766, 297, 577, 312, 1, 8, 1
230, 1, 771, 297, 576, 311, 1, 8, 1
231, 1, 764, 296, 579, 312, 1, 8, 1
232, 1, 768, 297, 580, 311, 1, 8, 1
233, 1, 761, 295, 584, 314, 1, 8, 1
234, 1, 766, 296, 586, 316, 1, 8, 1
235, 1, 759, 297, 590, 314, 1, 8, 1
236, 1, 764, 299, 584, 315, 1, 8, 1
237, 1, 754, 298, 592, 312, 1, 8, 1
238, 1, 758, 299, 595, 313, 1, 8, 1
239, 1, 755, 298, 597, 313, 1, 8, 1
240, 1, 761, 301, 588, 310, 1, 8, 1
241, 1, 749, 300, 598, 314, 1, 8, 1
242, 1, 755, 302, 595, 314, 1, 8, 1
243, 1, 744, 301, 603, 314, 1, 8, 1
244, 1, 750, 301, 598, 313, 1, 8, 1
245, 1, 743, 299, 603, 313, 1, 8, 1
246, 1, 746, 301, 600, 314, 1, 8, 1
247, 1, 735, 301, 611, 313, 1, 8, 1
248, 1, 744, 304, 602, 309, 1, 8, 1
249, 1, 731, 306, 609, 308, 1, 8, 1
250, 1, 734, 309, 614, 306, 1, 8, 1
251, 1, 731, 309, 622, 305, 1, 8, 1
252, 1, 731, 308, 627, 308, 1, 8, 1
253, 1, 726, 304, 625, 312, 1, 8, 1
254, 1, 728, 304, 627, 311, 1, 8, 1
255, 1, 727, 304, 623, 309, 1, 8, 1
256, 1, 722, 306, 633, 309, 1, 8, 1
257, 1, 718, 304, 633, 313, 1, 8, 1
258, 1, 718, 309, 636, 308, 1, 8, 1
259, 1, 718, 309, 636, 307, 1, 8, 1
260, 1, 713, 311, 646, 306, 1, 8, 1
261, 1, 709, 309, 645, 309, 1, 8, 1
262, 1, 712, 310, 642, 306, 1, 8, 1
263, 1, 704, 304, 645, 312, 1, 8, 1
264, 1, 708, 309, 642, 307, 1, 8, 1
265, 1, 708, 309, 636, 309, 1, 8, 1
266, 1, 703, 310, 638, 308, 1, 8, 1
267, 1, 700, 309, 636, 308, 1, 8, 1
268, 1, 695, 312, 654, 307, 1, 8, 1
269, 1, 692, 309, 649, 310, 1, 8, 1
270, 1, 692, 309, 647, 311, 1, 8, 1
271, 1, 685, 310, 644, 309, 1, 8, 1
272, 1, 685, 312, 634, 309, 1, 8, 1
273, 1, 683, 312, 642, 309, 1, 8, 1
274, 1, 685, 310, 640, 310, 1, 8, 1
275, 1, 678, 310, 635, 309, 1, 8, 1
276, 1, 677, 312, 632, 308, 1, 8, 1
277, 1, 668, 309, 656, 309, 1, 8, 1
278, 1, 666, 311, 661, 307, 1, 8, 1
279, 1, 667, 312, 650, 310, 1, 8, 1
280, 1, 667, 310, 653, 311, 1, 8, 1
281, 1, 665, 312, 658, 309, 1, 8, 1
282, 1, 662, 311, 656, 310, 1, 8, 1
283, 1, 652, 311, 658, 311, 1, 8, 1
284, 1, 651, 310, 663, 313, 1, 8, 1
285, 1, 650, 309, 660, 312, 1, 8, 1
286, 1, 646, 311, 657, 311, 1, 8, 1
287, 1, 645, 313, 641, 310, 1, 8, 1
288, 1, 643, 313, 645, 309, 1, 8, 1
289, 1, 636, 313, 649, 310, 1, 8, 1
290, 1, 635, 313, 641, 312, 1, 8, 1
291, 1, 630, 313, 652, 310, 1, 8, 1
292, 1, 630, 311, 652, 312, 1, 8, 1
293, 1, 626, 312, 649, 311, 1, 8, 1
294, 1, 620, 313, 655, 312, 1, 8, 1
295, 1, 618, 314, 656, 308, 1, 8, 1
296, 1, 615, 314, 647, 309, 1, 8, 1
297, 1, 609, 313, 657, 308, 1, 8, 1
298, 1, 607, 315, 641, 310, 1, 8, 1
299, 1, 602, 315, 644, 309, 1, 8, 1
300, 1, 600, 313, 642, 309, 1, 8, 1
301, 1, 596, 313, 645, 308, 1, 8, 1
302, 1, 595, 313, 645, 309, 1, 8, 1
303, 1, 595, 313, 639, 309, 1, 8, 1
304, 1, 590, 314, 642, 310, 1, 8, 1
305, 1, 586, 314, 643, 311, 1, 8, 1
306, 1, 585, 315, 643, 310, 1, 8, 1
307, 1, 578, 315, 633, 311, 1, 8, 1
308, 1, 576, 315, 627, 310, 1, 8, 1
309, 1, 574, 316, 639, 309, 1, 8, 1
310, 1, 573, 316, 630, 307, 1, 8, 1
311, 1, 566, 314, 632, 307, 1, 8, 1
312, 1, 565, 315, 635, 306, 1, 8, 1
313, 1, 560, 316, 634, 305, 1, 8, 1
314, 1, 557, 316, 634, 305, 1, 8, 1
315, 1, 555, 316, 631, 304, 1, 8, 1
316, 1, 551, 318, 631, 302, 1, 8, 1
317, 1, 549, 317, 630, 305, 1, 8, 1
318, 1, 544, 317, 642, 305, 1, 8, 1
319, 1, 543, 317, 632, 304, 1, 8, 1
320, 1, 540, 318, 645, 304, 1, 8, 1
321, 1, 541, 318, 625, 302, 1, 8, 1
322, 1, 538, 316, 624, 305, 1, 8, 1
323, 1, 532, 316, 627, 304, 1, 8, 1
324, 1, 535, 318, 622, 304, 1, 8, 1
325, 1, 523, 318, 631, 303, 1, 8, 1
326, 1, 523, 318, 625, 303, 1, 8, 1
327, 1, 523, 319, 622, 303, 1, 8, 1
328, 1, 523, 320, 619, 300, 1, 8, 1
329, 1, 521, 318, 617, 302, 1, 8, 1
330, 1, 520, 318, 618, 301, 1, 8, 1
331, 1, 508, 318, 622, 302, 1, 8, 1
332, 1, 509, 318, 620, 302, 1, 8, 1
333, 1, 504, 318, 620, 303, 1, 8, 1
334, 1, 504, 318, 619, 303, 1, 8, 1
335, 1, 514, 319, 607, 298, 1, 8, 1
336, 1, 509, 320, 610, 296, 1, 8, 1
337, 1, 505, 318, 606, 298, 1, 8, 1
338, 1, 511, 319, 601, 299, 1, 8, 1
339, 1, 505, 320, 600, 297, 1, 8, 1
340, 1, 502, 319, 600, 296, 1, 8, 1
341, 1, 495, 317, 600, 297, 1, 8, 1
342, 1, 496, 319, 599, 298, 1, 8, 1
343, 1, 498, 319, 588, 303, 1, 8, 1
344, 1, 489, 319, 596, 300, 1, 8, 1
345, 1, 486, 319, 596, 303, 1, 8, 1
346, 1, 477, 321, 605, 300, 1, 8, 1
347, 1, 486, 319, 585, 302, 1, 8, 1
348, 1, 477, 318, 594, 304, 1, 8, 1
349, 1, 478, 318, 590, 304, 1, 8, 1
350, 1, 471, 319, 596, 304, 1, 8, 1
351, 1, 478, 319, 585, 306, 1, 8, 1
352, 1, 479, 319, 589, 306, 1, 8, 1
353, 1, 478, 318, 580, 307, 1, 8, 1
354, 1, 470, 320, 589, 307, 1, 8, 1
355, 1, 465, 319, 585, 307, 1, 8, 1
356, 1, 468, 320, 583, 303, 1, 8, 1
357, 1, 462, 319, 587, 305, 1, 8, 1
358, 1, 461, 320, 590, 306, 1, 8, 1
359, 1, 459, 320, 583, 305, 1, 8, 1
360, 1, 461, 321, 584, 304, 1, 8, 1
361, 1, 452, 321, 591, 305, 1, 8, 1
362, 1, 453, 321, 590, 305, 1, 8, 1
363, 1, 448, 322, 592, 304, 1, 8, 1
364, 1, 449, 322, 593, 306, 1, 8, 1
365, 1, 448, 324, 583, 304, 1, 8, 1
366, 1, 444, 322, 585, 305, 1, 8, 1
367, 1, 439, 322, 579, 305, 1, 8, 1
368, 1, 440, 322, 581, 306, 1, 8, 1
369, 1, 436, 321, 579, 311, 1, 8, 1
370, 1, 433, 321, 583, 309, 1, 8, 1
371, 1, 435, 321, 579, 309, 1, 8, 1
372, 1, 436, 322, 576, 311, 1, 8, 1
373, 1, 434, 323, 584, 311, 1, 8, 1
374, 1, 431, 321, 584, 310, 1, 8, 1
375, 1, 431, 321, 580, 311, 1, 8, 1
376, 1, 429, 321, 581, 310, 1, 8, 1
377, 1, 429, 321, 580, 311, 1, 8, 1
378, 1, 428, 321, 582, 311, 1, 8, 1
379, 1, 425, 323, 581, 309, 1, 8, 1
380, 1, 425, 322, 581, 308, 1, 8, 1
381, 1, 419, 322, 582, 310, 1, 8, 1
382, 1, 418, 323, 583, 308, 1, 8, 1
383, 1, 418, 322, 583, 308, 1, 8, 1
384, 1, 414, 322, 586, 306, 1, 8, 1
385, 1, 414, 321, 585, 307, 1, 8, 1
386, 1, 408, 321, 588, 305, 1, 8, 1
387, 1, 413, 322, 584, 306, 1, 8, 1
388, 1, 409, 323, 585, 308, 1, 8, 1
389, 1, 407, 321, 582, 309, 1, 8, 1
390, 1, 410, 322, 578, 308, 1, 8, 1
391, 1, 412, 322, 586, 310, 1, 8, 1
392, 1, 409, 321, 587, 310, 1, 8, 1
393, 1, 412, 321, 582, 310, 1, 8, 1
394, 1, 411, 320, 582, 311, 1, 8, 1
395, 1, 411, 321, 578, 311, 1, 8, 1
396, 1, 410, 321, 579, 308, 1, 8, 1
397, 1, 410, 322, 578, 310, 1, 8, 1
398, 1, 407, 322, 578, 309, 1, 8, 1
399, 1, 408, 323, 577, 310, 1, 8, 1
400, 1, 407, 321, 582, 312, 1, 8, 1
401, 1, 411, 320, 578, 312, 1, 8, 1
402, 1, 409, 320, 579, 312, 1, 8, 1
403, 1, 408, 321, 584, 309, 1, 8, 1
404, 1, 405, 321, 582, 308, 1, 8, 1
405, 1, 410, 321, 578, 310, 1, 8, 1
406, 1, 407, 321, 575, 311, 1, 8, 1
407, 1, 407, 321, 579, 309, 1, 8, 1
408, 1, 406, 321, 578, 310, 1, 8, 1
409, 1, 407, 321, 578, 309, 1, 8, 1
410, 1, 403, 321, 582, 310, 1, 8, 1
411, 1, 408, 321, 575, 310, 1, 8, 1
412, 1, 403, 321, 579, 309, 1, 8, 1
413, 1, 402, 321, 580, 309, 1, 8, 1
414, 1, 401, 321, 583, 309, 1, 8, 1
415, 1, 402, 321, 585, 307, 1, 8, 1
416, 1, 404, 321, 580, 307, 1, 8, 1
417, 1, 406, 320, 579, 312, 1, 8, 1
418, 1, 405, 320, 582, 311, 1, 8, 1
419, 1, 408, 321, 578, 310, 1, 8, 1
420, 1, 402, 322, 582, 308, 1, 8, 1
421, 1, 407, 321, 578, 311, 1, 8, 1
422, 1, 404, 321, 583, 308, 1, 8, 1
423, 1, 404, 321, 580, 308, 1, 8, 1
424, 1, 405, 321, 583, 308, 1, 8, 1
425, 1, 405, 321, 582, 310, 1, 8, 1
426, 1, 405, 320, 582, 310, 1, 8, 1
427, 1, 402, 320, 583, 309, 1, 8, 1
428, 1, 408, 321, 578, 309, 1, 8, 1
429, 1, 409, 321, 576, 311, 1, 8, 1
430, 1, 409, 320, 579, 308, 1, 8, 1
431, 1, 410, 321, 581, 308, 1, 8, 1
432, 1, 409, 321, 585, 309, 1, 8, 1
433, 1, 407, 320, 584, 309, 1, 8, 1
434, 1, 409, 320, 583, 307, 1, 8, 1
435, 1, 408, 321, 584, 309, 1, 8, 1
436, 1, 408, 320, 584, 309, 1, 8, 1
437, 1, 410, 320, 581, 307, 1, 8, 1
438, 1, 411, 320, 576, 307, 1, 8, 1
439, 1, 410, 321, 584, 306, 1, 8, 1
440, 1, 425, 320, 567, 305, 1, 8, 1
441, 1, 423, 319, 570, 307, 1, 8, 1
442, 1, 423, 319, 569, 307, 1, 8, 1
443, 1, 420, 322, 575, 305, 1, 8, 1
444, 1, 422, 322, 569, 307, 1, 8, 1
445, 1, 426, 322, 567, 306, 1, 8, 1
446, 1, 425, 320, 567, 309, 1, 8, 1
447, 1, 428, 319, 567, 306, 1, 8, 1
448, 1, 428, 318, 558, 306, 1, 8, 1
449, 1, 430, 318, 564, 307, 1, 8, 1
450, 1, 430, 318, 563, 310, 1, 8, 1
451, 1, 429, 316, 562, 306, 1, 8, 1
452, 1, 426, 315, 561, 305, 1, 8, 1
453, 1, 426, 317, 564, 303, 1, 8, 1
454, 1, 428, 320, 560, 301, 1, 8, 1
455, 1, 433, 321, 557, 300, 1, 8, 1
456, 1, 430, 320, 558, 304, 1, 8, 1
457, 1, 431, 318, 560, 304, 1, 8, 1
458, 1, 429, 318, 564, 303, 1, 8, 1
459, 1, 448, 316, 542, 303, 1, 8, 1
460, 1, 435, 315, 556, 305, 1, 8, 1
461, 1, 435, 317, 552, 303, 1, 8, 1
462, 1, 433, 318, 558, 305, 1, 8, 1
463, 1, 440, 318, 548, 304, 1, 8, 1
464, 1, 446, 317, 541, 305, 1, 8, 1
465, 1, 436, 318, 549, 303, 1, 8, 1
466, 1, 448, 316, 540, 304, 1, 8, 1
467, 1, 440, 316, 547, 305, 1, 8, 1
468, 1, 438, 316, 547, 306, 1, 8, 1
469, 1, 444, 317, 542, 306, 1, 8, 1
470, 1, 445, 318, 541, 304, 1, 8, 1
471, 1, 442, 318, 543, 305, 1, 8, 1
472, 1, 484, 318, 502, 306, 1, 8, 1
473, 1, 434, 318, 552, 305, 1, 8, 1
474, 1, 453, 317, 534, 307, 1, 8, 1
475, 1, 447, 318, 538, 306, 1, 8, 1
476, 1, 468, 320, 519, 307, 1, 8, 1
477, 1, 443, 319, 541, 307, 1, 8, 1
478, 1, 490, 319, 496, 306, 1, 8, 1
479, 1, 490, 319, 491, 305, 1, 8, 1
480, 1, 475, 319, 509, 307, 1, 8, 1
481, 1, 501, 319, 481, 306, 1, 8, 1
482, 1, 506, 318, 477, 308, 1, 8, 1
483, 1, 484, 318, 498, 307, 1, 8, 1
484, 1, 483, 319, 500, 310, 1, 8, 1
485, 1, 481, 319, 502, 308, 1, 8, 1
486, 1, 477, 319, 509, 309, 1, 8, 1
487, 1, 466, 318, 518, 309, 1, 8, 1
488, 1, 472, 319, 512, 311, 1, 8, 1
489, 1, 455, 319, 529, 308, 1, 8, 1
490, 1, 478, 319, 506, 311, 1, 8, 1
491, 1, 489, 321, 490, 309, 1, 8, 1
492, 1, 502, 323, 480, 307, 1, 8, 1
493, 1, 496, 321, 483, 310, 1, 8, 1
494, 1, 499, 322, 481, 311, 1, 8, 1
495, 1, 475, 322, 505, 311, 1, 8, 1
496, 1, 496, 321, 484, 310, 1, 8, 1
497, 1, 475, 320, 505, 311, 1, 8, 1
498, 1, 485, 322, 494, 309, 1, 8, 1
499, 1, 502, 323, 474, 310, 1, 8, 1
500, 1, 508, 325, 469, 311, 1, 8, 1
501, 1, 511, 326, 466, 311, 1, 8, 1
502, 1, 513, 326, 462, 314, 1, 8, 1
503, 1, 517, 326, 457, 311, 1, 8, 1
504, 1, 515, 324, 458, 315, 1, 8, 1
505, 1, 517, 324, 453, 314, 1, 8, 1
506, 1, 516, 323, 455, 316, 1, 8, 1
507, 1, 519, 325, 452, 313, 1, 8, 1
508, 1, 523, 326, 449, 314, 1, 8, 1
509, 1, 528, 329, 441, 309, 1, 8, 1
510, 1, 531, 330, 435, 310, 1, 8, 1
511, 1, 537, 331, 429, 308, 1, 8, 1
512, 1, 563, 330, 403, 308, 1, 8, 1
513, 1, 540, 331, 425, 309, 1, 8, 1
514, 1, 539, 331, 429, 309, 1, 8, 1
515, 1, 537, 329, 426, 311, 1, 8, 1
516, 1, 550, 329, 412, 312, 1, 8, 1
517, 1, 552, 331, 412, 309, 1, 8, 1
518, 1, 553, 331, 409, 310, 1, 8, 1
519, 1, 558, 332, 402, 309, 1, 8, 1
520, 1, 561, 329, 401, 311, 1, 8, 1
521, 1, 561, 330, 397, 312, 1, 8, 1
522, 1, 566, 332, 393, 309, 1, 8, 1
523, 1, 570, 329, 387, 315, 1, 8, 1
524, 1, 581, 331, 378, 311, 1, 8, 1
525, 1, 568, 330, 389, 314, 1, 8, 1
526, 1, 569, 328, 389, 317, 1, 8, 1
527, 1, 570, 328, 387, 316, 1, 8, 1
528, 1, 572, 330, 387, 314, 1, 8, 1
529, 1, 568, 329, 388, 315, 1, 8, 1
530, 1, 571, 330, 387, 314, 1, 8, 1
531, 1, 577, 329, 380, 313, 1, 8, 1
532, 1, 580, 329, 380, 314, 1, 8, 1
533, 1, 583, 327, 374, 316, 1, 8, 1
534, 1, 585, 328, 374, 316, 1, 8, 1
535, 1, 594, 326, 361, 317, 1, 8, 1
536, 1, 594, 327, 363, 317, 1, 8, 1
537, 1, 596, 328, 360, 316, 1, 8, 1
538, 1, 595, 328, 365, 317, 1, 8, 1
539, 1, 595, 328, 363, 317, 1, 8, 1
540, 1, 594, 329, 365, 317, 1, 8, 1
541, 1, 601, 327, 356, 316, 1, 8, 1
542, 1, 613, 327, 346, 315, 1, 8, 1
543, 1, 616, 328, 341, 315, 1, 8, 1
544, 1, 619, 328, 341, 316, 1, 8, 1
545, 1, 623, 326, 336, 319, 1, 8, 1
546, 1, 625, 327, 335, 318, 1, 8, 1
547, 1, 621, 329, 339, 317, 1, 8, 1
548, 1, 626, 327, 335, 317, 1, 8, 1
549, 1, 625, 327, 333, 317, 1, 8, 1
550, 1, 625, 328, 337, 316, 1, 8, 1
551, 1, 628, 329, 328, 309, 1, 8, 1
552, 1, 634, 328, 322, 310, 1, 8, 1
553, 1, 635, 328, 323, 309, 1, 8, 1
554, 1, 639, 328, 320, 311, 1, 8, 1
555, 1, 639, 329, 317, 308, 1, 8, 1
556, 1, 640, 329, 319, 308, 1, 8, 1
557, 1, 640, 328, 316, 310, 1, 8, 1
558, 1, 643, 330, 314, 307, 1, 8, 1
559, 1, 644, 328, 312, 310, 1, 8, 1
560, 1, 643, 327, 316, 311, 1, 8, 1
561, 1, 645, 326, 312, 313, 1, 8, 1
562, 1, 649, 328, 309, 312, 1, 8, 1
563, 1, 648, 327, 310, 307, 1, 8, 1
564, 1, 651, 327, 309, 308, 1, 8, 1
565, 1, 649, 327, 310, 310, 1, 8, 1
566, 1, 651, 329, 308, 311, 1, 8, 1
567, 1, 650, 328, 308, 308, 1, 8, 1
568, 1, 651, 330, 308, 304, 1, 8, 1
569, 1, 654, 328, 305, 306, 1, 8, 1
570, 1, 658, 328, 303, 304, 1, 8, 1
571, 1, 664, 325, 296, 316, 1, 8, 1
572, 1, 662, 326, 296, 310, 1, 8, 1
573, 1, 664, 325, 297, 316, 1, 8, 1
574, 1, 663, 325, 296, 319, 1, 8, 1
575, 1, 666, 326, 293, 326, 1, 8, 1
576, 1, 667, 327, 291, 328, 1, 8, 1
577, 1, 658, 328, 299, 326, 1, 8, 1
578, 1, 654, 329, 304, 322, 1, 8, 1
579, 1, 653, 330, 303, 312, 1, 8, 1
580, 1, 651, 331, 307, 314, 1, 8, 1
581, 1, 647, 330, 309, 313, 1, 8, 1
582, 1, 646, 331, 309, 313, 1, 8, 1
583, 1, 645, 331, 311, 308, 1, 8, 1
584, 1, 639, 333, 315, 309, 1, 8, 1
585, 1, 635, 333, 317, 314, 1, 8, 1
586, 1, 634, 334, 320, 315, 1, 8, 1
587, 1, 630, 334, 321, 308, 1, 8, 1
588, 1, 630, 335, 323, 304, 1, 8, 1
589, 1, 629, 334, 317, 308, 1, 8, 1
590, 1, 629, 334, 319, 307, 1, 8, 1
591, 1, 623, 333, 319, 322, 1, 8, 1
592, 1, 625, 334, 318, 333, 1, 8, 1
593, 1, 617, 334, 322, 330, 1, 8, 1
594, 1, 613, 336, 326, 325, 1, 8, 1
595, 1, 612, 336, 327, 317, 1, 8, 1
596, 1, 607, 338, 333, 307, 1, 8, 1
597, 1, 602, 336, 337, 321, 1, 8, 1
598, 1, 599, 337, 339, 325, 1, 8, 1
599, 1, 591, 337, 347, 321, 1, 8, 1
600, 1, 590, 336, 350, 314, 1, 8, 1
601, 1, 585, 336, 355, 323, 1, 8, 1
602, 1, 583, 336, 357, 327, 1, 8, 1
603, 1, 582, 338, 359, 322, 1, 8, 1
604, 1, 578, 338, 362, 323, 1, 8, 1
605, 1, 578, 339, 361, 321, 1, 8, 1
606, 1, 575, 338, 365, 327, 1, 8, 1
607, 1, 573, 338, 368, 326, 1, 8, 1
608, 1, 572, 338, 369, 325, 1, 8, 1
609, 1, 570, 342, 371, 320, 1, 8, 1
610, 1, 570, 343, 373, 323, 1, 8, 1
611, 1, 569, 342, 374, 323, 1, 8, 1
612, 1, 566, 342, 375, 326, 1, 8, 1
613, 1, 569, 344, 371, 325, 1, 8, 1
614, 1, 569, 345, 370, 324, 1, 8, 1
615, 1, 565, 346, 373, 323, 1, 8, 1
616, 1, 565, 347, 372, 321, 1, 8, 1
617, 1, 562, 348, 377, 323, 1, 8, 1
618, 1, 563, 346, 373, 324, 1, 8, 1
619, 1, 563, 343, 375, 326, 1, 8, 1
620, 1, 559, 343, 380, 326, 1, 8, 1
621, 1, 551, 344, 389, 327, 1, 8, 1
622, 1, 548, 344, 389, 327, 1, 8, 1
623, 1, 546, 345, 393, 329, 1, 8, 1
624, 1, 544, 347, 391, 326, 1, 8, 1
625, 1, 543, 352, 392, 323, 1, 8, 1
626, 1, 538, 352, 397, 327, 1, 8, 1
627, 1, 537, 349, 396, 329, 1, 8, 1
628, 1, 536, 354, 397, 325, 1, 8, 1
629, 1, 528, 352, 408, 329, 1, 8, 1
630, 1, 528, 355, 406, 328, 1, 8, 1
631, 1, 524, 357, 411, 322, 1, 8, 1
632, 1, 523, 359, 411, 324, 1, 8, 1
633, 1, 519, 359, 413, 318, 1, 8, 1
634, 1, 515, 362, 416, 320, 1, 8, 1
635, 1, 517, 360, 413, 320, 1, 8, 1
636, 1, 511, 361, 420, 320, 1, 8, 1
637, 1, 506, 365, 423, 314, 1, 8, 1
638, 1, 507, 365, 421, 315, 1, 8, 1
639, 1, 504, 366, 426, 316, 1, 8, 1
640, 1, 500, 367, 429, 316, 1, 8, 1
641, 1, 498, 370, 427, 311, 1, 8, 1
642, 1, 497, 370, 429, 313, 1, 8, 1
643, 1, 496, 370, 427, 318, 1, 8, 1
644, 1, 493, 371, 430, 317, 1, 8, 1
645, 1, 491, 371, 427, 317, 1, 8, 1
646, 1, 493, 373, 425, 315, 1, 8, 1
647, 1, 487, 374, 429, 317, 1, 8, 1
648, 1, 487, 377, 430, 314, 1, 8, 1
649, 1, 482, 377, 436, 313, 1, 8, 1
650, 1, 482, 378, 434, 315, 1, 8, 1
651, 1, 484, 380, 430, 310, 1, 8, 1
652, 1, 483, 380, 432, 310, 1, 8, 1
653, 1, 484, 380, 430, 311, 1, 8, 1
654, 1, 478, 381, 431, 311, 1, 8, 1
655, 1, 480, 383, 431, 308, 1, 8, 1
656, 1, 479, 383, 429, 306, 1, 8, 1
657, 1, 474, 382, 430, 308, 1, 8, 1
658, 1, 473, 384, 430, 305, 1, 8, 1
659, 1, 471, 386, 434, 309, 1, 8, 1
660, 1, 465, 385, 437, 307, 1, 8, 1
661, 1, 468, 385, 435, 307, 1, 8, 1
662, 1, 465, 385, 437, 310, 1, 8, 1
663, 1, 463, 385, 439, 313, 1, 8, 1
664, 1, 462, 384, 439, 313, 1, 8, 1
665, 1, 459, 385, 440, 312, 1, 8, 1
666, 1, 459, 386, 441, 313, 1, 8, 1
667, 1, 460, 386, 437, 317, 1, 8, 1
668, 1, 458, 387, 438, 317, 1, 8, 1
669, 1, 458, 388, 435, 316, 1, 8, 1
670, 1, 456, 388, 434, 317, 1, 8, 1
671, 1, 460, 388, 429, 315, 1, 8, 1
672, 1, 457, 388, 428, 313, 1, 8, 1
673, 1, 457, 388, 428, 315, 1, 8, 1
674, 1, 457, 389, 425, 317, 1, 8, 1
675, 1, 456, 390, 427, 314, 1, 8, 1
676, 1, 453, 388, 428, 318, 1, 8, 1
677, 1, 455, 392, 424, 313, 1, 8, 1
678, 1, 451, 391, 427, 315, 1, 8, 1
679, 1, 454, 392, 424, 317, 1, 8, 1
680, 1, 452, 391, 421, 318, 1, 8, 1
681, 1, 452, 390, 420, 318, 1, 8, 1
682, 1, 451, 391, 418, 319, 1, 8, 1
683, 1, 455, 390, 413, 318, 1, 8, 1
684, 1, 454, 391, 410, 320, 1, 8, 1
685, 1, 454, 394, 409, 317, 1, 8, 1
686, 1, 452, 395, 406, 316, 1, 8, 1
687, 1, 452, 398, 407, 315, 1, 8, 1
688, 1, 452, 396, 404, 316, 1, 8, 1
689, 1, 452, 395, 406, 316, 1, 8, 1
690, 1, 452, 393, 404, 316, 1, 8, 1
691, 1, 451, 394, 406, 317, 1, 8, 1
692, 1, 451, 394, 403, 317, 1, 8, 1
693, 1, 451, 393, 401, 317, 1, 8, 1
694, 1, 450, 397, 400, 313, 1, 8, 1
695, 1, 452, 398, 399, 314, 1, 8, 1
696, 1, 451, 397, 398, 316, 1, 8, 1
697, 1, 451, 396, 398, 316, 1, 8, 1
698, 1, 450, 395, 398, 317, 1, 8, 1
699, 1, 452, 394, 395, 318, 1, 8, 1
700, 1, 450, 395, 396, 318, 1, 8, 1
701, 1, 454, 396, 386, 316, 1, 8, 1
702, 1, 453, 397, 385, 316, 1, 8, 1
703, 1, 454, 396, 385, 318, 1, 8, 1
704, 1, 453, 395, 385, 318, 1, 8, 1
705, 1, 453, 399, 382, 314, 1, 8, 1
706, 1, 451, 399, 385, 314, 1, 8, 1
707, 1, 456, 401, 379, 313, 1, 8, 1
708, 1, 454, 399, 378, 313, 1, 8, 1
709, 1, 458, 400, 375, 313, 1, 8, 1
710, 1, 460, 399, 370, 316, 1, 8, 1
711, 1, 461, 398, 367, 317, 1, 8, 1
712, 1, 461, 397, 368, 318, 1, 8, 1
713, 1, 461, 398, 367, 315, 1, 8, 1
714, 1, 463, 399, 364, 318, 1, 8, 1
715, 1, 463, 401, 364, 315, 1, 8, 1
716, 1, 462, 402, 361, 312, 1, 8, 1
717, 1, 467, 402, 358, 319, 1, 8, 1
718, 1, 467, 400, 352, 321, 1, 8, 1
719, 1, 467, 400, 355, 320, 1, 8, 1
720, 1, 468, 399, 348, 321, 1, 8, 1
721, 1, 471, 401, 351, 322, 1, 8, 1
722, 1, 472, 402, 343, 317, 1, 8, 1
723, 1, 478, 401, 337, 319, 1, 8, 1
724, 1, 477, 402, 336, 319, 1, 8, 1
725, 1, 481, 403, 332, 320, 1, 8, 1
726, 1, 480, 403, 330, 320, 1, 8, 1
727, 1, 487, 403, 324, 321, 1, 8, 1
728, 1, 487, 402, 322, 322, 1, 8, 1
729, 1, 491, 404, 319, 322, 1, 8, 1
730, 1, 489, 404, 318, 323, 1, 8, 1
731, 1, 492, 406, 315, 322, 1, 8, 1
732, 1, 491, 407, 314, 321, 1, 8, 1
733, 1, 493, 409, 310, 320, 1, 8, 1
734, 1, 492, 410, 309, 317, 1, 8, 1
735, 1, 492, 411, 309, 320, 1, 8, 1
736, 1, 491, 410, 303, 322, 1, 8, 1
737, 1, 495, 410, 301, 326, 1, 8, 1
738, 1, 495, 409, 300, 325, 1, 8, 1
739, 1, 493, 409, 303, 324, 1, 8, 1
740, 1, 493, 409, 301, 322, 1, 8, 1
741, 1, 494, 413, 300, 318, 1, 8, 1
742, 1, 493, 413, 302, 321, 1, 8, 1
743, 1, 494, 413, 303, 323, 1, 8, 1
744, 1, 495, 413, 305, 325, 1, 8, 1
745, 1, 498, 415, 301, 325, 1, 8, 1
746, 1, 498, 414, 303, 326, 1, 8, 1
747, 1, 499, 419, 304, 323, 1, 8, 1
748, 1, 499, 416, 308, 327, 1, 8, 1
749, 1, 500, 418, 313, 329, 1, 8, 1
750, 1, 501, 420, 315, 324, 1, 8, 1
1, 2, 1354, 103, 357, 275, 1, 7, 1
2, 2, 1354, 103, 357, 275, 1, 7, 1
3, 2, 1354, 103, 357, 275, 1, 7, 1
4, 2, 1354, 103, 357, 275, 1, 7, 1
5, 2, 1354, 103, 357, 275, 1, 7, 1
6, 2, 1354, 103, 357, 275, 1, 7, 1
7, 2, 1354, 103, 357, 275, 1, 7, 1
8, 2, 1354, 103, 357, 275, 1, 7, 1
9, 2, 1354, 103, 357, 275, 1, 7, 1
10, 2, 1354, 103, 357, 275, 1, 7, 1
11, 2, 1354, 103, 357, 275, 1, 7, 1
12, 2, 1354, 103, 357, 275, 1, 7, 1
13, 2, 1354, 103, 357, 275, 1, 7, 1
14, 2, 1354, 103, 357, 275, 1, 7, 1
15, 2, 1354, 103, 357, 275, 1, 7, 1
16, 2, 1354, 103, 357, 275, 1, 7, 1
17, 2, 1354, 103, 357, 275, 1, 7, 1
18, 2, 1354, 103, 357, 275, 1, 7, 1
19, 2, 1354, 103, 357, 275, 1, 7, 1
20, 2, 1354, 103, 357, 275, 1, 7, 1
21, 2, 1354, 103, 357, 275, 1, 7, 1
22, 2, 1354, 103, 357, 275, 1, 7, 1
23, 2, 1354, 103, 357, 275, 1, 7, 1
24, 2, 1354, 103, 357, 275, 1, 7, 1
25, 2, 1354, 103, 357, 275, 1, 7, 1
26, 2, 1354, 103, 357, 275, 1, 7, 1
27, 2, 1354, 103, 357, 275, 1, 7, 1
28, 2, 1354, 103, 357, 275, 1, 7, 1
29, 2, 1354, 103, 357, 275, 1, 7, 1
30, 2, 1354, 103, 357, 275, 1, 7, 1
31, 2, 1354, 103, 357, 275, 1, 7, 1
32, 2, 1354, 103, 357, 275, 1, 7, 1
33, 2, 1354, 103, 357, 275, 1, 7, 1
34, 2, 1354, 103, 357, 275, 1, 7, 1
35, 2, 1354, 103, 357, 275, 1, 7, 1
36, 2, 1354, 103, 357, 275, 1, 7, 1
37, 2, 1354, 103, 357, 275, 1, 7, 1
38, 2, 1354, 103, 357, 275, 1, 7, 1
39, 2, 1354, 96, 357, 274, 1, 7, 1
40, 2, 1354, 96, 357, 274, 1, 7, 1
41, 2, 1354, 96, 357, 274, 1, 7, 1
42, 2, 1354, 96, 357, 274, 1, 7, 1
43, 2, 1354, 96, 357, 274, 1, 7, 1
44, 2, 1354, 96, 357, 274, 1, 7, 1
45, 2, 1354, 96, 357, 274, 1, 7, 1
46, 2, 1354, 96, 357, 274, 1, 7, 1
47, 2, 1354, 96, 357, 274, 1, 7, 1
48, 2, 1354, 96, 357, 274, 1, 7, 1
49, 2, 1354, 96, 357, 274, 1, 7, 1
50, 2, 1354, 96, 357, 274, 1, 7, 1
51, 2, 1354, 96, 357, 274, 1, 7, 1
52, 2, 1354, 96, 357, 274, 1, 7, 1
53, 2, 1354, 96, 357, 274, 1, 7, 1
54, 2, 1354, 96, 357, 274, 1, 7, 1
55, 2, 1354, 96, 357, 274, 1, 7, 1
56, 2, 1354, 96, 357, 274, 1, 7, 1
57, 2, 1354, 96, 357, 274, 1, 7, 1
58, 2, 1358, 94, 357, 275, 1, 7, 1
59, 2, 1358, 94, 357, 275, 1, 7, 1
60, 2, 1358, 94, 357, 275, 1, 7, 1
61, 2, 1358, 94, 357, 275, 1, 7, 1
62, 2, 1358, 94, 357, 275, 1, 7, 1
63, 2, 1358, 94, 357, 275, 1, 7, 1
64, 2, 1358, 94, 357, 275, 1, 7, 1
65, 2, 1358, 94, 357, 275, 1, 7, 1
66, 2, 1358, 94, 357, 275, 1, 7, 1
67, 2, 1358, 94, 357, 275, 1, 7, 1
68, 2, 1358, 94, 357, 275, 1, 7, 1
69, 2, 1358, 94, 357, 275, 1, 7, 1
70, 2, 1358, 94, 357, 275, 1, 7, 1
71, 2, 1358, 94, 357, 275, 1, 7, 1
72, 2, 1358, 94, 357, 275, 1, 7, 1
73, 2, 1358, 94, 357, 275, 1, 7, 1
74, 2, 1358, 94, 357, 275, 1, 7, 1
75, 2, 1358, 94, 357, 275, 1, 7, 1
76, 2, 1358, 94, 357, 275, 1, 7, 1
77, 2, 1358, 94, 357, 275, 1, 7, 1
78, 2, 1358, 94, 357, 275, 1, 7, 1
79, 2, 1358, 94, 357, 275, 1, 7, 1
80, 2, 1358, 94, 357, 275, 1, 7, 1
81, 2, 1358, 94, 357, 275, 1, 7, 1
82, 2, 1358, 94, 357, 275, 1, 7, 1
83, 2, 1358, 94, 357, 275, 1, 7, 1
84, 2, 1358, 94, 357, 275, 1, 7, 1
85, 2, 1358, 94, 357, 275, 1, 7, 1
86, 2, 1358, 94, 357, 275, 1, 7, 1
87, 2, 1358, 94, 357, 275, 1, 7, 1
88, 2, 1358, 94, 357, 275, 1, 7, 1
89, 2, 1358, 94, 357, 275, 1, 7, 1
90, 2, 1358, 94, 357, 275, 1, 7, 1
91, 2, 1358, 94, 357, 275, 1, 7, 1
92, 2, 1365, 95, 357, 275, 1, 7, 1
93, 2, 1365, 95, 357, 275, 1, 7, 1
94, 2, 1365, 95, 357, 275, 1, 7, 1
95, 2, 1365, 95, 357, 275, 1, 7, 1
96, 2, 1365, 95, 357, 275, 1, 7, 1
97, 2, 1365, 95, 357, 275, 1, 7, 1
98, 2, 1365, 95, 357, 275, 1, 7, 1
99, 2, 1365, 95, 357, 275, 1, 7, 1
100, 2, 1365, 95, 357, 275, 1, 7, 1
101, 2, 1365, 95, 357, 275, 1, 7, 1
102, 2, 1365, 95, 357, 275, 1, 7, 1
103, 2, 1365, 95, 357, 275, 1, 7, 1
104, 2, 1365, 95, 357, 275, 1, 7, 1
105, 2, 1365, 95, 357, 275, 1, 7, 1
106, 2, 1365, 95, 357, 275, 1, 7, 1
107, 2, 1365, 95, 357, 275, 1, 7, 1
108, 2, 1365, 95, 357, 275, 1, 7, 1
109, 2, 1365, 95, 357, 275, 1, 7, 1
110, 2, 1365, 95, 357, 275, 1, 7, 1
111, 2, 1365, 95, 357, 275, 1, 7, 1
112, 2, 1365, 95, 357, 275, 1, 7, 1
113, 2, 1365, 95, 357, 275, 1, 7, 1
114, 2, 1365, 95, 357, 275, 1, 7, 1
115, 2, 1365, 95, 357, 275, 1, 7, 1
116, 2, 1365, 95, 357, 275, 1, 7, 1
117, 2, 1365, 95, 357, 275, 1, 7, 1
118, 2, 1365, 95, 357, 275, 1, 7, 1
119, 2, 1365, 95, 357, 275, 1, 7, 1
120, 2, 1365, 95, 357, 275, 1, 7, 1
121, 2, 1371, 96, 358, 274, 1, 7, 1
122, 2, 1371, 96, 358, 274, 1, 7, 1
123, 2, 1371, 96, 358, 274, 1, 7, 1
124, 2, 1371, 96, 358, 274, 1, 7, 1
125, 2, 1371, 96, 358, 274, 1, 7, 1
126, 2, 1371, 96, 358, 274, 1, 7, 1
127, 2, 1371, 96, 358, 274, 1, 7, 1
128, 2, 1371, 96, 358, 274, 1, 7, 1
129, 2, 1371, 96, 358, 274, 1, 7, 1
130, 2, 1371, 96, 358, 274, 1, 7, 1
131, 2, 1371, 96, 358, 274, 1, 7, 1
132, 2, 1371, 96, 358, 274, 1, 7, 1
133, 2, 1371, 96, 358, 274, 1, 7, 1
134, 2, 1371, 96, 358, 274, 1, 7, 1
135, 2, 1371, 96, 358, 274, 1, 7, 1
136, 2, 1371, 96, 358, 274, 1, 7, 1
137, 2, 1371, 96, 358, 274, 1, 7, 1
138, 2, 1371, 96, 358, 274, 1, 7, 1
139, 2, 1371, 96, 358, 274, 1, 7, 1
140, 2, 1371, 96, 358, 274, 1, 7, 1
141, 2, 1371, 96, 358, 274, 1, 7, 1
142, 2, 1371, 96, 358, 274, 1, 7, 1
143, 2, 1371, 96, 358, 274, 1, 7, 1
144, 2, 1371, 96, 358, 274, 1, 7, 1
145, 2, 1371, 96, 358, 274, 1, 7, 1
146, 2, 1371, 96, 358, 274, 1, 7, 1
147, 2, 1371, 96, 358, 274, 1, 7, 1
148, 2, 1371, 96, 358, 274, 1, 7, 1
149, 2, 1371, 96, 358, 274, 1, 7, 1
150, 2, 1371, 96, 358, 274, 1, 7, 1
151, 2, 1371, 96, 358, 274, 1, 7, 1
152, 2, 1371, 96, 358, 274, 1, 7, 1
153, 2, 1371, 96, 358, 274, 1, 7, 1
154, 2, 1371, 96, 358, 274, 1, 7, 1
155, 2, 1371, 96, 358, 274, 1, 7, 1
156, 2, 1371, 96, 358, 274, 1, 7, 1
157, 2, 1371, 96, 358, 274, 1, 7, 1
158, 2, 1371, 96, 358, 274, 1, 7, 1
159, 2, 1371, 96, 358, 274, 1, 7, 1
160, 2, 1371, 96, 358, 274, 1, 7, 1
161, 2, 1371, 96, 358, 274, 1, 7, 1
162, 2, 1371, 96, 358, 274, 1, 7, 1
163, 2, 1371, 96, 358, 274, 1, 7, 1
164, 2, 1368, 96, 357, 270, 1, 7, 1
165, 2, 1368, 96, 357, 270, 1, 7, 1
166, 2, 1368, 96, 357, 270, 1, 7, 1
167, 2, 1368, 96, 357, 270, 1, 7, 1
168, 2, 1368, 96, 357, 270, 1, 7, 1
169, 2, 1368, 96, 357, 270, 1, 7, 1
170, 2, 1368, 96, 357, 270, 1, 7, 1
171, 2, 1368, 96, 357, 270, 1, 7, 1
172, 2, 1368, 96, 357, 270, 1, 7, 1
173, 2, 1368, 96, 357, 270, 1, 7, 1
174, 2, 1368, 96, 357, 270, 1, 7, 1
175, 2, 1368, 96, 357, 270, 1, 7, 1
176, 2, 1368, 96, 357, 270, 1, 7, 1
177, 2, 1368, 96, 357, 270, 1, 7, 1
178, 2, 1368, 96, 357, 270, 1, 7, 1
179, 2, 1368, 96, 357, 270, 1, 7, 1
180, 2, 1368, 96, 357, 270, 1, 7, 1
181, 2, 1368, 96, 357, 270, 1, 7, 1
182, 2, 1368, 96, 357, 270, 1, 7, 1
183, 2, 1368, 96, 357, 270, 1, 7, 1
184, 2, 1368, 96, 357, 270, 1, 7, 1
185, 2, 1368, 96, 357, 270, 1, 7, 1
186, 2, 1368, 96, 357, 270, 1, 7, 1
187, 2, 1361, 93, 358, 271, 1, 7, 1
188, 2, 1361, 93, 358, 271, 1, 7, 1
189, 2, 1361, 93, 358, 271, 1, 7, 1
190, 2, 1361, 93, 358, 271, 1, 7, 1
191, 2, 1361, 93, 358, 271, 1, 7, 1
192, 2, 1361, 93, 358, 271, 1, 7, 1
193, 2, 1361, 93, 358, 271, 1, 7, 1
194, 2, 1361, 93, 358, 271, 1, 7, 1
195, 2, 1361, 93, 358, 271, 1, 7, 1
196, 2, 1361, 93, 358, 271, 1, 7, 1
197, 2, 1361, 93, 358, 271, 1, 7, 1
198, 2, 1361, 93, 358, 271, 1, 7, 1
199, 2, 1361, 93, 358, 271, 1, 7, 1
200, 2, 1361, 93, 358, 271, 1, 7, 1
201, 2, 1361, 93, 358, 271, 1, 7, 1
202, 2, 1361, 93, 358, 271, 1, 7, 1
203, 2, 1361, 93, 358, 271, 1, 7, 1
204, 2, 1361, 93, 358, 271, 1, 7, 1
205, 2, 1361, 93, 358, 271, 1, 7, 1
206, 2, 1361, 93, 358, 271, 1, 7, 1
207, 2, 1361, 93, 358, 271, 1, 7, 1
208, 2, 1361, 93, 358, 271, 1, 7, 1
209, 2, 1361, 93, 358, 271, 1, 7, 1
210, 2, 1361, 93, 358, 271, 1, 7, 1
211, 2, 1361, 93, 358, 271, 1, 7, 1
212, 2, 1361, 93, 358, 271, 1, 7, 1
213, 2, 1361, 93, 358, 271, 1, 7, 1
214, 2, 1361, 93, 358, 271, 1, 7, 1
215, 2, 1361, 93, 358, 271, 1, 7, 1
216, 2, 1361, 93, 358, 271, 1, 7, 1
217, 2, 1361, 93, 358, 271, 1, 7, 1
218, 2, 1361, 93, 358, 271, 1, 7, 1
219, 2, 1361, 93, 358, 271, 1, 7, 1
220, 2, 1361, 93, 358, 271, 1, 7, 1
221, 2, 1361, 93, 358, 271, 1, 7, 1
222, 2, 1361, 93, 358, 271, 1, 7, 1
223, 2, 1361, 93, 358, 271, 1, 7, 1
224, 2, 1361, 93, 358, 271, 1, 7, 1
225, 2, 1359, 95, 357, 270, 1, 7, 1
226, 2, 1359, 95, 357, 270, 1, 7, 1
227, 2, 1359, 95, 357, 270, 1, 7, 1
228, 2, 1358, 99, 357, 270, 1, 7, 1
229, 2, 1358, 99, 357, 270, 1, 7, 1
230, 2, 1358, 99, 357, 270, 1, 7, 1
231, 2, 1358, 99, 357, 270, 1, 7, 1
232, 2, 1358, 99, 357, 270, 1, 7, 1
233, 2, 1358, 99, 357, 270, 1, 7, 1
234, 2, 1358, 99, 357, 270, 1, 7, 1
235, 2, 1358, 99, 357, 270, 1, 7, 1
236, 2, 1358, 99, 357, 270, 1, 7, 1
237, 2, 1358, 99, 357, 270, 1, 7, 1
238, 2, 1358, 99, 357, 270, 1, 7, 1
239, 2, 1358, 99, 357, 270, 1, 7, 1
240, 2, 1358, 99, 357, 270, 1, 7, 1
241, 2, 1358, 99, 357, 270, 1, 7, 1
242, 2, 1357, 101, 357, 271, 1, 7, 1
243, 2, 1357, 101, 357, 271, 1, 7, 1
244, 2, 1357, 101, 357, 271, 1, 7, 1
245, 2, 1355, 102, 357, 270, 1, 7, 1
246, 2, 1354, 102, 357, 270, 1, 7, 1
247, 2, 1357, 102, 357, 270, 1, 7, 1
248, 2, 1353, 102, 357, 270, 1, 7, 1
249, 2, 1356, 103, 357, 270, 1, 7, 1
250, 2, 1352, 104, 357, 270, 1, 7, 1
251, 2, 1353, 106, 357, 270, 1, 7, 1
252, 2, 1351, 107, 358, 270, 1, 7, 1
253, 2, 1351, 105, 357, 270, 1, 7, 1
254, 2, 1354, 106, 357, 270, 1, 7, 1
255, 2, 1354, 106, 357, 270, 1, 7, 1
256, 2, 1354, 106, 357, 270, 1, 7, 1
257, 2, 1354, 106, 357, 270, 1, 7, 1
258, 2, 1354, 106, 357, 270, 1, 7, 1
259, 2, 1354, 106, 357, 270, 1, 7, 1
260, 2, 1354, 106, 357, 270, 1, 7, 1
261, 2, 1354, 106, 357, 270, 1, 7, 1
262, 2, 1354, 106, 357, 270, 1, 7, 1
263, 2, 1354, 106, 357, 270, 1, 7, 1
264, 2, 1354, 106, 357, 270, 1, 7, 1
265, 2, 1354, 106, 357, 270, 1, 7, 1
266, 2, 1354, 106, 357, 270, 1, 7, 1
267, 2, 1354, 106, 357, 270, 1, 7, 1
268, 2, 1354, 106, 357, 270, 1, 7, 1
269, 2, 1354, 106, 357, 270, 1, 7, 1
270, 2, 1354, 106, 357, 270, 1, 7, 1
271, 2, 1354, 106, 357, 270, 1, 7, 1
272, 2, 1354, 106, 357, 270, 1, 7, 1
273, 2, 1354, 106, 357, 270, 1, 7, 1
274, 2, 1354, 106, 357, 270, 1, 7, 1
275, 2, 1354, 106, 357, 270, 1, 7, 1
276, 2, 1354, 106, 357, 270, 1, 7, 1
277, 2, 1354, 106, 357, 270, 1, 7, 1
278, 2, 1354, 106, 357, 270, 1, 7, 1
279, 2, 1354, 106, 357, 270, 1, 7, 1
280, 2, 1354, 106, 357, 270, 1, 7, 1
281, 2, 1354, 106, 357, 270, 1, 7, 1
282, 2, 1354, 106, 357, 270, 1, 7, 1
283, 2, 1354, 106, 357, 270, 1, 7, 1
284, 2, 1354, 106, 357, 270, 1, 7, 1
285, 2, 1354, 106, 357, 270, 1, 7, 1
286, 2, 1354, 106, 357, 270, 1, 7, 1
287, 2, 1354, 106, 357, 270, 1, 7, 1
288, 2, 1354, 106, 357, 270, 1, 7, 1
289, 2, 1354, 106, 357, 270, 1, 7, 1
290, 2, 1354, 106, 357, 270, 1, 7, 1
291, 2, 1354, 106, 357, 270, 1, 7, 1
292, 2, 1354, 106, 357, 270, 1, 7, 1
293, 2, 1354, 106, 357, 270, 1, 7, 1
294, 2, 1354, 106, 357, 270, 1, 7, 1
295, 2, 1354, 106, 357, 270, 1, 7, 1
296, 2, 1365, 100, 357, 270, 1, 7, 1
297, 2, 1365, 100, 357, 270, 1, 7, 1
298, 2, 1365, 100, 357, 270, 1, 7, 1
299, 2, 1365, 100, 357, 270, 1, 7, 1
300, 2, 1365, 100, 357, 270, 1, 7, 1
301, 2, 1365, 100, 357, 270, 1, 7, 1
302, 2, 1365, 100, 357, 270, 1, 7, 1
303, 2, 1365, 100, 357, 270, 1, 7, 1
304, 2, 1365, 100, 357, 270, 1, 7, 1
305, 2, 1365, 100, 357, 270, 1, 7, 1
306, 2, 1365, 100, 357, 270, 1, 7, 1
307, 2, 1365, 95, 357, 270, 1, 7, 1
308, 2, 1365, 95, 357, 270, 1, 7, 1
309, 2, 1365, 95, 357, 270, 1, 7, 1
310, 2, 1365, 95, 357, 270, 1, 7, 1
311, 2, 1365, 95, 357, 270, 1, 7, 1
312, 2, 1365, 95, 357, 270, 1, 7, 1
313, 2, 1365, 95, 357, 270, 1, 7, 1
314, 2, 1365, 95, 357, 270, 1, 7, 1
315, 2, 1365, 95, 357, 270, 1, 7, 1
316, 2, 1365, 95, 357, 270, 1, 7, 1
317, 2, 1365, 95, 357, 270, 1, 7, 1
318, 2, 1366, 93, 357, 271, 1, 7, 1
319, 2, 1366, 93, 357, 271, 1, 7, 1
320, 2, 1366, 93, 357, 271, 1, 7, 1
321, 2, 1366, 93, 357, 271, 1, 7, 1
322, 2, 1366, 93, 357, 271, 1, 7, 1
323, 2, 1366, 93, 357, 271, 1, 7, 1
324, 2, 1366, 93, 357, 271, 1, 7, 1
325, 2, 1366, 93, 357, 271, 1, 7, 1
326, 2, 1366, 93, 357, 271, 1, 7, 1
327, 2, 1366, 93, 357, 271, 1, 7, 1
328, 2, 1366, 93, 357, 271, 1, 7, 1
329, 2, 1366, 93, 357, 271, 1, 7, 1
330, 2, 1366, 93, 357, 271, 1, 7, 1
331, 2, 1366, 93, 357, 271, 1, 7, 1
332, 2, 1366, 93, 357, 271, 1, 7, 1
333, 2, 1366, 93, 357, 271, 1, 7, 1
334, 2, 1366, 93, 357, 271, 1, 7, 1
335, 2, 1366, 93, 357, 271, 1, 7, 1
336, 2, 1366, 93, 357, 271, 1, 7, 1
337, 2, 1368, 92, 357, 270, 1, 7, 1
338, 2, 1368, 92, 357, 270, 1, 7, 1
339, 2, 1368, 92, 357, 270, 1, 7, 1
340, 2, 1368, 92, 357, 270, 1, 7, 1
341, 2, 1368, 92, 357, 270, 1, 7, 1
342, 2, 1368, 92, 357, 270, 1, 7, 1
343, 2, 1368, 92, 357, 270, 1, 7, 1
344, 2, 1368, 92, 357, 270, 1, 7, 1
345, 2, 1368, 92, 357, 270, 1, 7, 1
346, 2, 1368, 92, 357, 270, 1, 7, 1
347, 2, 1368, 92, 357, 270, 1, 7, 1
348, 2, 1368, 92, 357, 270, 1, 7, 1
349, 2, 1368, 92, 357, 270, 1, 7, 1
350, 2, 1368, 92, 357, 270, 1, 7, 1
351, 2, 1368, 92, 357, 270, 1, 7, 1
352, 2, 1368, 92, 357, 270, 1, 7, 1
353, 2, 1368, 92, 357, 270, 1, 7, 1
354, 2, 1368, 92, 357, 270, 1, 7, 1
355, 2, 1368, 92, 357, 270, 1, 7, 1
356, 2, 1368, 92, 357, 270, 1, 7, 1
357, 2, 1368, 92, 357, 270, 1, 7, 1
358, 2, 1368, 92, 357, 270, 1, 7, 1
359, 2, 1373, 94, 357, 270, 1, 7, 1
360, 2, 1373, 94, 357, 270, 1, 7, 1
361, 2, 1373, 94, 357, 270, 1, 7, 1
362, 2, 1373, 94, 357, 270, 1, 7, 1
363, 2, 1373, 94, 357, 270, 1, 7, 1
364, 2, 1373, 94, 357, 270, 1, 7, 1
365, 2, 1373, 94, 357, 270, 1, 7, 1
366, 2, 1373, 94, 357, 270, 1, 7, 1
367, 2, 1373, 94, 357, 270, 1, 7, 1
368, 2, 1373, 94, 357, 270, 1, 7, 1
369, 2, 1373, 94, 357, 270, 1, 7, 1
370, 2, 1373, 94, 357, 270, 1, 7, 1
371, 2, 1373, 94, 357, 270, 1, 7, 1
372, 2, 1373, 94, 357, 270, 1, 7, 1
373, 2, 1373, 94, 357, 270, 1, 7, 1
374, 2, 1373, 94, 357, 270, 1, 7, 1
375, 2, 1373, 94, 357, 270, 1, 7, 1
376, 2, 1373, 94, 357, 270, 1, 7, 1
377, 2, 1373, 100, 357, 270, 1, 7, 1
378, 2, 1373, 100, 357, 270, 1, 7, 1
379, 2, 1373, 100, 357, 270, 1, 7, 1
380, 2, 1373, 100, 357, 270, 1, 7, 1
381, 2, 1373, 100, 357, 270, 1, 7, 1
382, 2, 1373, 100, 357, 270, 1, 7, 1
383, 2, 1373, 100, 357, 270, 1, 7, 1
384, 2, 1373, 100, 357, 270, 1, 7, 1
385, 2, 1373, 100, 357, 270, 1, 7, 1
386, 2, 1373, 100, 357, 270, 1, 7, 1
387, 2, 1373, 100, 357, 270, 1, 7, 1
388, 2, 1373, 100, 357, 270, 1, 7, 1
389, 2, 1373, 100, 357, 270, 1, 7, 1
390, 2, 1373, 100, 357, 270, 1, 7, 1
391, 2, 1373, 100, 357, 270, 1, 7, 1
392, 2, 1373, 100, 357, 270, 1, 7, 1
393, 2, 1373, 100, 357, 270, 1, 7, 1
394, 2, 1373, 100, 357, 270, 1, 7, 1
395, 2, 1370, 102, 357, 270, 1, 7, 1
396, 2, 1370, 102, 357, 270, 1, 7, 1
397, 2, 1370, 102, 357, 270, 1, 7, 1
398, 2, 1370, 102, 357, 270, 1, 7, 1
399, 2, 1370, 102, 357, 270, 1, 7, 1
400, 2, 1370, 102, 357, 270, 1, 7, 1
401, 2, 1370, 102, 357, 270, 1, 7, 1
402, 2, 1370, 102, 357, 270, 1, 7, 1
403, 2, 1370, 102, 357, 270, 1, 7, 1
404, 2, 1370, 102, 357, 270, 1, 7, 1
405, 2, 1370, 102, 357, 270, 1, 7, 1
406, 2, 1370, 102, 357, 270, 1, 7, 1
407, 2, 1370, 102, 357, 270, 1, 7, 1
408, 2, 1370, 102, 357, 270, 1, 7, 1
409, 2, 1370, 102, 357, 270, 1, 7, 1
410, 2, 1370, 102, 357, 270, 1, 7, 1
411, 2, 1370, 102, 357, 270, 1, 7, 1
412, 2, 1370, 102, 357, 270, 1, 7, 1
413, 2, 1370, 102, 357, 270, 1, 7, 1
414, 2, 1370, 102, 357, 270, 1, 7, 1
415, 2, 1360, 101, 357, 271, 1, 7, 1
416, 2, 1360, 101, 357, 271, 1, 7, 1
417, 2, 1360, 101, 357, 271, 1, 7, 1
418, 2, 1360, 101, 357, 271, 1, 7, 1
419, 2, 1360, 101, 357, 271, 1, 7, 1
420, 2, 1360, 101, 357, 271, 1, 7, 1
421, 2, 1360, 101, 357, 271, 1, 7, 1
422, 2, 1360, 101, 357, 271, 1, 7, 1
423, 2, 1360, 101, 357, 271, 1, 7, 1
424, 2, 1360, 101, 357, 271, 1, 7, 1
425, 2, 1360, 101, 357, 271, 1, 7, 1
426, 2, 1360, 101, 357, 271, 1, 7, 1
427, 2, 1360, 101, 357, 271, 1, 7, 1
428, 2, 1360, 101, 357, 271, 1, 7, 1
429, 2, 1360, 101, 357, 271, 1, 7, 1
430, 2, 1360, 101, 357, 271, 1, 7, 1
431, 2, 1360, 101, 357, 271, 1, 7, 1
432, 2, 1360, 101, 357, 271, 1, 7, 1
433, 2, 1360, 101, 357, 271, 1, 7, 1
434, 2, 1360, 101, 357, 271, 1, 7, 1
435, 2, 1360, 101, 357, 271, 1, 7, 1
436, 2, 1360, 98, 357, 271, 1, 7, 1
437, 2, 1360, 98, 357, 271, 1, 7, 1
438, 2, 1360, 98, 357, 271, 1, 7, 1
439, 2, 1360, 98, 357, 271, 1, 7, 1
440, 2, 1360, 98, 357, 271, 1, 7, 1
441, 2, 1360, 98, 357, 271, 1, 7, 1
442, 2, 1360, 98, 357, 271, 1, 7, 1
443, 2, 1360, 98, 357, 271, 1, 7, 1
444, 2, 1360, 98, 357, 271, 1, 7, 1
445, 2, 1360, 98, 357, 271, 1, 7, 1
446, 2, 1360, 98, 357, 271, 1, 7, 1
447, 2, 1360, 98, 357, 271, 1, 7, 1
448, 2, 1360, 98, 357, 271, 1, 7, 1
449, 2, 1360, 98, 357, 271, 1, 7, 1
450, 2, 1355, 89, 357, 270, 1, 7, 1
451, 2, 1355, 89, 357, 270, 1, 7, 1
452, 2, 1355, 89, 357, 270, 1, 7, 1
453, 2, 1355, 89, 357, 270, 1, 7, 1
454, 2, 1355, 89, 357, 270, 1, 7, 1
455, 2, 1355, 89, 357, 270, 1, 7, 1
456, 2, 1355, 89, 357, 270, 1, 7, 1
457, 2, 1355, 89, 357, 270, 1, 7, 1
458, 2, 1355, 89, 357, 270, 1, 7, 1
459, 2, 1355, 89, 357, 270, 1, 7, 1
460, 2, 1355, 89, 357, 270, 1, 7, 1
461, 2, 1355, 89, 357, 270, 1, 7, 1
462, 2, 1355, 89, 357, 270, 1, 7, 1
463, 2, 1355, 89, 357, 270, 1, 7, 1
464, 2, 1355, 89, 357, 270, 1, 7, 1
465, 2, 1355, 89, 357, 270, 1, 7, 1
466, 2, 1355, 89, 357, 270, 1, 7, 1
467, 2, 1355, 89, 357, 270, 1, 7, 1
468, 2, 1355, 89, 357, 270, 1, 7, 1
469, 2, 1351, 94, 358, 270, 1, 7, 1
470, 2, 1351, 94, 358, 270, 1, 7, 1
471, 2, 1351, 94, 358, 270, 1, 7, 1
472, 2, 1351, 94, 358, 270, 1, 7, 1
473, 2, 1351, 94, 358, 270, 1, 7, 1
474, 2, 1351, 94, 358, 270, 1, 7, 1
475, 2, 1351, 94, 358, 270, 1, 7, 1
476, 2, 1351, 94, 358, 270, 1, 7, 1
477, 2, 1351, 94, 358, 270, 1, 7, 1
478, 2, 1351, 94, 358, 270, 1, 7, 1
479, 2, 1351, 94, 358, 270, 1, 7, 1
480, 2, 1351, 94, 358, 270, 1, 7, 1
481, 2, 1351, 94, 358, 270, 1, 7, 1
482, 2, 1351, 94, 358, 270, 1, 7, 1
483, 2, 1351, 94, 358, 270, 1, 7, 1
484, 2, 1351, 94, 358, 270, 1, 7, 1
485, 2, 1351, 94, 358, 270, 1, 7, 1
486, 2, 1351, 94, 358, 270, 1, 7, 1
487, 2, 1351, 94, 358, 270, 1, 7, 1
488, 2, 1351, 94, 358, 270, 1, 7, 1
489, 2, 1351, 94, 358, 270, 1, 7, 1
490, 2, 1351, 94, 358, 270, 1, 7, 1
491, 2, 1351, 94, 358, 270, 1, 7, 1
492, 2, 1351, 94, 358, 270, 1, 7, 1
493, 2, 1351, 94, 358, 270, 1, 7, 1
494, 2, 1351, 94, 358, 270, 1, 7, 1
495, 2, 1351, 94, 358, 270, 1, 7, 1
496, 2, 1351, 94, 358, 270, 1, 7, 1
497, 2, 1351, 94, 358, 270, 1, 7, 1
498, 2, 1351, 94, 358, 270, 1, 7, 1
499, 2, 1351, 94, 358, 270, 1, 7, 1
500, 2, 1351, 94, 358, 270, 1, 7, 1
501, 2, 1351, 94, 358, 270, 1, 7, 1
502, 2, 1353, 98, 357, 271, 1, 7, 1
503, 2, 1353, 98, 357, 271, 1, 7, 1
504, 2, 1353, 98, 357, 271, 1, 7, 1
505, 2, 1353, 98, 357, 271, 1, 7, 1
506, 2, 1353, 98, 357, 271, 1, 7, 1
507, 2, 1353, 98, 357, 271, 1, 7, 1
508, 2, 1353, 98, 357, 271, 1, 7, 1
509, 2, 1353, 98, 357, 271, 1, 7, 1
510, 2, 1353, 98, 357, 271, 1, 7, 1
511, 2, 1353, 98, 357, 271, 1, 7, 1
512, 2, 1353, 98, 357, 271, 1, 7, 1
513, 2, 1353, 98, 357, 271, 1, 7, 1
514, 2, 1353, 98, 357, 271, 1, 7, 1
515, 2, 1353, 98, 357, 271, 1, 7, 1
516, 2, 1353, 98, 357, 271, 1, 7, 1
517, 2, 1353, 98, 357, 271, 1, 7, 1
518, 2, 1353, 98, 357, 271, 1, 7, 1
519, 2, 1353, 98, 357, 271, 1, 7, 1
520, 2, 1353, 98, 357, 271, 1, 7, 1
521, 2, 1353, 98, 357, 271, 1, 7, 1
522, 2, 1358, 99, 357, 270, 1, 7, 1
523, 2, 1358, 99, 357, 270, 1, 7, 1
524, 2, 1358, 99, 357, 270, 1, 7, 1
525, 2, 1358, 99, 357, 270, 1, 7, 1
526, 2, 1358, 99, 357, 270, 1, 7, 1
527, 2, 1358, 99, 357, 270, 1, 7, 1
528, 2, 1358, 99, 357, 270, 1, 7, 1
529, 2, 1358, 99, 357, 270, 1, 7, 1
530, 2, 1358, 99, 357, 270, 1, 7, 1
531, 2, 1358, 99, 357, 270, 1, 7, 1
532, 2, 1358, 99, 357, 270, 1, 7, 1
533, 2, 1358, 99, 357, 270, 1, 7, 1
534, 2, 1358, 99, 357, 270, 1, 7, 1
535, 2, 1358, 99, 357, 270, 1, 7, 1
536, 2, 1358, 99, 357, 270, 1, 7, 1
537, 2, 1358, 99, 357, 270, 1, 7, 1
538, 2, 1363, 100, 357, 270, 1, 7, 1
539, 2, 1363, 100, 357, 270, 1, 7, 1
540, 2, 1363, 100, 357, 270, 1, 7, 1
541, 2, 1363, 100, 357, 270, 1, 7, 1
542, 2, 1363, 100, 357, 270, 1, 7, 1
543, 2, 1363, 100, 357, 270, 1, 7, 1
544, 2, 1363, 100, 357, 270, 1, 7, 1
545, 2, 1363, 100, 357, 270, 1, 7, 1
546, 2, 1363, 100, 357, 270, 1, 7, 1
547, 2, 1363, 100, 357, 270, 1, 7, 1
548, 2, 1363, 100, 357, 270, 1, 7, 1
549, 2, 1363, 100, 357, 270, 1, 7, 1
550, 2, 1363, 100, 357, 270, 1, 7, 1
551, 2, 1363, 100, 357, 270, 1, 7, 1
552, 2, 1363, 100, 357, 270, 1, 7, 1
553, 2, 1363, 100, 357, 270, 1, 7, 1
554, 2, 1363, 100, 357, 270, 1, 7, 1
555, 2, 1363, 100, 357, 270, 1, 7, 1
556, 2, 1363, 100, 357, 270, 1, 7, 1
557, 2, 1363, 100, 357, 270, 1, 7, 1
558, 2, 1363, 100, 357, 270, 1, 7, 1
559, 2, 1363, 100, 357, 270, 1, 7, 1
560, 2, 1363, 100, 357, 270, 1, 7, 1
561, 2, 1363, 100, 357, 270, 1, 7, 1
562, 2, 1363, 100, 357, 270, 1, 7, 1
563, 2, 1365, 98, 357, 270, 1, 7, 1
564, 2, 1365, 98, 357, 270, 1, 7, 1
565, 2, 1365, 98, 357, 270, 1, 7, 1
566, 2, 1365, 98, 357, 270, 1, 7, 1
567, 2, 1365, 98, 357, 270, 1, 7, 1
568, 2, 1365, 98, 357, 270, 1, 7, 1
569, 2, 1365, 98, 357, 270, 1, 7, 1
570, 2, 1365, 98, 357, 270, 1, 7, 1
571, 2, 1365, 98, 357, 270, 1, 7, 1
572, 2, 1365, 98, 357, 270, 1, 7, 1
573, 2, 1365, 98, 357, 270, 1, 7, 1
574, 2, 1365, 98, 357, 270, 1, 7, 1
575, 2, 1365, 98, 357, 270, 1, 7, 1
576, 2, 1365, 98, 357, 270, 1, 7, 1
577, 2, 1365, 98, 357, 270, 1, 7, 1
578, 2, 1365, 98, 357, 270, 1, 7, 1
579, 2, 1368, 93, 357, 270, 1, 7, 1
580, 2, 1368, 93, 357, 270, 1, 7, 1
581, 2, 1368, 93, 357, 270, 1, 7, 1
582, 2, 1368, 93, 357, 270, 1, 7, 1
583, 2, 1368, 93, 357, 270, 1, 7, 1
584, 2, 1368, 93, 357, 270, 1, 7, 1
585, 2, 1368, 93, 357, 270, 1, 7, 1
586, 2, 1368, 93, 357, 270, 1, 7, 1
587, 2, 1368, 93, 357, 270, 1, 7, 1
588, 2, 1368, 93, 357, 270, 1, 7, 1
589, 2, 1368, 93, 357, 270, 1, 7, 1
590, 2, 1368, 93, 357, 270, 1, 7, 1
591, 2, 1368, 93, 357, 270, 1, 7, 1
592, 2, 1368, 93, 357, 270, 1, 7, 1
593, 2, 1368, 93, 357, 270, 1, 7, 1
594, 2, 1371, 92, 358, 270, 1, 7, 1
595, 2, 1371, 92, 358, 270, 1, 7, 1
596, 2, 1371, 92, 358, 270, 1, 7, 1
597, 2, 1371, 92, 358, 270, 1, 7, 1
598, 2, 1371, 92, 358, 270, 1, 7, 1
599, 2, 1371, 92, 358, 270, 1, 7, 1
600, 2, 1371, 92, 358, 270, 1, 7, 1
601, 2, 1371, 92, 358, 270, 1, 7, 1
602, 2, 1371, 92, 358, 270, 1, 7, 1
603, 2, 1371, 92, 358, 270, 1, 7, 1
604, 2, 1371, 92, 358, 270, 1, 7, 1
605, 2, 1371, 92, 358, 270, 1, 7, 1
606, 2, 1371, 92, 358, 270, 1, 7, 1
607, 2, 1371, 92, 358, 270, 1, 7, 1
608, 2, 1371, 92, 358, 270, 1, 7, 1
609, 2, 1371, 92, 358, 270, 1, 7, 1
610, 2, 1371, 92, 358, 270, 1, 7, 1
611, 2, 1371, 92, 358, 270, 1, 7, 1
612, 2, 1371, 92, 358, 270, 1, 7, 1
613, 2, 1371, 92, 358, 270, 1, 7, 1
614, 2, 1371, 92, 358, 270, 1, 7, 1
615, 2, 1371, 92, 358, 270, 1, 7, 1
616, 2, 1371, 92, 358, 270, 1, 7, 1
617, 2, 1371, 92, 358, 270, 1, 7, 1
618, 2, 1371, 92, 358, 270, 1, 7, 1
619, 2, 1371, 92, 358, 270, 1, 7, 1
620, 2, 1371, 92, 358, 270, 1, 7, 1
621, 2, 1371, 92, 358, 270, 1, 7, 1
622, 2, 1371, 92, 358, 270, 1, 7, 1
623, 2, 1368, 96, 357, 271, 1, 7, 1
624, 2, 1368, 96, 357, 271, 1, 7, 1
625, 2, 1368, 96, 357, 271, 1, 7, 1
626, 2, 1368, 96, 357, 271, 1, 7, 1
627, 2, 1368, 96, 357, 271, 1, 7, 1
628, 2, 1368, 96, 357, 271, 1, 7, 1
629, 2, 1368, 96, 357, 271, 1, 7, 1
630, 2, 1368, 96, 357, 271, 1, 7, 1
631, 2, 1368, 96, 357, 271, 1, 7, 1
632, 2, 1368, 96, 357, 271, 1, 7, 1
633, 2, 1368, 96, 357, 271, 1, 7, 1
634, 2, 1368, 96, 357, 271, 1, 7, 1
635, 2, 1368, 96, 357, 271, 1, 7, 1
636, 2, 1368, 96, 357, 271, 1, 7, 1
637, 2, 1368, 96, 357, 271, 1, 7, 1
638, 2, 1368, 96, 357, 271, 1, 7, 1
639, 2, 1368, 96, 357, 271, 1, 7, 1
640, 2, 1368, 96, 357, 271, 1, 7, 1
641, 2, 1368, 96, 357, 271, 1, 7, 1
642, 2, 1368, 96, 357, 271, 1, 7, 1
643, 2, 1368, 96, 357, 271, 1, 7, 1
644, 2, 1368, 96, 357, 271, 1, 7, 1
645, 2, 1368, 96, 357, 271, 1, 7, 1
646, 2, 1368, 96, 357, 271, 1, 7, 1
647, 2, 1368, 96, 357, 271, 1, 7, 1
648, 2, 1363, 104, 357, 270, 1, 7, 1
649, 2, 1363, 104, 357, 270, 1, 7, 1
650, 2, 1363, 104, 357, 270, 1, 7, 1
651, 2, 1363, 104, 357, 270, 1, 7, 1
652, 2, 1363, 104, 357, 270, 1, 7, 1
653, 2, 1363, 104, 357, 270, 1, 7, 1
654, 2, 1363, 104, 357, 270, 1, 7, 1
655, 2, 1363, 104, 357, 270, 1, 7, 1
656, 2, 1363, 104, 357, 270, 1, 7, 1
657, 2, 1363, 104, 357, 270, 1, 7, 1
658, 2, 1363, 104, 357, 270, 1, 7, 1
659, 2, 1363, 104, 357, 270, 1, 7, 1
660, 2, 1363, 104, 357, 270, 1, 7, 1
661, 2, 1363, 104, 357, 270, 1, 7, 1
662, 2, 1363, 104, 357, 270, 1, 7, 1
663, 2, 1363, 104, 357, 270, 1, 7, 1
664, 2, 1363, 104, 357, 270, 1, 7, 1
665, 2, 1363, 104, 357, 270, 1, 7, 1
666, 2, 1363, 104, 357, 270, 1, 7, 1
667, 2, 1363, 104, 357, 270, 1, 7, 1
668, 2, 1363, 104, 357, 270, 1, 7, 1
669, 2, 1363, 104, 357, 270, 1, 7, 1
670, 2, 1363, 104, 357, 270, 1, 7, 1
671, 2, 1363, 104, 357, 270, 1, 7, 1
672, 2, 1363, 104, 357, 270, 1, 7, 1
673, 2, 1363, 104, 357, 270, 1, 7, 1
674, 2, 1363, 104, 357, 270, 1, 7, 1
675, 2, 1363, 104, 357, 270, 1, 7, 1
676, 2, 1363, 104, 357, 270, 1, 7, 1
677, 2, 1363, 104, 357, 270, 1, 7, 1
678, 2, 1363, 104, 357, 270, 1, 7, 1
679, 2, 1363, 104, 357, 270, 1, 7, 1
680, 2, 1363, 104, 357, 270, 1, 7, 1
681, 2, 1355, 104, 357, 270, 1, 7, 1
682, 2, 1355, 104, 357, 270, 1, 7, 1
683, 2, 1355, 104, 357, 270, 1, 7, 1
684, 2, 1355, 104, 357, 270, 1, 7, 1
685, 2, 1355, 104, 357, 270, 1, 7, 1
686, 2, 1355, 104, 357, 270, 1, 7, 1
687, 2, 1355, 104, 357, 270, 1, 7, 1
688, 2, 1355, 104, 357, 270, 1, 7, 1
689, 2, 1355, 104, 357, 270, 1, 7, 1
690, 2, 1355, 104, 357, 270, 1, 7, 1
691, 2, 1355, 104, 357, 270, 1, 7, 1
692, 2, 1355, 104, 357, 270, 1, 7, 1
693, 2, 1355, 104, 357, 270, 1, 7, 1
694, 2, 1355, 104, 357, 270, 1, 7, 1
695, 2, 1355, 104, 357, 270, 1, 7, 1
696, 2, 1355, 99, 357, 270, 1, 7, 1
697, 2, 1355, 99, 357, 270, 1, 7, 1
698, 2, 1355, 99, 357, 270, 1, 7, 1
699, 2, 1355, 99, 357, 270, 1, 7, 1
700, 2, 1355, 99, 357, 270, 1, 7, 1
701, 2, 1355, 99, 357, 270, 1, 7, 1
702, 2, 1355, 99, 357, 270, 1, 7, 1
703, 2, 1355, 99, 357, 270, 1, 7, 1
704, 2, 1355, 99, 357, 270, 1, 7, 1
705, 2, 1355, 99, 357, 270, 1, 7, 1
706, 2, 1355, 99, 357, 270, 1, 7, 1
707, 2, 1355, 99, 357, 270, 1, 7, 1
708, 2, 1355, 99, 357, 270, 1, 7, 1
709, 2, 1355, 99, 357, 270, 1, 7, 1
710, 2, 1355, 99, 357, 270, 1, 7, 1
711, 2, 1355, 99, 357, 270, 1, 7, 1
712, 2, 1355, 99, 357, 270, 1, 7, 1
713, 2, 1355, 99, 357, 270, 1, 7, 1
714, 2, 1355, 99, 357, 270, 1, 7, 1
715, 2, 1355, 99, 357, 270, 1, 7, 1
716, 2, 1355, 99, 357, 270, 1, 7, 1
717, 2, 1355, 99, 357, 270, 1, 7, 1
718, 2, 1353, 94, 357, 270, 1, 7, 1
719, 2, 1353, 94, 357, 270, 1, 7, 1
720, 2, 1353, 94, 357, 270, 1, 7, 1
721, 2, 1353, 94, 357, 270, 1, 7, 1
722, 2, 1353, 94, 357, 270, 1, 7, 1
723, 2, 1353, 94, 357, 270, 1, 7, 1
724, 2, 1353, 94, 357, 270, 1, 7, 1
725, 2, 1353, 94, 357, 270, 1, 7, 1
726, 2, 1353, 94, 357, 270, 1, 7, 1
727, 2, 1353, 94, 357, 270, 1, 7, 1
728, 2, 1353, 94, 357, 270, 1, 7, 1
729, 2, 1353, 94, 357, 270, 1, 7, 1
730, 2, 1353, 94, 357, 270, 1, 7, 1
731, 2, 1353, 94, 357, 270, 1, 7, 1
732, 2, 1353, 94, 357, 270, 1, 7, 1
733, 2, 1353, 94, 357, 270, 1, 7, 1
734, 2, 1353, 94, 357, 270, 1, 7, 1
735, 2, 1353, 94, 357, 270, 1, 7, 1
736, 2, 1353, 94, 357, 270, 1, 7, 1
737, 2, 1353, 94, 357, 270, 1, 7, 1
738, 2, 1353, 94, 357, 270, 1, 7, 1
739, 2, 1353, 94, 357, 270, 1, 7, 1
740, 2, 1353, 94, 357, 270, 1, 7, 1
741, 2, 1353, 94, 357, 270, 1, 7, 1
742, 2, 1353, 94, 357, 270, 1, 7, 1
743, 2, 1353, 94, 357, 270, 1, 7, 1
744, 2, 1353, 94, 357, 270, 1, 7, 1
745, 2, 1357, 94, 357, 270, 1, 7, 1
746, 2, 1357, 94, 357, 270, 1, 7, 1
747, 2, 1357, 94, 357, 270, 1, 7, 1
748, 2, 1357, 94, 357, 270, 1, 7, 1
749, 2, 1357, 94, 357, 270, 1, 7, 1
750, 2, 1357, 94, 357, 270, 1, 7, 1