1, 1, 48, 293, 1513, 619, 1, 5, 1
2, 1, 60, 293, 1504, 615, 1, 5, 1
3, 1, 60, 292, 1501, 616, 1, 5, 1
4, 1, 56, 293, 1505, 616, 1, 5, 1
5, 1, 60, 293, 1504, 616, 1, 5, 1
6, 1, 65, 292, 1503, 614, 1, 5, 1
7, 1, 65, 292, 1509, 612, 1, 5, 1
8, 1, 70, 291, 1508, 615, 1, 5, 1
9, 1, 72, 290, 1512, 618, 1, 5, 1
10, 1, 73, 289, 1515, 613, 1, 5, 1
11, 1, 77, 289, 1513, 616, 1, 5, 1
12, 1, 83, 289, 1509, 612, 1, 5, 1
13, 1, 88, 289, 1505, 619, 1, 5, 1
14, 1, 90, 291, 1507, 616, 1, 5, 1
15, 1, 90, 291, 1514, 616, 1, 5, 1
16, 1, 93, 291, 1514, 616, 1, 5, 1
17, 1, 91, 290, 1519, 614, 1, 5, 1
18, 1, 99, 289, 1515, 616, 1, 5, 1
19, 1, 99, 288, 1515, 621, 1, 5, 1
20, 1, 103, 288, 1512, 622, 1, 5, 1
21, 1, 103, 291, 1520, 620, 1, 5, 1
22, 1, 106, 291, 1521, 616, 1, 5, 1
23, 1, 109, 290, 1519, 618, 1, 5, 1
24, 1, 109, 291, 1522, 616, 1, 5, 1
25, 1, 112, 290, 1520, 621, 1, 5, 1
26, 1, 116, 290, 1520, 617, 1, 5, 1
27, 1, 120, 290, 1517, 618, 1, 5, 1
28, 1, 123, 290, 1516, 619, 1, 5, 1
29, 1, 125, 290, 1516, 621, 1, 5, 1
30, 1, 126, 289, 1517, 621, 1, 5, 1
31, 1, 127, 289, 1517, 621, 1, 5, 1
32, 1, 129, 288, 1516, 622, 1, 5, 1
33, 1, 130, 286, 1520, 624, 1, 5, 1
34, 1, 131, 288, 1519, 623, 1, 5, 1
35, 1, 133, 287, 1520, 624, 1, 5, 1
36, 1, 135, 286, 1519, 626, 1, 5, 1
37, 1, 138, 285, 1519, 626, 1, 5, 1
38, 1, 142, 283, 1518, 628, 1, 5, 1
39, 1, 145, 286, 1516, 623, 1, 5, 1
40, 1, 146, 287, 1519, 622, 1, 5, 1
41, 1, 150, 286, 1517, 624, 1, 5, 1
42, 1, 153, 287, 1520, 622, 1, 5, 1
43, 1, 156, 287, 1518, 622, 1, 5, 1
44, 1, 163, 285, 1516, 623, 1, 5, 1
45, 1, 166, 286, 1518, 621, 1, 5, 1
46, 1, 170, 286, 1518, 622, 1, 5, 1
47, 1, 174, 286, 1515, 620, 1, 5, 1
48, 1, 178, 286, 1514, 619, 1, 5, 1
49, 1, 183, 287, 1513, 619, 1, 5, 1
50, 1, 183, 286, 1518, 621, 1, 5, 1
51, 1, 191, 285, 1516, 621, 1, 5, 1
52, 1, 192, 286, 1516, 619, 1, 5, 1
53, 1, 197, 286, 1515, 620, 1, 5, 1
54, 1, 205, 286, 1507, 619, 1, 5, 1
55, 1, 208, 286, 1508, 619, 1, 5, 1
56, 1, 213, 287, 1507, 617, 1, 5, 1
57, 1, 217, 286, 1506, 618, 1, 5, 1
58, 1, 226, 286, 1502, 618, 1, 5, 1
59, 1, 229, 284, 1503, 619, 1, 5, 1
60, 1, 231, 286, 1507, 616, 1, 5, 1
61, 1, 240, 285, 1502, 617, 1, 5, 1
62, 1, 247, 284, 1496, 615, 1, 5, 1
63, 1, 252, 284, 1496, 616, 1, 5, 1
64, 1, 262, 286, 1488, 613, 1, 5, 1
65, 1, 262, 285, 1491, 615, 1, 5, 1
66, 1, 268, 286, 1491, 614, 1, 5, 1
67, 1, 277, 284, 1486, 615, 1, 5, 1
68, 1, 278, 282, 1491, 617, 1, 5, 1
69, 1, 287, 283, 1488, 615, 1, 5, 1
70, 1, 291, 282, 1491, 616, 1, 5, 1
71, 1, 295, 283, 1489, 613, 1, 5, 1
72, 1, 296, 282, 1489, 614, 1, 5, 1
73, 1, 302, 282, 1489, 614, 1, 5, 1
74, 1, 307, 282, 1486, 614, 1, 5, 1
75, 1, 317, 283, 1481, 613, 1, 5, 1
76, 1, 324, 281, 1478, 615, 1, 5, 1
77, 1, 332, 281, 1475, 615, 1, 5, 1
78, 1, 337, 280, 1475, 615, 1, 5, 1
79, 1, 339, 280, 1477, 613, 1, 5, 1
80, 1, 341, 279, 1482, 613, 1, 5, 1
81, 1, 348, 280, 1481, 612, 1, 5, 1
82, 1, 356, 278, 1475, 615, 1, 5, 1
83, 1, 360, 277, 1477, 614, 1, 5, 1
84, 1, 366, 278, 1476, 612, 1, 5, 1
85, 1, 373, 278, 1475, 611, 1, 5, 1
86, 1, 379, 279, 1473, 610, 1, 5, 1
87, 1, 384, 279, 1474, 608, 1, 5, 1
88, 1, 393, 279, 1471, 608, 1, 5, 1
89, 1, 402, 277, 1468, 610, 1, 5, 1
90, 1, 407, 279, 1468, 608, 1, 5, 1
91, 1, 417, 280, 1466, 605, 1, 5, 1
92, 1, 427, 280, 1460, 604, 1, 5, 1
93, 1, 431, 280, 1465, 604, 1, 5, 1
94, 1, 438, 282, 1462, 603, 1, 5, 1
95, 1, 448, 282, 1455, 602, 1, 5, 1
96, 1, 459, 283, 1448, 600, 1, 5, 1
97, 1, 469, 285, 1446, 598, 1, 5, 1
98, 1, 476, 284, 1444, 598, 1, 5, 1
99, 1, 483, 285, 1441, 596, 1, 5, 1
100, 1, 491, 285, 1438, 595, 1, 5, 1
101, 1, 502, 283, 1434, 598, 1, 5, 1
102, 1, 511, 280, 1427, 598, 1, 5, 1
103, 1, 516, 279, 1425, 598, 1, 5, 1
104, 1, 525, 279, 1418, 597, 1, 5, 1
105, 1, 532, 280, 1416, 597, 1, 5, 1
106, 1, 537, 279, 1412, 596, 1, 5, 1
107, 1, 547, 279, 1402, 595, 1, 5, 1
108, 1, 555, 278, 1391, 596, 1, 5, 1
109, 1, 557, 279, 1392, 596, 1, 5, 1
110, 1, 566, 277, 1382, 596, 1, 5, 1
111, 1, 573, 277, 1378, 595, 1, 5, 1
112, 1, 574, 278, 1375, 592, 1, 5, 1
113, 1, 580, 278, 1371, 591, 1, 5, 1
114, 1, 584, 279, 1366, 587, 1, 5, 1
115, 1, 587, 278, 1364, 586, 1, 5, 1
116, 1, 594, 279, 1356, 588, 1, 5, 1
117, 1, 599, 279, 1351, 587, 1, 5, 1
118, 1, 604, 278, 1346, 589, 1, 5, 1
119, 1, 613, 277, 1338, 588, 1, 5, 1
120, 1, 618, 273, 1332, 593, 1, 5, 1
121, 1, 624, 273, 1327, 592, 1, 5, 1
122, 1, 626, 274, 1327, 591, 1, 5, 1
123, 1, 631, 275, 1322, 590, 1, 5, 1
124, 1, 634, 275, 1321, 590, 1, 5, 1
125, 1, 636, 275, 1320, 589, 1, 5, 1
126, 1, 640, 276, 1315, 586, 1, 5, 1
127, 1, 644, 278, 1312, 586, 1, 5, 1
128, 1, 649, 276, 1305, 587, 1, 5, 1
129, 1, 654, 276, 1300, 587, 1, 5, 1
130, 1, 658, 275, 1295, 586, 1, 5, 1
131, 1, 663, 276, 1290, 586, 1, 5, 1
132, 1, 664, 276, 1289, 585, 1, 5, 1
133, 1, 667, 275, 1286, 586, 1, 5, 1
134, 1, 676, 275, 1278, 586, 1, 5, 1
135, 1, 679, 275, 1274, 587, 1, 5, 1
136, 1, 682, 273, 1272, 587, 1, 5, 1
137, 1, 683, 274, 1270, 586, 1, 5, 1
138, 1, 688, 273, 1265, 587, 1, 5, 1
139, 1, 692, 273, 1263, 585, 1, 5, 1
140, 1, 692, 273, 1263, 585, 1, 5, 1
141, 1, 693, 274, 1261, 584, 1, 5, 1
142, 1, 696, 274, 1258, 583, 1, 5, 1
143, 1, 700, 274, 1254, 583, 1, 5, 1
144, 1, 700, 274, 1252, 581, 1, 5, 1
145, 1, 703, 273, 1251, 582, 1, 5, 1
146, 1, 703, 273, 1250, 583, 1, 5, 1
147, 1, 704, 273, 1249, 582, 1, 5, 1
148, 1, 706, 273, 1248, 581, 1, 5, 1
149, 1, 708, 273, 1246, 581, 1, 5, 1
150, 1, 708, 272, 1246, 583, 1, 5, 1
151, 1, 710, 271, 1245, 583, 1, 5, 1
152, 1, 711, 271, 1245, 583, 1, 5, 1
153, 1, 712, 272, 1243, 582, 1, 5, 1
154, 1, 711, 273, 1244, 581, 1, 5, 1
155, 1, 712, 272, 1243, 583, 1, 5, 1
156, 1, 711, 271, 1245, 582, 1, 5, 1
157, 1, 712, 272, 1244, 582, 1, 5, 1
158, 1, 713, 271, 1242, 583, 1, 5, 1
159, 1, 712, 272, 1243, 581, 1, 5, 1
160, 1, 714, 272, 1241, 582, 1, 5, 1
161, 1, 714, 272, 1242, 581, 1, 5, 1
162, 1, 714, 272, 1242, 582, 1, 5, 1
163, 1, 717, 272, 1239, 581, 1, 5, 1
164, 1, 717, 271, 1239, 583, 1, 5, 1
165, 1, 715, 271, 1241, 581, 1, 5, 1
166, 1, 716, 271, 1240, 581, 1, 5, 1
167, 1, 716, 271, 1240, 581, 1, 5, 1
168, 1, 715, 271, 1242, 581, 1, 5, 1
169, 1, 716, 271, 1241, 582, 1, 5, 1
170, 1, 715, 270, 1242, 583, 1, 5, 1
171, 1, 715, 270, 1241, 584, 1, 5, 1
172, 1, 715, 270, 1241, 584, 1, 5, 1
173, 1, 715, 270, 1242, 583, 1, 5, 1
174, 1, 715, 270, 1242, 584, 1, 5, 1
175, 1, 713, 270, 1244, 584, 1, 5, 1
176, 1, 714, 270, 1243, 583, 1, 5, 1
177, 1, 712, 270, 1246, 582, 1, 5, 1
178, 1, 712, 270, 1246, 583, 1, 5, 1
179, 1, 715, 270, 1242, 583, 1, 5, 1
180, 1, 714, 270, 1242, 583, 1, 5, 1
181, 1, 713, 270, 1243, 582, 1, 5, 1
182, 1, 713, 270, 1243, 583, 1, 5, 1
183, 1, 713, 270, 1243, 584, 1, 5, 1
184, 1, 716, 270, 1242, 583, 1, 5, 1
185, 1, 717, 270, 1239, 583, 1, 5, 1
186, 1, 716, 270, 1241, 583, 1, 5, 1
187, 1, 714, 270, 1243, 582, 1, 5, 1
188, 1, 714, 270, 1243, 582, 1, 5, 1
189, 1, 714, 270, 1243, 582, 1, 5, 1
190, 1, 714, 270, 1243, 584, 1, 5, 1
191, 1, 714, 270, 1243, 583, 1, 5, 1
192, 1, 714, 270, 1243, 584, 1, 5, 1
193, 1, 714, 270, 1243, 583, 1, 5, 1
194, 1, 714, 270, 1243, 583, 1, 5, 1
195, 1, 714, 270, 1244, 583, 1, 5, 1
196, 1, 714, 270, 1243, 584, 1, 5, 1
197, 1, 715, 270, 1242, 583, 1, 5, 1
198, 1, 713, 270, 1244, 583, 1, 5, 1
199, 1, 712, 270, 1245, 583, 1, 5, 1
200, 1, 713, 270, 1243, 583, 1, 5, 1
201, 1, 712, 270, 1246, 583, 1, 5, 1
202, 1, 714, 270, 1242, 584, 1, 5, 1
203, 1, 712, 270, 1246, 583, 1, 5, 1
204, 1, 712, 270, 1245, 583, 1, 5, 1
205, 1, 712, 270, 1245, 584, 1, 5, 1
206, 1, 714, 270, 1243, 583, 1, 5, 1
207, 1, 714, 270, 1243, 583, 1, 5, 1
208, 1, 714, 270, 1243, 583, 1, 5, 1
209, 1, 714, 270, 1244, 583, 1, 5, 1
210, 1, 714, 270, 1242, 583, 1, 5, 1
211, 1, 714, 270, 1242, 584, 1, 5, 1
212, 1, 714, 270, 1242, 584, 1, 5, 1
213, 1, 715, 270, 1241, 583, 1, 5, 1
214, 1, 715, 270, 1241, 583, 1, 5, 1
215, 1, 716, 270, 1240, 584, 1, 5, 1
216, 1, 716, 270, 1241, 582, 1, 5, 1
217, 1, 714, 270, 1243, 583, 1, 5, 1
218, 1, 714, 270, 1243, 582, 1, 5, 1
219, 1, 713, 270, 1244, 583, 1, 5, 1
220, 1, 713, 270, 1244, 583, 1, 5, 1
221, 1, 713, 270, 1245, 583, 1, 5, 1
222, 1, 713, 270, 1245, 583, 1, 5, 1
223, 1, 713, 270, 1244, 583, 1, 5, 1
224, 1, 714, 270, 1243, 583, 1, 5, 1
225, 1, 714, 270, 1244, 582, 1, 5, 1
226, 1, 714, 270, 1244, 583, 1, 5, 1
227, 1, 715, 270, 1243, 584, 1, 5, 1
228, 1, 716, 270, 1243, 584, 1, 5, 1
229, 1, 714, 270, 1245, 583, 1, 5, 1
230, 1, 715, 270, 1242, 583, 1, 5, 1
231, 1, 715, 270, 1243, 582, 1, 5, 1
232, 1, 716, 270, 1242, 583, 1, 5, 1
233, 1, 716, 270, 1242, 583, 1, 5, 1
234, 1, 715, 270, 1243, 584, 1, 5, 1
235, 1, 714, 270, 1245, 582, 1, 5, 1
236, 1, 716, 270, 1242, 583, 1, 5, 1
237, 1, 714, 270, 1245, 583, 1, 5, 1
238, 1, 714, 270, 1243, 584, 1, 5, 1
239, 1, 714, 270, 1243, 583, 1, 5, 1
240, 1, 714, 270, 1243, 583, 1, 5, 1
241, 1, 714, 270, 1243, 583, 1, 5, 1
242, 1, 714, 270, 1245, 583, 1, 5, 1
243, 1, 713, 270, 1246, 584, 1, 5, 1
244, 1, 714, 270, 1244, 583, 1, 5, 1
245, 1, 713, 270, 1245, 583, 1, 5, 1
246, 1, 715, 270, 1242, 584, 1, 5, 1
247, 1, 714, 270, 1244, 583, 1, 5, 1
248, 1, 714, 270, 1244, 584, 1, 5, 1
249, 1, 715, 270, 1243, 584, 1, 5, 1
250, 1, 715, 270, 1242, 583, 1, 5, 1
251, 1, 713, 270, 1245, 584, 1, 5, 1
252, 1, 714, 270, 1244, 583, 1, 5, 1
253, 1, 714, 270, 1243, 584, 1, 5, 1
254, 1, 715, 270, 1243, 583, 1, 5, 1
255, 1, 714, 270, 1244, 583, 1, 5, 1
256, 1, 714, 270, 1243, 584, 1, 5, 1
257, 1, 713, 270, 1244, 583, 1, 5, 1
258, 1, 713, 270, 1243, 583, 1, 5, 1
259, 1, 715, 270, 1241, 583, 1, 5, 1
260, 1, 715, 270, 1243, 584, 1, 5, 1
261, 1, 715, 270, 1242, 583, 1, 5, 1
262, 1, 714, 270, 1243, 583, 1, 5, 1
263, 1, 715, 270, 1242, 583, 1, 5, 1
264, 1, 714, 270, 1243, 583, 1, 5, 1
265, 1, 716, 270, 1242, 584, 1, 5, 1
266, 1, 715, 270, 1242, 583, 1, 5, 1
267, 1, 715, 270, 1242, 582, 1, 5, 1
268, 1, 715, 270, 1243, 583, 1, 5, 1
269, 1, 716, 270, 1241, 582, 1, 5, 1
270, 1, 713, 270, 1245, 582, 1, 5, 1
271, 1, 714, 270, 1243, 584, 1, 5, 1
272, 1, 714, 271, 1242, 581, 1, 5, 1
273, 1, 713, 270, 1243, 583, 1, 5, 1
274, 1, 713, 270, 1244, 583, 1, 5, 1
275, 1, 714, 270, 1243, 583, 1, 5, 1
276, 1, 713, 270, 1245, 582, 1, 5, 1
277, 1, 714, 270, 1243, 583, 1, 5, 1
278, 1, 713, 270, 1244, 582, 1, 5, 1
279, 1, 713, 270, 1244, 583, 1, 5, 1
280, 1, 713, 270, 1245, 583, 1, 5, 1
281, 1, 715, 270, 1242, 584, 1, 5, 1
282, 1, 714, 270, 1243, 583, 1, 5, 1
283, 1, 716, 270, 1242, 583, 1, 5, 1
284, 1, 714, 271, 1245, 582, 1, 5, 1
285, 1, 714, 270, 1244, 583, 1, 5, 1
286, 1, 714, 270, 1243, 582, 1, 5, 1
287, 1, 714, 270, 1244, 584, 1, 5, 1
288, 1, 714, 270, 1243, 583, 1, 5, 1
289, 1, 715, 270, 1242, 583, 1, 5, 1
290, 1, 714, 270, 1243, 584, 1, 5, 1
291, 1, 714, 270, 1243, 584, 1, 5, 1
292, 1, 715, 270, 1242, 584, 1, 5, 1
293, 1, 716, 270, 1241, 583, 1, 5, 1
294, 1, 715, 270, 1242, 583, 1, 5, 1
295, 1, 715, 270, 1241, 582, 1, 5, 1
296, 1, 715, 270, 1241, 583, 1, 5, 1
297, 1, 714, 270, 1242, 584, 1, 5, 1
298, 1, 714, 270, 1242, 582, 1, 5, 1
299, 1, 714, 270, 1244, 584, 1, 5, 1
300, 1, 716, 270, 1240, 583, 1, 5, 1
301, 1, 715, 270, 1242, 583, 1, 5, 1
302, 1, 714, 270, 1244, 582, 1, 5, 1
303, 1, 714, 270, 1244, 582, 1, 5, 1
304, 1, 714, 270, 1243, 583, 1, 5, 1
305, 1, 714, 270, 1244, 584, 1, 5, 1
306, 1, 714, 270, 1244, 583, 1, 5, 1
307, 1, 714, 270, 1244, 583, 1, 5, 1
308, 1, 715, 270, 1242, 583, 1, 5, 1
309, 1, 715, 270, 1242, 584, 1, 5, 1
310, 1, 715, 270, 1241, 583, 1, 5, 1
311, 1, 714, 270, 1244, 582, 1, 5, 1
312, 1, 715, 270, 1242, 583, 1, 5, 1
313, 1, 716, 270, 1242, 584, 1, 5, 1
314, 1, 715, 270, 1242, 583, 1, 5, 1
315, 1, 715, 270, 1241, 584, 1, 5, 1
316, 1, 715, 270, 1242, 582, 1, 5, 1
317, 1, 714, 270, 1243, 582, 1, 5, 1
318, 1, 716, 270, 1242, 582, 1, 5, 1
319, 1, 715, 270, 1242, 583, 1, 5, 1
320, 1, 714, 270, 1243, 583, 1, 5, 1
321, 1, 715, 270, 1242, 584, 1, 5, 1
322, 1, 716, 270, 1243, 583, 1, 5, 1
323, 1, 715, 270, 1242, 584, 1, 5, 1
324, 1, 715, 270, 1243, 583, 1, 5, 1
325, 1, 716, 270, 1241, 583, 1, 5, 1
326, 1, 715, 270, 1242, 583, 1, 5, 1
327, 1, 715, 270, 1242, 584, 1, 5, 1
328, 1, 714, 270, 1243, 584, 1, 5, 1
329, 1, 715, 270, 1243, 583, 1, 5, 1
330, 1, 715, 270, 1244, 583, 1, 5, 1
331, 1, 715, 270, 1243, 583, 1, 5, 1
332, 1, 715, 270, 1242, 584, 1, 5, 1
333, 1, 715, 270, 1243, 582, 1, 5, 1
334, 1, 714, 270, 1243, 583, 1, 5, 1
335, 1, 714, 270, 1243, 584, 1, 5, 1
336, 1, 714, 270, 1243, 584, 1, 5, 1
337, 1, 714, 270, 1244, 584, 1, 5, 1
338, 1, 715, 270, 1242, 583, 1, 5, 1
339, 1, 715, 270, 1242, 583, 1, 5, 1
340, 1, 716, 270, 1241, 583, 1, 5, 1
341, 1, 715, 270, 1242, 583, 1, 5, 1
342, 1, 716, 270, 1241, 583, 1, 5, 1
343, 1, 715, 270, 1242, 584, 1, 5, 1
344, 1, 714, 270, 1243, 583, 1, 5, 1
345, 1, 716, 270, 1241, 583, 1, 5, 1
346, 1, 714, 270, 1243, 583, 1, 5, 1
347, 1, 714, 270, 1243, 584, 1, 5, 1
348, 1, 713, 270, 1243, 583, 1, 5, 1
349, 1, 714, 270, 1243, 583, 1, 5, 1
350, 1, 715, 270, 1241, 583, 1, 5, 1
351, 1, 714, 270, 1243, 583, 1, 5, 1
352, 1, 714, 270, 1242, 583, 1, 5, 1
353, 1, 714, 270, 1242, 584, 1, 5, 1
354, 1, 715, 270, 1241, 584, 1, 5, 1
355, 1, 715, 270, 1241, 584, 1, 5, 1
356, 1, 714, 270, 1242, 584, 1, 5, 1
357, 1, 715, 270, 1242, 583, 1, 5, 1
358, 1, 714, 270, 1243, 583, 1, 5, 1
359, 1, 714, 271, 1242, 582, 1, 5, 1
360, 1, 714, 270, 1243, 584, 1, 5, 1
361, 1, 715, 270, 1242, 583, 1, 5, 1
362, 1, 717, 270, 1239, 584, 1, 5, 1
363, 1, 716, 270, 1241, 583, 1, 5, 1
364, 1, 715, 270, 1242, 583, 1, 5, 1
365, 1, 714, 270, 1244, 584, 1, 5, 1
366, 1, 716, 270, 1241, 583, 1, 5, 1
367, 1, 714, 270, 1244, 583, 1, 5, 1
368, 1, 714, 270, 1243, 583, 1, 5, 1
369, 1, 714, 270, 1243, 583, 1, 5, 1
370, 1, 714, 270, 1243, 583, 1, 5, 1
371, 1, 716, 270, 1241, 584, 1, 5, 1
372, 1, 714, 270, 1244, 584, 1, 5, 1
373, 1, 714, 270, 1242, 583, 1, 5, 1
374, 1, 715, 270, 1241, 584, 1, 5, 1
375, 1, 714, 270, 1243, 584, 1, 5, 1
376, 1, 714, 270, 1243, 583, 1, 5, 1
377, 1, 714, 270, 1243, 584, 1, 5, 1
378, 1, 716, 270, 1241, 583, 1, 5, 1
379, 1, 714, 270, 1243, 583, 1, 5, 1
380, 1, 713, 270, 1244, 582, 1, 5, 1
381, 1, 713, 270, 1244, 583, 1, 5, 1
382, 1, 714, 270, 1243, 582, 1, 5, 1
383, 1, 714, 270, 1243, 582, 1, 5, 1
384, 1, 714, 270, 1243, 583, 1, 5, 1
385, 1, 713, 270, 1244, 583, 1, 5, 1
386, 1, 716, 270, 1241, 584, 1, 5, 1
387, 1, 716, 270, 1241, 583, 1, 5, 1
388, 1, 714, 270, 1244, 584, 1, 5, 1
389, 1, 715, 270, 1243, 584, 1, 5, 1
390, 1, 714, 270, 1244, 582, 1, 5, 1
391, 1, 715, 270, 1242, 584, 1, 5, 1
392, 1, 714, 270, 1244, 584, 1, 5, 1
393, 1, 715, 270, 1242, 583, 1, 5, 1
394, 1, 716, 270, 1241, 583, 1, 5, 1
395, 1, 715, 270, 1243, 584, 1, 5, 1
396, 1, 714, 270, 1243, 584, 1, 5, 1
397, 1, 714, 270, 1243, 583, 1, 5, 1
398, 1, 715, 270, 1242, 584, 1, 5, 1
399, 1, 715, 270, 1243, 584, 1, 5, 1
400, 1, 716, 270, 1241, 584, 1, 5, 1
401, 1, 714, 270, 1243, 583, 1, 5, 1
402, 1, 714, 270, 1243, 583, 1, 5, 1
403, 1, 714, 270, 1243, 583, 1, 5, 1
404, 1, 713, 270, 1244, 584, 1, 5, 1
405, 1, 714, 270, 1243, 583, 1, 5, 1
406, 1, 715, 270, 1242, 583, 1, 5, 1
407, 1, 715, 270, 1242, 584, 1, 5, 1
408, 1, 713, 270, 1244, 584, 1, 5, 1
409, 1, 713, 271, 1244, 582, 1, 5, 1
410, 1, 714, 270, 1242, 583, 1, 5, 1
411, 1, 714, 270, 1243, 583, 1, 5, 1
412, 1, 714, 270, 1242, 583, 1, 5, 1
413, 1, 714, 270, 1243, 582, 1, 5, 1
414, 1, 713, 270, 1243, 583, 1, 5, 1
415, 1, 714, 270, 1242, 583, 1, 5, 1
416, 1, 714, 270, 1242, 582, 1, 5, 1
417, 1, 714, 270, 1243, 583, 1, 5, 1
418, 1, 714, 270, 1243, 583, 1, 5, 1
419, 1, 713, 270, 1243, 582, 1, 5, 1
420, 1, 716, 270, 1240, 582, 1, 5, 1
421, 1, 714, 270, 1243, 582, 1, 5, 1
422, 1, 715, 270, 1242, 583, 1, 5, 1
423, 1, 714, 270, 1244, 582, 1, 5, 1
424, 1, 714, 270, 1243, 582, 1, 5, 1
425, 1, 714, 270, 1243, 582, 1, 5, 1
426, 1, 714, 270, 1242, 582, 1, 5, 1
427, 1, 713, 270, 1244, 583, 1, 5, 1
428, 1, 714, 270, 1244, 582, 1, 5, 1
429, 1, 714, 270, 1243, 582, 1, 5, 1
430, 1, 714, 270, 1243, 582, 1, 5, 1
431, 1, 714, 270, 1243, 582, 1, 5, 1
432, 1, 715, 270, 1242, 584, 1, 5, 1
433, 1, 716, 270, 1241, 583, 1, 5, 1
434, 1, 716, 270, 1241, 583, 1, 5, 1
435, 1, 716, 270, 1241, 582, 1, 5, 1
436, 1, 715, 270, 1243, 583, 1, 5, 1
437, 1, 715, 270, 1241, 583, 1, 5, 1
438, 1, 714, 270, 1243, 582, 1, 5, 1
439, 1, 713, 270, 1244, 583, 1, 5, 1
440, 1, 714, 270, 1242, 582, 1, 5, 1
441, 1, 713, 270, 1244, 582, 1, 5, 1
442, 1, 713, 270, 1243, 582, 1, 5, 1
443, 1, 714, 270, 1243, 582, 1, 5, 1
444, 1, 714, 270, 1242, 582, 1, 5, 1
445, 1, 713, 270, 1243, 583, 1, 5, 1
446, 1, 716, 270, 1241, 583, 1, 5, 1
447, 1, 714, 270, 1244, 582, 1, 5, 1
448, 1, 714, 270, 1244, 582, 1, 5, 1
449, 1, 716, 270, 1241, 583, 1, 5, 1
450, 1, 714, 270, 1242, 582, 1, 5, 1
451, 1, 714, 270, 1243, 582, 1, 5, 1
452, 1, 714, 270, 1243, 582, 1, 5, 1
453, 1, 716, 270, 1241, 583, 1, 5, 1
454, 1, 714, 270, 1243, 582, 1, 5, 1
455, 1, 716, 270, 1241, 582, 1, 5, 1
456, 1, 715, 270, 1243, 583, 1, 5, 1
457, 1, 714, 270, 1244, 582, 1, 5, 1
458, 1, 714, 270, 1243, 583, 1, 5, 1
459, 1, 716, 270, 1241, 582, 1, 5, 1
460, 1, 716, 270, 1241, 582, 1, 5, 1
461, 1, 716, 270, 1241, 583, 1, 5, 1
462, 1, 714, 270, 1243, 583, 1, 5, 1
463, 1, 715, 270, 1243, 582, 1, 5, 1
464, 1, 714, 270, 1243, 583, 1, 5, 1
465, 1, 714, 270, 1243, 582, 1, 5, 1
466, 1, 714, 270, 1244, 582, 1, 5, 1
467, 1, 714, 270, 1243, 582, 1, 5, 1
468, 1, 714, 270, 1243, 582, 1, 5, 1
469, 1, 716, 270, 1241, 582, 1, 5, 1
470, 1, 715, 270, 1241, 583, 1, 5, 1
471, 1, 714, 270, 1242, 583, 1, 5, 1
472, 1, 714, 270, 1242, 582, 1, 5, 1
473, 1, 713, 270, 1243, 582, 1, 5, 1
474, 1, 713, 270, 1243, 583, 1, 5, 1
475, 1, 713, 270, 1244, 582, 1, 5, 1
476, 1, 715, 270, 1241, 584, 1, 5, 1
477, 1, 713, 270, 1243, 582, 1, 5, 1
478, 1, 713, 270, 1243, 583, 1, 5, 1
479, 1, 713, 270, 1243, 582, 1, 5, 1
480, 1, 715, 270, 1241, 583, 1, 5, 1
481, 1, 714, 270, 1242, 582, 1, 5, 1
482, 1, 714, 270, 1242, 583, 1, 5, 1
483, 1, 713, 270, 1243, 582, 1, 5, 1
484, 1, 714, 270, 1243, 582, 1, 5, 1
485, 1, 715, 270, 1242, 582, 1, 5, 1
486, 1, 714, 270, 1242, 583, 1, 5, 1
487, 1, 714, 271, 1243, 581, 1, 5, 1
488, 1, 714, 270, 1244, 583, 1, 5, 1
489, 1, 715, 270, 1242, 583, 1, 5, 1
490, 1, 714, 270, 1243, 583, 1, 5, 1
491, 1, 714, 270, 1243, 583, 1, 5, 1
492, 1, 714, 270, 1243, 583, 1, 5, 1
493, 1, 713, 270, 1244, 583, 1, 5, 1
494, 1, 715, 270, 1242, 583, 1, 5, 1
495, 1, 715, 270, 1242, 582, 1, 5, 1
496, 1, 714, 270, 1243, 583, 1, 5, 1
497, 1, 713, 270, 1244, 583, 1, 5, 1
498, 1, 714, 270, 1244, 583, 1, 5, 1
499, 1, 714, 270, 1244, 583, 1, 5, 1
500, 1, 714, 271, 1243, 581, 1, 5, 1
501, 1, 716, 271, 1241, 582, 1, 5, 1
502, 1, 715, 270, 1241, 582, 1, 5, 1
503, 1, 716, 270, 1241, 583, 1, 5, 1
504, 1, 714, 270, 1243, 582, 1, 5, 1
505, 1, 715, 270, 1242, 583, 1, 5, 1
506, 1, 715, 270, 1242, 583, 1, 5, 1
507, 1, 715, 270, 1242, 583, 1, 5, 1
508, 1, 714, 270, 1243, 584, 1, 5, 1
509, 1, 714, 270, 1243, 584, 1, 5, 1
510, 1, 714, 271, 1244, 583, 1, 5, 1
511, 1, 715, 271, 1243, 582, 1, 5, 1
512, 1, 713, 271, 1245, 581, 1, 5, 1
513, 1, 715, 271, 1243, 582, 1, 5, 1
514, 1, 714, 270, 1243, 584, 1, 5, 1
515, 1, 715, 271, 1243, 581, 1, 5, 1
516, 1, 715, 270, 1243, 583, 1, 5, 1
517, 1, 713, 271, 1245, 581, 1, 5, 1
518, 1, 715, 270, 1243, 583, 1, 5, 1
519, 1, 715, 270, 1243, 583, 1, 5, 1
520, 1, 714, 270, 1244, 584, 1, 5, 1
521, 1, 713, 270, 1244, 583, 1, 5, 1
522, 1, 714, 270, 1242, 584, 1, 5, 1
523, 1, 715, 270, 1241, 583, 1, 5, 1
524, 1, 715, 270, 1242, 583, 1, 5, 1
525, 1, 715, 270, 1243, 584, 1, 5, 1
526, 1, 714, 270, 1243, 583, 1, 5, 1
527, 1, 716, 270, 1241, 584, 1, 5, 1
528, 1, 714, 270, 1243, 583, 1, 5, 1
529, 1, 714, 270, 1244, 583, 1, 5, 1
530, 1, 716, 270, 1241, 583, 1, 5, 1
531, 1, 714, 270, 1243, 583, 1, 5, 1
532, 1, 714, 270, 1243, 583, 1, 5, 1
533, 1, 714, 270, 1244, 583, 1, 5, 1
534, 1, 714, 270, 1243, 583, 1, 5, 1
535, 1, 714, 270, 1243, 583, 1, 5, 1
536, 1, 716, 270, 1240, 584, 1, 5, 1
537, 1, 716, 270, 1241, 584, 1, 5, 1
538, 1, 715, 270, 1241, 582, 1, 5, 1
539, 1, 716, 271, 1240, 582, 1, 5, 1
540, 1, 715, 271, 1242, 581, 1, 5, 1
541, 1, 718, 270, 1238, 583, 1, 5, 1
542, 1, 719, 270, 1238, 582, 1, 5, 1
543, 1, 721, 270, 1236, 581, 1, 5, 1
544, 1, 724, 270, 1233, 583, 1, 5, 1
545, 1, 725, 271, 1232, 581, 1, 5, 1
546, 1, 728, 271, 1230, 580, 1, 5, 1
547, 1, 728, 271, 1230, 580, 1, 5, 1
548, 1, 730, 270, 1228, 581, 1, 5, 1
549, 1, 734, 270, 1222, 580, 1, 5, 1
550, 1, 734, 270, 1224, 580, 1, 5, 1
551, 1, 737, 270, 1220, 581, 1, 5, 1
552, 1, 740, 270, 1218, 578, 1, 5, 1
553, 1, 743, 270, 1215, 579, 1, 5, 1
554, 1, 749, 271, 1210, 575, 1, 5, 1
555, 1, 751, 270, 1208, 577, 1, 5, 1
556, 1, 752, 270, 1206, 577, 1, 5, 1
557, 1, 758, 270, 1201, 576, 1, 5, 1
558, 1, 762, 270, 1197, 575, 1, 5, 1
559, 1, 768, 270, 1190, 575, 1, 5, 1
560, 1, 771, 270, 1187, 573, 1, 5, 1
561, 1, 775, 270, 1181, 572, 1, 5, 1
562, 1, 780, 270, 1176, 573, 1, 5, 1
563, 1, 786, 270, 1170, 571, 1, 5, 1
564, 1, 796, 270, 1161, 570, 1, 5, 1
565, 1, 806, 269, 1150, 572, 1, 5, 1
566, 1, 809, 269, 1148, 570, 1, 5, 1
567, 1, 816, 269, 1141, 568, 1, 5, 1
568, 1, 819, 270, 1138, 565, 1, 5, 1
569, 1, 827, 270, 1129, 565, 1, 5, 1
570, 1, 834, 269, 1124, 565, 1, 5, 1
571, 1, 841, 269, 1117, 565, 1, 5, 1
572, 1, 844, 269, 1113, 564, 1, 5, 1
573, 1, 850, 269, 1106, 562, 1, 5, 1
574, 1, 861, 268, 1094, 562, 1, 5, 1
575, 1, 866, 269, 1088, 562, 1, 5, 1
576, 1, 874, 270, 1081, 557, 1, 5, 1
577, 1, 881, 270, 1077, 557, 1, 5, 1
578, 1, 893, 271, 1064, 556, 1, 5, 1
579, 1, 900, 270, 1058, 553, 1, 5, 1
580, 1, 908, 272, 1049, 552, 1, 5, 1
581, 1, 915, 274, 1043, 543, 1, 5, 1
582, 1, 918, 275, 1039, 544, 1, 5, 1
583, 1, 932, 277, 1025, 536, 1, 5, 1
584, 1, 936, 278, 1023, 530, 1, 5, 1
585, 1, 950, 279, 1008, 530, 1, 5, 1
586, 1, 961, 279, 995, 527, 1, 5, 1
587, 1, 968, 283, 990, 523, 1, 5, 1
588, 1, 975, 282, 983, 524, 1, 5, 1
589, 1, 987, 281, 971, 525, 1, 5, 1
590, 1, 994, 281, 964, 523, 1, 5, 1
591, 1, 1007, 284, 951, 520, 1, 5, 1
592, 1, 1018, 283, 941, 520, 1, 5, 1
593, 1, 1033, 283, 926, 516, 1, 5, 1
594, 1, 1041, 283, 917, 524, 1, 5, 1
595, 1, 1049, 283, 909, 526, 1, 5, 1
596, 1, 1058, 284, 899, 523, 1, 5, 1
597, 1, 1077, 285, 880, 522, 1, 5, 1
598, 1, 1089, 286, 869, 519, 1, 5, 1
599, 1, 1103, 288, 853, 509, 1, 5, 1
600, 1, 1111, 289, 845, 513, 1, 5, 1
601, 1, 1122, 288, 835, 517, 1, 5, 1
602, 1, 1137, 288, 820, 520, 1, 5, 1
603, 1, 1147, 287, 810, 522, 1, 5, 1
604, 1, 1158, 289, 800, 519, 1, 5, 1
605, 1, 1166, 287, 791, 516, 1, 5, 1
606, 1, 1183, 289, 773, 515, 1, 5, 1
607, 1, 1204, 286, 753, 519, 1, 5, 1
608, 1, 1207, 287, 752, 519, 1, 5, 1
609, 1, 1221, 286, 736, 507, 1, 5, 1
610, 1, 1240, 290, 717, 507, 1, 5, 1
611, 1, 1258, 287, 698, 506, 1, 5, 1
612, 1, 1266, 291, 691, 507, 1, 5, 1
613, 1, 1278, 288, 680, 501, 1, 5, 1
614, 1, 1294, 291, 665, 499, 1, 5, 1
615, 1, 1304, 287, 655, 501, 1, 5, 1
616, 1, 1315, 290, 643, 497, 1, 5, 1
617, 1, 1322, 283, 636, 501, 1, 5, 1
618, 1, 1337, 293, 621, 490, 1, 5, 1
619, 1, 1352, 284, 606, 493, 1, 5, 1
620, 1, 1362, 293, 595, 485, 1, 5, 1
621, 1, 1379, 285, 579, 487, 1, 5, 1
622, 1, 1382, 293, 574, 481, 1, 5, 1
623, 1, 1385, 288, 571, 482, 1, 5, 1
624, 1, 1422, 293, 534, 477, 1, 5, 1
625, 1, 1431, 286, 525, 482, 1, 5, 1
626, 1, 1444, 293, 512, 475, 1, 5, 1
627, 1, 1452, 287, 504, 476, 1, 5, 1
628, 1, 1467, 291, 488, 471, 1, 5, 1
629, 1, 1471, 286, 487, 473, 1, 5, 1
630, 1, 1492, 290, 465, 470, 1, 5, 1
631, 1, 1503, 286, 454, 473, 1, 5, 1
632, 1, 1517, 288, 440, 469, 1, 5, 1
633, 1, 1523, 286, 434, 468, 1, 5, 1
634, 1, 1544, 288, 413, 464, 1, 5, 1
635, 1, 1548, 285, 409, 466, 1, 5, 1
636, 1, 1568, 287, 387, 460, 1, 5, 1
637, 1, 1577, 284, 376, 459, 1, 5, 1
638, 1, 1596, 285, 358, 454, 1, 5, 1
639, 1, 1602, 285, 353, 448, 1, 5, 1
640, 1, 1618, 285, 339, 439, 1, 5, 1
641, 1, 1629, 285, 329, 438, 1, 5, 1
642, 1, 1641, 285, 317, 432, 1, 5, 1
643, 1, 1655, 285, 301, 430, 1, 5, 1
644, 1, 1666, 286, 290, 430, 1, 5, 1
645, 1, 1674, 287, 281, 432, 1, 5, 1
646, 1, 1688, 286, 267, 429, 1, 5, 1
647, 1, 1703, 289, 251, 424, 1, 5, 1
648, 1, 1718, 292, 239, 414, 1, 5, 1
649, 1, 1731, 292, 225, 416, 1, 5, 1
650, 1, 1743, 292, 213, 412, 1, 5, 1
651, 1, 1752, 292, 206, 413, 1, 5, 1
652, 1, 1766, 293, 190, 408, 1, 5, 1
653, 1, 1778, 293, 179, 397, 1, 5, 1
654, 1, 1788, 291, 169, 389, 1, 5, 1
655, 1, 1800, 291, 157, 370, 1, 5, 1
656, 1, 1812, 293, 144, 331, 1, 5, 1
657, 1, 1824, 293, 133, 287, 1, 5, 1
508, 2, 3, 492, 119, 310, 1, 5, 1
509, 2, 3, 490, 121, 308, 1, 5, 1
510, 2, 3, 491, 126, 310, 1, 5, 1
511, 2, 4, 490, 131, 321, 1, 5, 1
512, 2, 3, 490, 132, 318, 1, 5, 1
513, 2, 4, 492, 133, 312, 1, 5, 1
514, 2, 3, 490, 138, 319, 1, 5, 1
515, 2, 3, 490, 139, 314, 1, 5, 1
516, 2, 4, 490, 141, 319, 1, 5, 1
517, 2, 3, 490, 140, 315, 1, 5, 1
518, 2, 4, 488, 147, 320, 1, 5, 1
519, 2, 4, 488, 151, 317, 1, 5, 1
520, 2, 3, 487, 157, 322, 1, 5, 1
521, 2, 3, 484, 157, 326, 1, 5, 1
522, 2, 3, 473, 162, 338, 1, 5, 1
523, 2, 4, 467, 165, 347, 1, 5, 1
524, 2, 3, 466, 169, 347, 1, 5, 1
525, 2, 4, 462, 170, 352, 1, 5, 1
526, 2, 4, 459, 170, 355, 1, 5, 1
527, 2, 5, 456, 171, 358, 1, 5, 1
528, 2, 4, 456, 174, 356, 1, 5, 1
529, 2, 4, 453, 177, 358, 1, 5, 1
530, 2, 4, 454, 178, 359, 1, 5, 1
531, 2, 3, 450, 182, 365, 1, 5, 1
532, 2, 4, 453, 184, 364, 1, 5, 1
533, 2, 5, 456, 185, 361, 1, 5, 1
534, 2, 5, 456, 185, 358, 1, 5, 1
535, 2, 5, 456, 185, 358, 1, 5, 1
536, 2, 5, 456, 185, 358, 1, 5, 1
537, 2, 5, 456, 185, 358, 1, 5, 1
538, 2, 4, 456, 195, 369, 1, 5, 1
539, 2, 3, 459, 198, 369, 1, 5, 1
540, 2, 3, 452, 199, 374, 1, 5, 1
541, 2, 4, 453, 203, 375, 1, 5, 1
542, 2, 3, 453, 206, 374, 1, 5, 1
543, 2, 3, 453, 207, 381, 1, 5, 1
544, 2, 4, 456, 210, 380, 1, 5, 1
545, 2, 4, 465, 211, 369, 1, 5, 1
546, 2, 4, 463, 214, 374, 1, 5, 1
547, 2, 4, 464, 213, 379, 1, 5, 1
548, 2, 4, 455, 220, 390, 1, 5, 1
549, 2, 5, 453, 225, 393, 1, 5, 1
550, 2, 5, 457, 224, 389, 1, 5, 1
551, 2, 5, 457, 227, 391, 1, 5, 1
552, 2, 5, 460, 232, 387, 1, 5, 1
553, 2, 6, 456, 238, 399, 1, 5, 1
554, 2, 6, 463, 243, 395, 1, 5, 1
555, 2, 6, 452, 247, 411, 1, 5, 1
556, 2, 7, 456, 248, 410, 1, 5, 1
557, 2, 6, 454, 255, 423, 1, 5, 1
558, 2, 6, 450, 257, 434, 1, 5, 1
559, 2, 5, 452, 259, 441, 1, 5, 1
560, 2, 5, 452, 264, 440, 1, 5, 1
561, 2, 4, 452, 271, 440, 1, 5, 1
562, 2, 5, 450, 273, 455, 1, 5, 1
563, 2, 4, 450, 277, 453, 1, 5, 1
564, 2, 5, 449, 279, 457, 1, 5, 1
565, 2, 7, 449, 280, 458, 1, 5, 1
566, 2, 7, 454, 281, 455, 1, 5, 1
567, 2, 7, 446, 284, 463, 1, 5, 1
568, 2, 5, 447, 291, 460, 1, 5, 1
569, 2, 4, 440, 295, 465, 1, 5, 1
570, 2, 3, 438, 304, 469, 1, 5, 1
571, 2, 3, 438, 309, 468, 1, 5, 1
572, 2, 3, 435, 314, 475, 1, 5, 1
573, 2, 1, 430, 319, 477, 1, 5, 1
574, 2, 1, 427, 324, 483, 1, 5, 1
575, 2, 2, 428, 329, 479, 1, 5, 1
576, 2, 2, 427, 332, 480, 1, 5, 1
577, 2, 1, 425, 337, 482, 1, 5, 1
578, 2, 2, 422, 342, 487, 1, 5, 1
579, 2, 3, 421, 346, 488, 1, 5, 1
580, 2, 5, 423, 351, 486, 1, 5, 1
581, 2, 6, 420, 355, 490, 1, 5, 1
582, 2, 3, 420, 366, 488, 1, 5, 1
583, 2, 4, 422, 371, 486, 1, 5, 1
584, 2, 4, 419, 380, 489, 1, 5, 1
585, 2, 5, 420, 387, 489, 1, 5, 1
586, 2, 5, 422, 395, 485, 1, 5, 1
587, 2, 4, 417, 403, 489, 1, 5, 1
588, 2, 5, 411, 413, 495, 1, 5, 1
589, 2, 4, 408, 425, 500, 1, 5, 1
590, 2, 4, 409, 435, 497, 1, 5, 1
591, 2, 4, 409, 445, 496, 1, 5, 1
592, 2, 4, 409, 457, 495, 1, 5, 1
593, 2, 4, 409, 469, 492, 1, 5, 1
594, 2, 4, 408, 479, 493, 1, 5, 1
595, 2, 5, 409, 492, 490, 1, 5, 1
596, 2, 5, 406, 498, 494, 1, 5, 1
597, 2, 4, 405, 509, 493, 1, 5, 1
598, 2, 4, 407, 519, 481, 1, 5, 1
599, 2, 4, 403, 529, 485, 1, 5, 1
600, 2, 4, 405, 539, 498, 1, 5, 1
601, 2, 5, 406, 549, 504, 1, 5, 1
602, 2, 4, 404, 560, 510, 1, 5, 1
603, 2, 5, 395, 569, 520, 1, 5, 1
604, 2, 5, 395, 582, 523, 1, 5, 1
605, 2, 5, 391, 593, 528, 1, 5, 1
606, 2, 3, 392, 606, 525, 1, 5, 1
607, 2, 5, 391, 614, 526, 1, 5, 1
608, 2, 4, 394, 629, 524, 1, 5, 1
609, 2, 5, 387, 641, 527, 1, 5, 1
610, 2, 4, 392, 653, 525, 1, 5, 1
611, 2, 5, 387, 662, 528, 1, 5, 1
612, 2, 6, 389, 672, 526, 1, 5, 1
613, 2, 5, 387, 689, 525, 1, 5, 1
614, 2, 4, 388, 699, 525, 1, 5, 1
615, 2, 6, 383, 708, 528, 1, 5, 1
616, 2, 5, 384, 717, 526, 1, 5, 1
617, 2, 4, 378, 735, 531, 1, 5, 1
618, 2, 3, 383, 747, 527, 1, 5, 1
619, 2, 8, 380, 750, 523, 1, 5, 1
620, 2, 2, 386, 770, 519, 1, 5, 1
621, 2, 2, 379, 780, 524, 1, 5, 1
622, 2, 1, 379, 797, 522, 1, 5, 1
623, 2, 2, 374, 810, 523, 1, 5, 1
624, 2, 2, 377, 823, 514, 1, 5, 1
625, 2, 5, 371, 831, 524, 1, 5, 1
626, 2, 1, 376, 859, 515, 1, 5, 1
627, 2, 2, 369, 860, 522, 1, 5, 1
628, 2, 2, 365, 872, 528, 1, 5, 1
629, 2, 2, 362, 884, 536, 1, 5, 1
630, 2, 2, 364, 899, 530, 1, 5, 1
631, 2, 2, 359, 914, 539, 1, 5, 1
632, 2, 2, 359, 927, 538, 1, 5, 1
633, 2, 1, 358, 946, 539, 1, 5, 1
634, 2, 1, 357, 960, 537, 1, 5, 1
635, 2, 2, 358, 972, 536, 1, 5, 1
636, 2, 2, 356, 989, 532, 1, 5, 1
637, 2, 1, 356, 1005, 536, 1, 5, 1
638, 2, 2, 353, 1026, 528, 1, 5, 1
639, 2, 1, 355, 1037, 532, 1, 5, 1
640, 2, 2, 348, 1049, 530, 1, 5, 1
641, 2, 3, 348, 1063, 551, 1, 5, 1
642, 2, 3, 342, 1080, 566, 1, 5, 1
643, 2, 4, 341, 1090, 571, 1, 5, 1
644, 2, 2, 339, 1110, 585, 1, 5, 1
645, 2, 1, 338, 1126, 591, 1, 5, 1
646, 2, 3, 338, 1136, 586, 1, 5, 1
647, 2, 2, 337, 1153, 590, 1, 5, 1
648, 2, 4, 334, 1168, 588, 1, 5, 1
649, 2, 4, 334, 1184, 590, 1, 5, 1
650, 2, 4, 327, 1196, 596, 1, 5, 1
651, 2, 5, 329, 1216, 594, 1, 5, 1
652, 2, 4, 331, 1237, 586, 1, 5, 1
653, 2, 7, 330, 1241, 583, 1, 5, 1
654, 2, 6, 322, 1251, 581, 1, 5, 1
655, 2, 4, 322, 1268, 579, 1, 5, 1
656, 2, 4, 321, 1280, 592, 1, 5, 1
657, 2, 7, 321, 1287, 602, 1, 5, 1
658, 2, 8, 319, 1299, 603, 1, 5, 1
659, 2, 10, 316, 1310, 608, 1, 5, 1
660, 2, 10, 313, 1323, 606, 1, 5, 1
661, 2, 10, 313, 1336, 609, 1, 5, 1
662, 2, 7, 313, 1352, 607, 1, 5, 1
663, 2, 6, 312, 1359, 608, 1, 5, 1
664, 2, 10, 312, 1369, 607, 1, 5, 1
665, 2, 6, 312, 1386, 605, 1, 5, 1
666, 2, 10, 310, 1390, 604, 1, 5, 1
667, 2, 10, 311, 1399, 603, 1, 5, 1
668, 2, 11, 313, 1419, 598, 1, 5, 1
669, 2, 12, 311, 1416, 598, 1, 5, 1
670, 2, 18, 307, 1424, 602, 1, 5, 1
671, 2, 31, 308, 1421, 599, 1, 5, 1
672, 2, 44, 307, 1419, 600, 1, 5, 1
673, 2, 51, 304, 1413, 603, 1, 5, 1
674, 2, 65, 304, 1409, 601, 1, 5, 1
675, 2, 75, 304, 1407, 599, 1, 5, 1
676, 2, 90, 303, 1410, 598, 1, 5, 1
677, 2, 99, 301, 1413, 599, 1, 5, 1
678, 2, 109, 299, 1422, 601, 1, 5, 1
679, 2, 121, 300, 1422, 599, 1, 5, 1
680, 2, 132, 301, 1419, 598, 1, 5, 1
681, 2, 139, 297, 1413, 599, 1, 5, 1
682, 2, 152, 301, 1418, 595, 1, 5, 1
683, 2, 160, 298, 1420, 596, 1, 5, 1
684, 2, 173, 302, 1425, 593, 1, 5, 1
685, 2, 183, 300, 1428, 592, 1, 5, 1
686, 2, 199, 300, 1421, 590, 1, 5, 1
687, 2, 208, 295, 1424, 594, 1, 5, 1
688, 2, 217, 297, 1425, 591, 1, 5, 1
689, 2, 233, 298, 1416, 589, 1, 5, 1
690, 2, 245, 297, 1414, 587, 1, 5, 1
691, 2, 252, 297, 1415, 585, 1, 5, 1
692, 2, 262, 296, 1417, 584, 1, 5, 1
693, 2, 279, 296, 1405, 585, 1, 5, 1
694, 2, 284, 295, 1413, 584, 1, 5, 1
695, 2, 299, 294, 1404, 582, 1, 5, 1
696, 2, 310, 292, 1402, 584, 1, 5, 1
697, 2, 329, 292, 1391, 583, 1, 5, 1
698, 2, 336, 289, 1395, 583, 1, 5, 1
699, 2, 345, 290, 1394, 579, 1, 5, 1
700, 2, 354, 290, 1396, 577, 1, 5, 1
701, 2, 366, 291, 1395, 576, 1, 5, 1
702, 2, 379, 290, 1389, 574, 1, 5, 1
703, 2, 392, 291, 1386, 573, 1, 5, 1
704, 2, 407, 290, 1384, 573, 1, 5, 1
705, 2, 423, 289, 1375, 572, 1, 5, 1
706, 2, 435, 286, 1375, 574, 1, 5, 1
707, 2, 449, 288, 1369, 572, 1, 5, 1
708, 2, 463, 287, 1367, 571, 1, 5, 1
709, 2, 480, 288, 1359, 569, 1, 5, 1
710, 2, 488, 286, 1364, 569, 1, 5, 1
711, 2, 503, 287, 1360, 568, 1, 5, 1
712, 2, 522, 285, 1349, 567, 1, 5, 1
713, 2, 539, 287, 1345, 565, 1, 5, 1
714, 2, 553, 286, 1341, 562, 1, 5, 1
715, 2, 565, 285, 1338, 560, 1, 5, 1
716, 2, 579, 283, 1334, 561, 1, 5, 1
717, 2, 589, 285, 1333, 556, 1, 5, 1
718, 2, 610, 284, 1324, 557, 1, 5, 1
719, 2, 624, 283, 1319, 555, 1, 5, 1
720, 2, 636, 282, 1316, 555, 1, 5, 1
721, 2, 653, 281, 1297, 556, 1, 5, 1
722, 2, 670, 281, 1280, 555, 1, 5, 1
723, 2, 684, 281, 1266, 550, 1, 5, 1
724, 2, 700, 281, 1254, 547, 1, 5, 1
725, 2, 718, 280, 1239, 545, 1, 5, 1
726, 2, 734, 280, 1225, 543, 1, 5, 1
727, 2, 750, 279, 1205, 542, 1, 5, 1
728, 2, 766, 277, 1191, 539, 1, 5, 1
729, 2, 783, 275, 1172, 540, 1, 5, 1
730, 2, 806, 277, 1150, 537, 1, 5, 1
731, 2, 817, 275, 1138, 534, 1, 5, 1
732, 2, 832, 274, 1126, 535, 1, 5, 1
733, 2, 852, 275, 1106, 529, 1, 5, 1
734, 2, 869, 274, 1089, 527, 1, 5, 1
735, 2, 884, 273, 1074, 528, 1, 5, 1
736, 2, 903, 274, 1056, 525, 1, 5, 1
737, 2, 919, 275, 1039, 521, 1, 5, 1
738, 2, 937, 274, 1021, 522, 1, 5, 1
739, 2, 957, 277, 1001, 518, 1, 5, 1
740, 2, 972, 278, 987, 516, 1, 5, 1
741, 2, 995, 280, 963, 513, 1, 5, 1
742, 2, 1010, 281, 946, 506, 1, 5, 1
743, 2, 1027, 282, 929, 503, 1, 5, 1
744, 2, 1049, 286, 907, 498, 1, 5, 1
745, 2, 1064, 284, 894, 495, 1, 5, 1
746, 2, 1085, 290, 873, 490, 1, 5, 1
747, 2, 1101, 291, 857, 486, 1, 5, 1
748, 2, 1115, 294, 844, 475, 1, 5, 1
749, 2, 1140, 295, 818, 480, 1, 5, 1
750, 2, 1157, 293, 799, 486, 1, 5, 1