1, 1, 932, 41, 390, 257, 1, 9, 1
2, 1, 929, 40, 395, 254, 1, 9, 1
3, 1, 933, 39, 392, 255, 1, 9, 1
4, 1, 935, 39, 397, 259, 1, 9, 1
5, 1, 938, 40, 396, 260, 1, 9, 1
6, 1, 936, 35, 394, 258, 1, 9, 1
7, 1, 938, 33, 395, 259, 1, 9, 1
8, 1, 937, 33, 395, 259, 1, 9, 1
9, 1, 944, 42, 395, 254, 1, 9, 1
10, 1, 943, 40, 394, 255, 1, 9, 1
11, 1, 942, 36, 399, 256, 1, 9, 1
12, 1, 941, 33, 397, 258, 1, 9, 1
13, 1, 948, 38, 393, 256, 1, 9, 1
14, 1, 948, 37, 395, 258, 1, 9, 1
15, 1, 949, 34, 391, 257, 1, 9, 1
16, 1, 947, 31, 395, 260, 1, 9, 1
17, 1, 952, 36, 395, 256, 1, 9, 1
18, 1, 954, 40, 394, 253, 1, 9, 1
19, 1, 951, 34, 395, 256, 1, 9, 1
20, 1, 953, 33, 395, 257, 1, 9, 1
21, 1, 957, 35, 395, 258, 1, 9, 1
22, 1, 958, 36, 395, 259, 1, 9, 1
23, 1, 957, 32, 395, 258, 1, 9, 1
24, 1, 955, 30, 398, 259, 1, 9, 1
25, 1, 956, 32, 396, 260, 1, 9, 1
26, 1, 963, 38, 396, 256, 1, 9, 1
27, 1, 958, 35, 397, 257, 1, 9, 1
28, 1, 960, 31, 394, 261, 1, 9, 1
29, 1, 962, 31, 394, 261, 1, 9, 1
30, 1, 964, 34, 396, 258, 1, 9, 1
31, 1, 964, 33, 396, 260, 1, 9, 1
32, 1, 963, 29, 396, 260, 1, 9, 1
33, 1, 962, 31, 397, 259, 1, 9, 1
34, 1, 966, 33, 396, 260, 1, 9, 1
35, 1, 968, 36, 394, 256, 1, 9, 1
36, 1, 964, 32, 396, 260, 1, 9, 1
37, 1, 962, 31, 399, 261, 1, 9, 1
38, 1, 967, 32, 395, 260, 1, 9, 1
39, 1, 967, 33, 397, 258, 1, 9, 1
40, 1, 965, 32, 394, 259, 1, 9, 1
41, 1, 963, 28, 397, 258, 1, 9, 1
42, 1, 965, 31, 393, 258, 1, 9, 1
43, 1, 966, 33, 397, 259, 1, 9, 1
44, 1, 966, 33, 394, 259, 1, 9, 1
45, 1, 962, 31, 400, 258, 1, 9, 1
46, 1, 964, 30, 399, 261, 1, 9, 1
47, 1, 963, 33, 398, 258, 1, 9, 1
48, 1, 965, 33, 398, 259, 1, 9, 1
49, 1, 961, 29, 396, 258, 1, 9, 1
50, 1, 962, 30, 397, 260, 1, 9, 1
51, 1, 964, 35, 398, 255, 1, 9, 1
52, 1, 968, 36, 394, 255, 1, 9, 1
53, 1, 963, 32, 393, 257, 1, 9, 1
54, 1, 964, 33, 393, 256, 1, 9, 1
55, 1, 962, 53, 398, 259, 1, 9, 1
56, 1, 965, 73, 398, 255, 1, 9, 1
57, 1, 961, 92, 396, 259, 1, 9, 1
58, 1, 961, 117, 398, 263, 1, 9, 1
59, 1, 960, 119, 395, 260, 1, 9, 1
60, 1, 961, 118, 396, 260, 1, 9, 1
61, 1, 958, 115, 397, 258, 1, 9, 1
62, 1, 958, 115, 398, 260, 1, 9, 1
63, 1, 958, 118, 396, 259, 1, 9, 1
64, 1, 957, 119, 397, 261, 1, 9, 1
65, 1, 957, 120, 394, 257, 1, 9, 1
66, 1, 954, 119, 391, 256, 1, 9, 1
67, 1, 954, 118, 397, 261, 1, 9, 1
68, 1, 956, 121, 393, 261, 1, 9, 1
69, 1, 953, 119, 398, 261, 1, 9, 1
70, 1, 952, 118, 395, 258, 1, 9, 1
71, 1, 951, 117, 395, 260, 1, 9, 1
72, 1, 951, 119, 396, 261, 1, 9, 1
73, 1, 948, 120, 393, 260, 1, 9, 1
74, 1, 947, 118, 396, 260, 1, 9, 1
75, 1, 946, 117, 395, 259, 1, 9, 1
76, 1, 946, 120, 397, 264, 1, 9, 1
77, 1, 943, 121, 398, 263, 1, 9, 1
78, 1, 943, 119, 394, 259, 1, 9, 1
79, 1, 940, 116, 397, 262, 1, 9, 1
80, 1, 942, 119, 397, 262, 1, 9, 1
81, 1, 941, 122, 397, 261, 1, 9, 1
82, 1, 940, 120, 393, 258, 1, 9, 1
83, 1, 934, 118, 397, 259, 1, 9, 1
84, 1, 934, 123, 398, 259, 1, 9, 1
85, 1, 934, 126, 398, 259, 1, 9, 1
86, 1, 932, 124, 394, 259, 1, 9, 1
87, 1, 928, 118, 398, 262, 1, 9, 1
88, 1, 930, 121, 394, 263, 1, 9, 1
89, 1, 929, 124, 392, 261, 1, 9, 1
90, 1, 926, 124, 396, 261, 1, 9, 1
91, 1, 924, 121, 397, 261, 1, 9, 1
92, 1, 923, 122, 397, 259, 1, 9, 1
93, 1, 924, 127, 396, 259, 1, 9, 1
94, 1, 921, 124, 397, 260, 1, 9, 1
95, 1, 920, 122, 397, 260, 1, 9, 1
96, 1, 919, 124, 397, 257, 1, 9, 1
97, 1, 917, 126, 398, 258, 1, 9, 1
98, 1, 913, 128, 401, 259, 1, 9, 1
99, 1, 914, 126, 396, 260, 1, 9, 1
100, 1, 912, 123, 396, 259, 1, 9, 1
101, 1, 911, 125, 395, 261, 1, 9, 1
102, 1, 909, 127, 397, 260, 1, 9, 1
103, 1, 909, 128, 396, 260, 1, 9, 1
104, 1, 907, 128, 398, 260, 1, 9, 1
105, 1, 905, 128, 399, 260, 1, 9, 1
106, 1, 903, 128, 399, 260, 1, 9, 1
107, 1, 904, 129, 397, 259, 1, 9, 1
108, 1, 903, 127, 396, 260, 1, 9, 1
109, 1, 900, 127, 395, 259, 1, 9, 1
110, 1, 897, 128, 399, 260, 1, 9, 1
111, 1, 897, 129, 396, 260, 1, 9, 1
112, 1, 894, 128, 396, 259, 1, 9, 1
113, 1, 891, 127, 397, 262, 1, 9, 1
114, 1, 891, 129, 397, 259, 1, 9, 1
115, 1, 891, 129, 398, 260, 1, 9, 1
116, 1, 887, 129, 397, 260, 1, 9, 1
117, 1, 885, 128, 399, 261, 1, 9, 1
118, 1, 885, 129, 396, 262, 1, 9, 1
119, 1, 881, 130, 395, 259, 1, 9, 1
120, 1, 879, 129, 397, 259, 1, 9, 1
121, 1, 876, 129, 398, 262, 1, 9, 1
122, 1, 874, 130, 396, 260, 1, 9, 1
123, 1, 875, 130, 395, 259, 1, 9, 1
124, 1, 872, 130, 396, 259, 1, 9, 1
125, 1, 873, 129, 395, 261, 1, 9, 1
126, 1, 876, 129, 397, 262, 1, 9, 1
127, 1, 886, 129, 390, 260, 1, 9, 1
128, 1, 885, 127, 397, 261, 1, 9, 1
129, 1, 886, 127, 399, 261, 1, 9, 1
130, 1, 878, 129, 399, 261, 1, 9, 1
131, 1, 881, 131, 394, 260, 1, 9, 1
132, 1, 880, 129, 395, 259, 1, 9, 1
133, 1, 873, 127, 400, 261, 1, 9, 1
134, 1, 874, 129, 400, 262, 1, 9, 1
135, 1, 876, 126, 400, 263, 1, 9, 1
136, 1, 884, 124, 399, 259, 1, 9, 1
137, 1, 867, 116, 399, 257, 1, 9, 1
138, 1, 874, 131, 397, 259, 1, 9, 1
139, 1, 869, 134, 397, 258, 1, 9, 1
140, 1, 875, 129, 398, 259, 1, 9, 1
141, 1, 861, 119, 399, 257, 1, 9, 1
142, 1, 873, 132, 397, 256, 1, 9, 1
143, 1, 866, 135, 398, 258, 1, 9, 1
144, 1, 869, 132, 396, 264, 1, 9, 1
145, 1, 869, 125, 399, 261, 1, 9, 1
146, 1, 868, 127, 397, 260, 1, 9, 1
147, 1, 862, 131, 400, 260, 1, 9, 1
148, 1, 869, 134, 395, 262, 1, 9, 1
149, 1, 870, 131, 399, 259, 1, 9, 1
150, 1, 856, 119, 398, 260, 1, 9, 1
151, 1, 865, 128, 393, 262, 1, 9, 1
152, 1, 866, 133, 390, 259, 1, 9, 1
153, 1, 865, 132, 390, 260, 1, 9, 1
154, 1, 856, 126, 389, 262, 1, 9, 1
155, 1, 864, 125, 391, 261, 1, 9, 1
156, 1, 861, 132, 388, 261, 1, 9, 1
157, 1, 864, 132, 392, 259, 1, 9, 1
158, 1, 855, 126, 394, 260, 1, 9, 1
159, 1, 859, 127, 391, 263, 1, 9, 1
160, 1, 862, 134, 390, 260, 1, 9, 1
161, 1, 862, 135, 390, 258, 1, 9, 1
162, 1, 859, 127, 392, 260, 1, 9, 1
163, 1, 857, 125, 392, 262, 1, 9, 1
164, 1, 856, 127, 393, 263, 1, 9, 1
165, 1, 859, 131, 390, 258, 1, 9, 1
166, 1, 855, 130, 394, 260, 1, 9, 1
167, 1, 856, 130, 389, 260, 1, 9, 1
168, 1, 858, 131, 393, 263, 1, 9, 1
169, 1, 859, 130, 394, 263, 1, 9, 1
170, 1, 857, 129, 392, 259, 1, 9, 1
171, 1, 856, 129, 390, 260, 1, 9, 1
172, 1, 856, 131, 396, 262, 1, 9, 1
173, 1, 856, 131, 397, 264, 1, 9, 1
174, 1, 856, 128, 396, 259, 1, 9, 1
175, 1, 851, 127, 397, 261, 1, 9, 1
176, 1, 858, 131, 392, 260, 1, 9, 1
177, 1, 856, 130, 393, 260, 1, 9, 1
178, 1, 856, 128, 395, 260, 1, 9, 1
179, 1, 852, 127, 393, 258, 1, 9, 1
180, 1, 855, 129, 396, 260, 1, 9, 1
181, 1, 855, 134, 394, 259, 1, 9, 1
182, 1, 858, 134, 394, 258, 1, 9, 1
183, 1, 855, 129, 392, 262, 1, 9, 1
184, 1, 858, 130, 392, 259, 1, 9, 1
185, 1, 855, 132, 395, 263, 1, 9, 1
186, 1, 861, 132, 391, 259, 1, 9, 1
187, 1, 855, 127, 396, 260, 1, 9, 1
188, 1, 852, 126, 397, 259, 1, 9, 1
189, 1, 857, 130, 391, 259, 1, 9, 1
190, 1, 864, 140, 390, 256, 1, 9, 1
191, 1, 856, 133, 394, 259, 1, 9, 1
192, 1, 858, 127, 394, 261, 1, 9, 1
193, 1, 860, 127, 394, 263, 1, 9, 1
194, 1, 865, 134, 389, 260, 1, 9, 1
195, 1, 858, 127, 396, 261, 1, 9, 1
196, 1, 856, 126, 396, 260, 1, 9, 1
197, 1, 858, 128, 396, 260, 1, 9, 1
198, 1, 864, 133, 392, 258, 1, 9, 1
199, 1, 863, 131, 391, 260, 1, 9, 1
200, 1, 858, 126, 396, 262, 1, 9, 1
201, 1, 862, 129, 392, 258, 1, 9, 1
202, 1, 861, 134, 395, 256, 1, 9, 1
203, 1, 862, 135, 393, 255, 1, 9, 1
204, 1, 860, 132, 394, 256, 1, 9, 1
205, 1, 860, 130, 396, 257, 1, 9, 1
206, 1, 860, 134, 396, 257, 1, 9, 1
207, 1, 865, 137, 395, 256, 1, 9, 1
208, 1, 863, 134, 395, 257, 1, 9, 1
209, 1, 860, 129, 397, 259, 1, 9, 1
210, 1, 864, 130, 398, 261, 1, 9, 1
211, 1, 864, 136, 395, 257, 1, 9, 1
212, 1, 865, 135, 393, 256, 1, 9, 1
213, 1, 864, 131, 394, 259, 1, 9, 1
214, 1, 865, 130, 395, 260, 1, 9, 1
215, 1, 865, 133, 394, 259, 1, 9, 1
216, 1, 867, 133, 395, 258, 1, 9, 1
217, 1, 864, 129, 395, 258, 1, 9, 1
218, 1, 866, 129, 396, 258, 1, 9, 1
219, 1, 863, 132, 399, 260, 1, 9, 1
220, 1, 866, 134, 397, 258, 1, 9, 1
221, 1, 864, 131, 395, 260, 1, 9, 1
222, 1, 863, 130, 392, 260, 1, 9, 1
223, 1, 865, 134, 395, 256, 1, 9, 1
224, 1, 867, 135, 394, 256, 1, 9, 1
225, 1, 866, 131, 396, 260, 1, 9, 1
226, 1, 864, 129, 397, 259, 1, 9, 1
227, 1, 867, 131, 393, 261, 1, 9, 1
228, 1, 866, 133, 393, 258, 1, 9, 1
229, 1, 868, 131, 393, 260, 1, 9, 1
230, 1, 865, 129, 397, 258, 1, 9, 1
231, 1, 864, 131, 397, 261, 1, 9, 1
232, 1, 865, 136, 396, 258, 1, 9, 1
233, 1, 866, 135, 394, 256, 1, 9, 1
234, 1, 865, 129, 397, 261, 1, 9, 1
235, 1, 865, 129, 397, 263, 1, 9, 1
236, 1, 867, 132, 396, 261, 1, 9, 1
237, 1, 865, 133, 395, 259, 1, 9, 1
238, 1, 865, 130, 396, 261, 1, 9, 1
239, 1, 864, 130, 397, 260, 1, 9, 1
240, 1, 868, 133, 395, 259, 1, 9, 1
241, 1, 866, 135, 395, 257, 1, 9, 1
242, 1, 868, 132, 392, 260, 1, 9, 1
243, 1, 864, 129, 397, 260, 1, 9, 1
244, 1, 866, 131, 395, 260, 1, 9, 1
245, 1, 867, 135, 395, 259, 1, 9, 1
246, 1, 868, 132, 392, 260, 1, 9, 1
247, 1, 864, 129, 396, 261, 1, 9, 1
248, 1, 865, 132, 397, 260, 1, 9, 1
249, 1, 866, 134, 397, 259, 1, 9, 1
250, 1, 867, 130, 395, 261, 1, 9, 1
251, 1, 863, 126, 401, 262, 1, 9, 1
252, 1, 866, 128, 399, 263, 1, 9, 1
253, 1, 866, 133, 394, 259, 1, 9, 1
254, 1, 869, 132, 395, 261, 1, 9, 1
255, 1, 865, 127, 400, 263, 1, 9, 1
256, 1, 867, 126, 398, 264, 1, 9, 1
257, 1, 866, 128, 399, 262, 1, 9, 1
258, 1, 872, 129, 393, 263, 1, 9, 1
259, 1, 866, 128, 399, 261, 1, 9, 1
260, 1, 866, 130, 398, 262, 1, 9, 1
261, 1, 865, 131, 400, 260, 1, 9, 1
262, 1, 868, 129, 397, 264, 1, 9, 1
263, 1, 867, 128, 399, 262, 1, 9, 1
264, 1, 867, 127, 396, 262, 1, 9, 1
265, 1, 867, 129, 397, 260, 1, 9, 1
266, 1, 869, 128, 397, 261, 1, 9, 1
267, 1, 868, 128, 398, 262, 1, 9, 1
268, 1, 869, 128, 397, 261, 1, 9, 1
269, 1, 868, 129, 396, 259, 1, 9, 1
270, 1, 870, 130, 395, 260, 1, 9, 1
271, 1, 870, 130, 395, 260, 1, 9, 1
272, 1, 872, 127, 393, 261, 1, 9, 1
273, 1, 872, 127, 394, 262, 1, 9, 1
274, 1, 872, 129, 395, 260, 1, 9, 1
275, 1, 869, 131, 395, 260, 1, 9, 1
276, 1, 870, 129, 395, 260, 1, 9, 1
277, 1, 872, 128, 389, 261, 1, 9, 1
278, 1, 872, 128, 394, 262, 1, 9, 1
279, 1, 871, 131, 395, 260, 1, 9, 1
280, 1, 873, 129, 394, 260, 1, 9, 1
281, 1, 872, 128, 397, 258, 1, 9, 1
282, 1, 874, 128, 396, 261, 1, 9, 1
283, 1, 872, 132, 396, 257, 1, 9, 1
284, 1, 874, 131, 391, 259, 1, 9, 1
285, 1, 873, 128, 397, 261, 1, 9, 1
286, 1, 877, 129, 394, 261, 1, 9, 1
287, 1, 874, 131, 395, 260, 1, 9, 1
288, 1, 875, 131, 393, 258, 1, 9, 1
289, 1, 872, 128, 397, 262, 1, 9, 1
290, 1, 875, 128, 396, 262, 1, 9, 1
291, 1, 875, 131, 395, 260, 1, 9, 1
292, 1, 878, 130, 391, 260, 1, 9, 1
293, 1, 876, 128, 394, 260, 1, 9, 1
294, 1, 875, 127, 398, 260, 1, 9, 1
295, 1, 877, 130, 393, 258, 1, 9, 1
296, 1, 877, 131, 391, 257, 1, 9, 1
297, 1, 875, 130, 395, 259, 1, 9, 1
298, 1, 873, 129, 395, 261, 1, 9, 1
299, 1, 878, 129, 396, 260, 1, 9, 1
300, 1, 878, 129, 396, 261, 1, 9, 1
301, 1, 877, 131, 395, 257, 1, 9, 1
302, 1, 876, 129, 389, 259, 1, 9, 1
303, 1, 878, 129, 396, 259, 1, 9, 1
304, 1, 876, 131, 395, 258, 1, 9, 1
305, 1, 878, 131, 396, 259, 1, 9, 1
306, 1, 877, 129, 394, 259, 1, 9, 1
307, 1, 878, 130, 396, 260, 1, 9, 1
308, 1, 879, 131, 392, 258, 1, 9, 1
309, 1, 879, 130, 400, 260, 1, 9, 1
310, 1, 879, 130, 395, 258, 1, 9, 1
311, 1, 880, 129, 396, 259, 1, 9, 1
312, 1, 879, 129, 397, 261, 1, 9, 1
313, 1, 882, 129, 395, 260, 1, 9, 1
314, 1, 878, 129, 399, 259, 1, 9, 1
315, 1, 880, 129, 398, 258, 1, 9, 1
316, 1, 880, 130, 392, 261, 1, 9, 1
317, 1, 882, 129, 396, 261, 1, 9, 1
318, 1, 880, 129, 395, 260, 1, 9, 1
319, 1, 880, 129, 399, 258, 1, 9, 1
320, 1, 879, 129, 398, 259, 1, 9, 1
321, 1, 882, 130, 396, 260, 1, 9, 1
322, 1, 879, 130, 397, 260, 1, 9, 1
323, 1, 882, 130, 397, 260, 1, 9, 1
324, 1, 881, 130, 392, 260, 1, 9, 1
325, 1, 884, 130, 394, 260, 1, 9, 1
326, 1, 880, 130, 398, 257, 1, 9, 1
327, 1, 880, 130, 396, 258, 1, 9, 1
328, 1, 879, 130, 395, 259, 1, 9, 1
329, 1, 882, 131, 394, 260, 1, 9, 1
330, 1, 881, 131, 392, 260, 1, 9, 1
331, 1, 882, 129, 397, 262, 1, 9, 1
332, 1, 881, 129, 396, 261, 1, 9, 1
333, 1, 883, 129, 397, 262, 1, 9, 1
334, 1, 884, 129, 393, 261, 1, 9, 1
335, 1, 883, 130, 395, 259, 1, 9, 1
336, 1, 879, 130, 398, 260, 1, 9, 1
337, 1, 882, 131, 394, 261, 1, 9, 1
338, 1, 882, 130, 392, 260, 1, 9, 1
339, 1, 883, 130, 398, 259, 1, 9, 1
340, 1, 883, 130, 396, 258, 1, 9, 1
341, 1, 885, 130, 397, 259, 1, 9, 1
342, 1, 884, 130, 392, 261, 1, 9, 1
343, 1, 887, 130, 391, 260, 1, 9, 1
344, 1, 882, 129, 396, 260, 1, 9, 1
345, 1, 883, 130, 399, 259, 1, 9, 1
346, 1, 882, 130, 397, 260, 1, 9, 1
347, 1, 884, 132, 394, 259, 1, 9, 1
348, 1, 881, 129, 398, 260, 1, 9, 1
349, 1, 885, 130, 396, 260, 1, 9, 1
350, 1, 885, 130, 396, 259, 1, 9, 1
351, 1, 887, 131, 396, 261, 1, 9, 1
352, 1, 884, 130, 395, 259, 1, 9, 1
353, 1, 886, 130, 394, 259, 1, 9, 1
354, 1, 884, 131, 393, 259, 1, 9, 1
355, 1, 886, 131, 392, 261, 1, 9, 1
356, 1, 883, 130, 397, 261, 1, 9, 1
357, 1, 886, 130, 393, 261, 1, 9, 1
358, 1, 884, 130, 398, 262, 1, 9, 1
359, 1, 887, 131, 396, 260, 1, 9, 1
360, 1, 885, 130, 390, 259, 1, 9, 1
361, 1, 887, 130, 395, 260, 1, 9, 1
362, 1, 884, 130, 393, 261, 1, 9, 1
363, 1, 886, 131, 394, 261, 1, 9, 1
364, 1, 883, 130, 398, 262, 1, 9, 1
365, 1, 885, 130, 392, 258, 1, 9, 1
366, 1, 883, 130, 396, 261, 1, 9, 1
367, 1, 885, 130, 396, 261, 1, 9, 1
368, 1, 886, 131, 393, 258, 1, 9, 1
369, 1, 886, 128, 393, 262, 1, 9, 1
370, 1, 884, 130, 394, 260, 1, 9, 1
371, 1, 885, 130, 393, 260, 1, 9, 1
372, 1, 884, 129, 395, 262, 1, 9, 1
373, 1, 884, 130, 395, 262, 1, 9, 1
374, 1, 884, 129, 393, 260, 1, 9, 1
375, 1, 883, 130, 397, 261, 1, 9, 1
376, 1, 885, 130, 396, 260, 1, 9, 1
377, 1, 885, 131, 395, 260, 1, 9, 1
378, 1, 885, 130, 394, 259, 1, 9, 1
379, 1, 886, 129, 395, 261, 1, 9, 1
380, 1, 884, 130, 396, 261, 1, 9, 1
381, 1, 885, 131, 394, 261, 1, 9, 1
382, 1, 885, 131, 396, 260, 1, 9, 1
383, 1, 885, 127, 396, 262, 1, 9, 1
384, 1, 884, 127, 396, 259, 1, 9, 1
385, 1, 885, 129, 395, 259, 1, 9, 1
386, 1, 882, 130, 395, 260, 1, 9, 1
387, 1, 884, 131, 396, 261, 1, 9, 1
388, 1, 883, 130, 397, 262, 1, 9, 1
389, 1, 885, 130, 397, 263, 1, 9, 1
390, 1, 884, 129, 396, 262, 1, 9, 1
391, 1, 886, 128, 396, 261, 1, 9, 1
392, 1, 887, 128, 393, 261, 1, 9, 1
393, 1, 886, 129, 395, 260, 1, 9, 1
394, 1, 886, 128, 395, 262, 1, 9, 1
395, 1, 883, 129, 398, 260, 1, 9, 1
396, 1, 882, 129, 396, 262, 1, 9, 1
397, 1, 883, 130, 397, 261, 1, 9, 1
398, 1, 885, 130, 396, 260, 1, 9, 1
399, 1, 883, 130, 398, 260, 1, 9, 1
400, 1, 883, 129, 396, 261, 1, 9, 1
401, 1, 883, 128, 395, 262, 1, 9, 1
402, 1, 883, 129, 396, 262, 1, 9, 1
403, 1, 884, 130, 391, 259, 1, 9, 1
404, 1, 883, 129, 393, 261, 1, 9, 1
405, 1, 885, 129, 394, 260, 1, 9, 1
406, 1, 882, 129, 396, 259, 1, 9, 1
407, 1, 881, 130, 396, 258, 1, 9, 1
408, 1, 883, 130, 391, 260, 1, 9, 1
409, 1, 884, 130, 394, 259, 1, 9, 1
410, 1, 882, 129, 394, 261, 1, 9, 1
411, 1, 882, 130, 397, 259, 1, 9, 1
412, 1, 884, 130, 395, 259, 1, 9, 1
413, 1, 883, 129, 396, 261, 1, 9, 1
414, 1, 883, 130, 390, 258, 1, 9, 1
415, 1, 883, 130, 393, 259, 1, 9, 1
416, 1, 882, 129, 398, 260, 1, 9, 1
417, 1, 882, 129, 396, 260, 1, 9, 1
418, 1, 883, 130, 393, 259, 1, 9, 1
419, 1, 882, 129, 395, 260, 1, 9, 1
420, 1, 882, 130, 396, 258, 1, 9, 1
421, 1, 882, 129, 395, 260, 1, 9, 1
422, 1, 884, 130, 391, 261, 1, 9, 1
423, 1, 883, 129, 395, 259, 1, 9, 1
424, 1, 883, 127, 392, 262, 1, 9, 1
425, 1, 880, 128, 395, 260, 1, 9, 1
426, 1, 882, 129, 396, 260, 1, 9, 1
427, 1, 880, 131, 396, 258, 1, 9, 1
428, 1, 883, 129, 395, 263, 1, 9, 1
429, 1, 882, 129, 396, 259, 1, 9, 1
430, 1, 883, 129, 396, 261, 1, 9, 1
431, 1, 881, 129, 398, 260, 1, 9, 1
432, 1, 882, 129, 398, 260, 1, 9, 1
433, 1, 880, 128, 395, 260, 1, 9, 1
434, 1, 880, 129, 397, 261, 1, 9, 1
435, 1, 880, 130, 398, 258, 1, 9, 1
436, 1, 882, 130, 395, 260, 1, 9, 1
437, 1, 879, 130, 396, 260, 1, 9, 1
438, 1, 880, 129, 397, 260, 1, 9, 1
439, 1, 879, 130, 397, 259, 1, 9, 1
440, 1, 882, 129, 394, 260, 1, 9, 1
441, 1, 883, 128, 395, 262, 1, 9, 1
442, 1, 881, 129, 396, 260, 1, 9, 1
443, 1, 881, 129, 397, 260, 1, 9, 1
444, 1, 880, 129, 398, 261, 1, 9, 1
445, 1, 881, 130, 396, 260, 1, 9, 1
446, 1, 882, 132, 392, 260, 1, 9, 1
447, 1, 881, 129, 395, 262, 1, 9, 1
448, 1, 881, 129, 396, 260, 1, 9, 1
449, 1, 884, 129, 394, 261, 1, 9, 1
450, 1, 879, 128, 398, 261, 1, 9, 1
451, 1, 880, 130, 396, 262, 1, 9, 1
452, 1, 877, 129, 400, 262, 1, 9, 1
453, 1, 880, 129, 395, 262, 1, 9, 1
454, 1, 880, 129, 397, 262, 1, 9, 1
455, 1, 879, 130, 397, 262, 1, 9, 1
456, 1, 877, 130, 398, 262, 1, 9, 1
457, 1, 882, 129, 394, 262, 1, 9, 1
458, 1, 878, 129, 399, 263, 1, 9, 1
459, 1, 881, 130, 395, 261, 1, 9, 1
460, 1, 880, 131, 395, 260, 1, 9, 1
461, 1, 881, 130, 394, 263, 1, 9, 1
462, 1, 879, 130, 394, 260, 1, 9, 1
463, 1, 879, 130, 396, 262, 1, 9, 1
464, 1, 878, 130, 396, 261, 1, 9, 1
465, 1, 879, 130, 398, 261, 1, 9, 1
466, 1, 881, 129, 394, 260, 1, 9, 1
467, 1, 882, 129, 396, 261, 1, 9, 1
468, 1, 880, 130, 396, 262, 1, 9, 1
469, 1, 881, 133, 398, 259, 1, 9, 1
470, 1, 878, 130, 397, 263, 1, 9, 1
471, 1, 881, 130, 396, 262, 1, 9, 1
472, 1, 880, 130, 396, 262, 1, 9, 1
473, 1, 882, 131, 396, 260, 1, 9, 1
474, 1, 882, 129, 396, 261, 1, 9, 1
475, 1, 881, 131, 396, 260, 1, 9, 1
476, 1, 877, 131, 398, 261, 1, 9, 1
477, 1, 884, 131, 393, 262, 1, 9, 1
478, 1, 881, 131, 395, 261, 1, 9, 1
479, 1, 880, 131, 398, 260, 1, 9, 1
480, 1, 881, 131, 396, 260, 1, 9, 1
481, 1, 879, 131, 398, 259, 1, 9, 1
482, 1, 877, 130, 399, 262, 1, 9, 1
483, 1, 881, 131, 395, 260, 1, 9, 1
484, 1, 879, 130, 398, 261, 1, 9, 1
485, 1, 881, 130, 397, 262, 1, 9, 1
486, 1, 882, 130, 394, 261, 1, 9, 1
487, 1, 882, 131, 396, 259, 1, 9, 1
488, 1, 881, 130, 396, 260, 1, 9, 1
489, 1, 884, 132, 389, 260, 1, 9, 1
490, 1, 883, 131, 394, 261, 1, 9, 1
491, 1, 882, 131, 398, 260, 1, 9, 1
492, 1, 880, 130, 399, 262, 1, 9, 1
493, 1, 881, 130, 401, 262, 1, 9, 1
494, 1, 881, 130, 398, 262, 1, 9, 1
495, 1, 883, 131, 397, 259, 1, 9, 1
496, 1, 883, 131, 398, 258, 1, 9, 1
497, 1, 886, 130, 396, 261, 1, 9, 1
498, 1, 885, 131, 397, 260, 1, 9, 1
499, 1, 885, 130, 397, 259, 1, 9, 1
500, 1, 883, 129, 397, 261, 1, 9, 1
501, 1, 881, 130, 400, 260, 1, 9, 1
502, 1, 881, 130, 399, 260, 1, 9, 1
503, 1, 882, 129, 400, 261, 1, 9, 1
504, 1, 883, 129, 397, 260, 1, 9, 1
505, 1, 884, 129, 397, 261, 1, 9, 1
506, 1, 883, 130, 396, 259, 1, 9, 1
507, 1, 885, 129, 397, 262, 1, 9, 1
508, 1, 881, 129, 399, 261, 1, 9, 1
509, 1, 881, 129, 402, 261, 1, 9, 1
510, 1, 886, 129, 397, 261, 1, 9, 1
511, 1, 884, 129, 399, 262, 1, 9, 1
512, 1, 883, 129, 399, 261, 1, 9, 1
513, 1, 887, 129, 394, 261, 1, 9, 1
514, 1, 884, 129, 400, 261, 1, 9, 1
515, 1, 885, 130, 399, 262, 1, 9, 1
516, 1, 885, 128, 397, 262, 1, 9, 1
517, 1, 887, 130, 396, 260, 1, 9, 1
518, 1, 885, 128, 397, 261, 1, 9, 1
519, 1, 887, 129, 395, 261, 1, 9, 1
520, 1, 884, 128, 398, 262, 1, 9, 1
521, 1, 886, 129, 398, 261, 1, 9, 1
522, 1, 884, 128, 398, 261, 1, 9, 1
523, 1, 887, 129, 397, 261, 1, 9, 1
524, 1, 882, 128, 401, 261, 1, 9, 1
525, 1, 887, 128, 395, 262, 1, 9, 1
526, 1, 884, 128, 400, 261, 1, 9, 1
527, 1, 886, 130, 399, 259, 1, 9, 1
528, 1, 883, 128, 401, 261, 1, 9, 1
529, 1, 886, 128, 398, 260, 1, 9, 1
530, 1, 883, 129, 401, 258, 1, 9, 1
531, 1, 885, 129, 399, 259, 1, 9, 1
532, 1, 884, 129, 399, 261, 1, 9, 1
533, 1, 887, 130, 398, 260, 1, 9, 1
534, 1, 886, 128, 397, 261, 1, 9, 1
535, 1, 885, 128, 400, 261, 1, 9, 1
536, 1, 885, 128, 399, 260, 1, 9, 1
537, 1, 887, 129, 399, 260, 1, 9, 1
538, 1, 885, 129, 398, 261, 1, 9, 1
539, 1, 887, 129, 397, 260, 1, 9, 1
540, 1, 883, 128, 400, 261, 1, 9, 1
541, 1, 887, 129, 398, 259, 1, 9, 1
542, 1, 888, 128, 397, 260, 1, 9, 1
543, 1, 889, 129, 395, 261, 1, 9, 1
544, 1, 887, 128, 399, 262, 1, 9, 1
545, 1, 886, 129, 400, 261, 1, 9, 1
546, 1, 886, 128, 400, 260, 1, 9, 1
547, 1, 887, 128, 398, 261, 1, 9, 1
548, 1, 887, 129, 397, 260, 1, 9, 1
549, 1, 888, 129, 397, 261, 1, 9, 1
550, 1, 886, 129, 398, 261, 1, 9, 1
551, 1, 891, 128, 395, 261, 1, 9, 1
552, 1, 890, 128, 395, 261, 1, 9, 1
553, 1, 892, 129, 391, 260, 1, 9, 1
554, 1, 889, 129, 397, 259, 1, 9, 1
555, 1, 890, 129, 393, 260, 1, 9, 1
556, 1, 889, 128, 398, 261, 1, 9, 1
557, 1, 891, 129, 395, 260, 1, 9, 1
558, 1, 890, 128, 394, 260, 1, 9, 1
559, 1, 891, 129, 394, 260, 1, 9, 1
560, 1, 888, 129, 396, 260, 1, 9, 1
561, 1, 892, 129, 392, 260, 1, 9, 1
562, 1, 891, 129, 394, 258, 1, 9, 1
563, 1, 889, 129, 392, 261, 1, 9, 1
564, 1, 890, 128, 394, 261, 1, 9, 1
565, 1, 890, 129, 395, 261, 1, 9, 1
566, 1, 888, 128, 396, 261, 1, 9, 1
567, 1, 889, 129, 394, 261, 1, 9, 1
568, 1, 890, 128, 390, 261, 1, 9, 1
569, 1, 889, 128, 394, 260, 1, 9, 1
570, 1, 889, 129, 394, 259, 1, 9, 1
571, 1, 888, 129, 397, 261, 1, 9, 1
572, 1, 887, 128, 398, 261, 1, 9, 1
573, 1, 887, 128, 398, 262, 1, 9, 1
574, 1, 889, 128, 396, 262, 1, 9, 1
575, 1, 887, 129, 397, 261, 1, 9, 1
576, 1, 887, 129, 394, 260, 1, 9, 1
577, 1, 888, 129, 396, 262, 1, 9, 1
578, 1, 888, 129, 395, 262, 1, 9, 1
579, 1, 887, 129, 399, 261, 1, 9, 1
580, 1, 888, 128, 396, 262, 1, 9, 1
581, 1, 889, 129, 396, 261, 1, 9, 1
582, 1, 889, 129, 396, 262, 1, 9, 1
583, 1, 887, 128, 398, 261, 1, 9, 1
584, 1, 888, 129, 393, 260, 1, 9, 1
585, 1, 887, 129, 397, 261, 1, 9, 1
586, 1, 887, 129, 397, 261, 1, 9, 1
587, 1, 887, 128, 395, 262, 1, 9, 1
588, 1, 887, 128, 396, 261, 1, 9, 1
589, 1, 887, 128, 396, 262, 1, 9, 1
590, 1, 885, 129, 397, 262, 1, 9, 1
591, 1, 887, 128, 396, 262, 1, 9, 1
592, 1, 886, 128, 396, 262, 1, 9, 1
593, 1, 885, 129, 396, 261, 1, 9, 1
594, 1, 886, 128, 397, 262, 1, 9, 1
595, 1, 886, 129, 396, 261, 1, 9, 1
596, 1, 885, 129, 396, 261, 1, 9, 1
597, 1, 885, 129, 396, 262, 1, 9, 1
598, 1, 885, 128, 393, 263, 1, 9, 1
599, 1, 885, 129, 396, 261, 1, 9, 1
600, 1, 886, 129, 397, 260, 1, 9, 1
601, 1, 881, 129, 399, 261, 1, 9, 1
602, 1, 882, 130, 397, 260, 1, 9, 1
603, 1, 881, 129, 397, 262, 1, 9, 1
604, 1, 881, 130, 397, 262, 1, 9, 1
605, 1, 882, 129, 396, 262, 1, 9, 1
606, 1, 881, 129, 397, 261, 1, 9, 1
607, 1, 881, 129, 396, 263, 1, 9, 1
608, 1, 881, 129, 395, 261, 1, 9, 1
609, 1, 882, 128, 393, 263, 1, 9, 1
610, 1, 880, 128, 397, 262, 1, 9, 1
611, 1, 881, 128, 394, 263, 1, 9, 1
612, 1, 880, 129, 394, 262, 1, 9, 1
613, 1, 879, 128, 395, 262, 1, 9, 1
614, 1, 880, 128, 395, 263, 1, 9, 1
615, 1, 879, 129, 395, 262, 1, 9, 1
616, 1, 880, 129, 394, 262, 1, 9, 1
617, 1, 879, 129, 395, 261, 1, 9, 1
618, 1, 879, 129, 396, 260, 1, 9, 1
619, 1, 878, 129, 397, 261, 1, 9, 1
620, 1, 879, 129, 395, 262, 1, 9, 1
621, 1, 878, 129, 395, 261, 1, 9, 1
622, 1, 878, 129, 398, 263, 1, 9, 1
623, 1, 877, 129, 396, 261, 1, 9, 1
624, 1, 877, 129, 396, 261, 1, 9, 1
625, 1, 877, 129, 396, 260, 1, 9, 1
626, 1, 876, 129, 396, 261, 1, 9, 1
627, 1, 875, 129, 397, 262, 1, 9, 1
628, 1, 876, 129, 395, 260, 1, 9, 1
629, 1, 876, 129, 397, 260, 1, 9, 1
630, 1, 875, 129, 396, 260, 1, 9, 1
631, 1, 876, 129, 395, 262, 1, 9, 1
632, 1, 874, 128, 395, 262, 1, 9, 1
633, 1, 876, 128, 396, 261, 1, 9, 1
634, 1, 874, 128, 397, 262, 1, 9, 1
635, 1, 876, 129, 395, 261, 1, 9, 1
636, 1, 873, 129, 398, 262, 1, 9, 1
637, 1, 874, 130, 395, 261, 1, 9, 1
638, 1, 874, 130, 396, 261, 1, 9, 1
639, 1, 874, 129, 397, 261, 1, 9, 1
640, 1, 872, 130, 393, 260, 1, 9, 1
641, 1, 874, 129, 396, 261, 1, 9, 1
642, 1, 872, 129, 394, 261, 1, 9, 1
643, 1, 874, 129, 394, 261, 1, 9, 1
644, 1, 872, 128, 395, 261, 1, 9, 1
645, 1, 872, 129, 397, 260, 1, 9, 1
646, 1, 872, 129, 395, 260, 1, 9, 1
647, 1, 874, 129, 396, 259, 1, 9, 1
648, 1, 872, 128, 392, 260, 1, 9, 1
649, 1, 872, 129, 397, 260, 1, 9, 1
650, 1, 872, 128, 394, 261, 1, 9, 1
651, 1, 871, 129, 394, 260, 1, 9, 1
652, 1, 870, 129, 396, 260, 1, 9, 1
653, 1, 871, 129, 396, 261, 1, 9, 1
654, 1, 870, 129, 395, 261, 1, 9, 1
655, 1, 872, 129, 396, 260, 1, 9, 1
656, 1, 871, 127, 395, 261, 1, 9, 1
657, 1, 872, 129, 394, 259, 1, 9, 1
658, 1, 869, 128, 396, 260, 1, 9, 1
659, 1, 872, 129, 394, 259, 1, 9, 1
660, 1, 871, 127, 393, 261, 1, 9, 1
661, 1, 872, 129, 396, 260, 1, 9, 1
662, 1, 871, 128, 395, 260, 1, 9, 1
663, 1, 872, 129, 395, 259, 1, 9, 1
664, 1, 871, 128, 394, 260, 1, 9, 1
665, 1, 872, 128, 396, 260, 1, 9, 1
666, 1, 870, 127, 396, 260, 1, 9, 1
667, 1, 872, 129, 390, 259, 1, 9, 1
668, 1, 871, 128, 394, 260, 1, 9, 1
669, 1, 872, 129, 396, 260, 1, 9, 1
670, 1, 870, 128, 396, 260, 1, 9, 1
671, 1, 872, 128, 395, 260, 1, 9, 1
672, 1, 871, 128, 397, 260, 1, 9, 1
673, 1, 872, 128, 397, 261, 1, 9, 1
674, 1, 869, 128, 398, 260, 1, 9, 1
675, 1, 872, 128, 397, 261, 1, 9, 1
676, 1, 872, 128, 394, 262, 1, 9, 1
677, 1, 872, 129, 395, 261, 1, 9, 1
678, 1, 871, 128, 396, 261, 1, 9, 1
679, 1, 873, 128, 394, 260, 1, 9, 1
680, 1, 872, 128, 398, 260, 1, 9, 1
681, 1, 872, 128, 395, 260, 1, 9, 1
682, 1, 872, 128, 397, 260, 1, 9, 1
683, 1, 873, 128, 393, 260, 1, 9, 1
684, 1, 874, 128, 393, 260, 1, 9, 1
685, 1, 874, 128, 392, 261, 1, 9, 1
686, 1, 873, 128, 395, 259, 1, 9, 1
687, 1, 874, 128, 392, 260, 1, 9, 1
688, 1, 874, 128, 393, 260, 1, 9, 1
689, 1, 873, 128, 396, 260, 1, 9, 1
690, 1, 876, 127, 390, 261, 1, 9, 1
691, 1, 875, 127, 394, 261, 1, 9, 1
692, 1, 874, 127, 395, 261, 1, 9, 1
693, 1, 874, 128, 394, 260, 1, 9, 1
694, 1, 874, 128, 396, 261, 1, 9, 1
695, 1, 874, 128, 394, 259, 1, 9, 1
696, 1, 876, 127, 392, 260, 1, 9, 1
697, 1, 876, 128, 394, 260, 1, 9, 1
698, 1, 876, 128, 394, 260, 1, 9, 1
699, 1, 878, 128, 391, 260, 1, 9, 1
700, 1, 876, 128, 394, 260, 1, 9, 1
701, 1, 879, 126, 393, 261, 1, 9, 1
702, 1, 879, 126, 393, 260, 1, 9, 1
703, 1, 880, 126, 394, 260, 1, 9, 1
704, 1, 878, 126, 397, 261, 1, 9, 1
705, 1, 880, 127, 395, 260, 1, 9, 1
706, 1, 880, 127, 396, 259, 1, 9, 1
707, 1, 880, 126, 397, 260, 1, 9, 1
708, 1, 880, 127, 396, 260, 1, 9, 1
709, 1, 882, 127, 394, 260, 1, 9, 1
710, 1, 881, 126, 396, 260, 1, 9, 1
711, 1, 882, 126, 395, 260, 1, 9, 1
712, 1, 881, 127, 396, 260, 1, 9, 1
713, 1, 882, 127, 396, 260, 1, 9, 1
714, 1, 881, 127, 396, 259, 1, 9, 1
715, 1, 882, 127, 396, 260, 1, 9, 1
716, 1, 884, 127, 394, 261, 1, 9, 1
717, 1, 883, 127, 393, 260, 1, 9, 1
718, 1, 882, 126, 397, 262, 1, 9, 1
719, 1, 884, 127, 397, 260, 1, 9, 1
720, 1, 883, 127, 396, 262, 1, 9, 1
721, 1, 882, 127, 397, 262, 1, 9, 1
722, 1, 883, 128, 399, 261, 1, 9, 1
723, 1, 884, 127, 397, 261, 1, 9, 1
724, 1, 886, 127, 394, 261, 1, 9, 1
725, 1, 884, 127, 397, 261, 1, 9, 1
726, 1, 886, 127, 396, 261, 1, 9, 1
727, 1, 884, 127, 396, 261, 1, 9, 1
728, 1, 886, 127, 395, 261, 1, 9, 1
729, 1, 887, 127, 395, 260, 1, 9, 1
730, 1, 888, 127, 394, 261, 1, 9, 1
731, 1, 888, 127, 392, 262, 1, 9, 1
732, 1, 889, 127, 394, 262, 1, 9, 1
733, 1, 887, 127, 396, 261, 1, 9, 1
734, 1, 889, 127, 396, 262, 1, 9, 1
735, 1, 889, 127, 395, 261, 1, 9, 1
736, 1, 890, 127, 395, 261, 1, 9, 1
737, 1, 889, 127, 397, 260, 1, 9, 1
738, 1, 890, 127, 396, 261, 1, 9, 1
739, 1, 890, 128, 394, 260, 1, 9, 1
740, 1, 891, 128, 395, 260, 1, 9, 1
741, 1, 891, 127, 394, 260, 1, 9, 1
742, 1, 891, 127, 395, 260, 1, 9, 1
743, 1, 892, 127, 394, 260, 1, 9, 1
744, 1, 891, 128, 395, 259, 1, 9, 1
745, 1, 892, 127, 394, 261, 1, 9, 1
746, 1, 891, 127, 397, 261, 1, 9, 1
747, 1, 893, 127, 395, 261, 1, 9, 1
748, 1, 893, 127, 395, 260, 1, 9, 1
749, 1, 893, 127, 395, 261, 1, 9, 1
750, 1, 892, 127, 396, 260, 1, 9, 1
95, 2, 1505, 9, 114, 148, 1, 5, 1
96, 2, 1499, 9, 114, 148, 1, 5, 1
97, 2, 1495, 12, 122, 146, 1, 5, 1
98, 2, 1489, 12, 127, 148, 1, 5, 1
99, 2, 1486, 13, 131, 146, 1, 5, 1
100, 2, 1480, 10, 138, 149, 1, 5, 1
101, 2, 1474, 10, 143, 147, 1, 5, 1
102, 2, 1471, 11, 146, 148, 1, 5, 1
103, 2, 1465, 8, 153, 152, 1, 5, 1
104, 2, 1462, 9, 155, 152, 1, 5, 1
105, 2, 1454, 8, 164, 152, 1, 5, 1
106, 2, 1447, 9, 170, 156, 1, 5, 1
107, 2, 1445, 8, 173, 156, 1, 5, 1
108, 2, 1442, 7, 176, 157, 1, 5, 1
109, 2, 1439, 6, 179, 155, 1, 5, 1
110, 2, 1435, 6, 183, 155, 1, 5, 1
111, 2, 1429, 5, 190, 160, 1, 5, 1
112, 2, 1425, 4, 193, 165, 1, 5, 1
113, 2, 1419, 6, 199, 156, 1, 5, 1
114, 2, 1414, 4, 203, 158, 1, 5, 1
115, 2, 1410, 5, 208, 159, 1, 5, 1
116, 2, 1407, 5, 210, 159, 1, 5, 1
117, 2, 1403, 5, 214, 157, 1, 5, 1
118, 2, 1399, 4, 218, 160, 1, 5, 1
119, 2, 1396, 5, 220, 162, 1, 5, 1
120, 2, 1390, 3, 226, 163, 1, 5, 1
121, 2, 1385, 5, 231, 166, 1, 5, 1
122, 2, 1380, 4, 236, 166, 1, 5, 1
123, 2, 1379, 2, 236, 171, 1, 5, 1
124, 2, 1372, 2, 243, 172, 1, 5, 1
125, 2, 1368, 2, 246, 171, 1, 5, 1
126, 2, 1369, 2, 246, 170, 1, 5, 1
127, 2, 1371, 2, 245, 169, 1, 5, 1
128, 2, 1370, 2, 245, 166, 1, 5, 1
129, 2, 1366, 2, 250, 168, 1, 5, 1
130, 2, 1361, 3, 254, 168, 1, 5, 1
131, 2, 1361, 3, 255, 175, 1, 5, 1
132, 2, 1356, 1, 258, 172, 1, 5, 1
133, 2, 1347, 3, 269, 168, 1, 5, 1
134, 2, 1346, 3, 270, 170, 1, 5, 1
135, 2, 1344, 1, 272, 165, 1, 5, 1
136, 2, 1352, 3, 264, 162, 1, 5, 1
137, 2, 1331, 1, 284, 162, 1, 5, 1
138, 2, 1335, 4, 282, 176, 1, 5, 1
139, 2, 1330, 4, 287, 178, 1, 5, 1
140, 2, 1333, 2, 284, 175, 1, 5, 1
141, 2, 1316, 1, 299, 169, 1, 5, 1
142, 2, 1325, 4, 291, 180, 1, 5, 1
143, 2, 1315, 3, 302, 183, 1, 5, 1
144, 2, 1312, 2, 306, 186, 1, 5, 1
145, 2, 1312, 1, 304, 173, 1, 5, 1
146, 2, 1305, 1, 312, 174, 1, 5, 1
147, 2, 1305, 3, 313, 182, 1, 5, 1
148, 2, 1300, 3, 316, 184, 1, 5, 1
149, 2, 1306, 2, 311, 182, 1, 5, 1
150, 2, 1283, 3, 332, 164, 1, 5, 1
151, 2, 1295, 2, 322, 175, 1, 5, 1
152, 2, 1287, 4, 330, 179, 1, 5, 1
153, 2, 1286, 5, 331, 177, 1, 5, 1
154, 2, 1275, 2, 342, 170, 1, 5, 1
155, 2, 1281, 3, 336, 171, 1, 5, 1
156, 2, 1276, 3, 340, 180, 1, 5, 1
157, 2, 1278, 4, 339, 176, 1, 5, 1
158, 2, 1267, 2, 349, 169, 1, 5, 1
159, 2, 1268, 2, 349, 173, 1, 5, 1
160, 2, 1266, 4, 351, 181, 1, 5, 1
161, 2, 1263, 4, 355, 182, 1, 5, 1
162, 2, 1255, 3, 362, 171, 1, 5, 1
163, 2, 1251, 3, 364, 169, 1, 5, 1
164, 2, 1251, 2, 364, 174, 1, 5, 1
165, 2, 1250, 4, 367, 177, 1, 5, 1
166, 2, 1247, 3, 369, 177, 1, 5, 1
167, 2, 1244, 2, 371, 176, 1, 5, 1
168, 2, 1245, 4, 370, 178, 1, 5, 1
169, 2, 1240, 4, 376, 179, 1, 5, 1
170, 2, 1238, 6, 377, 172, 1, 5, 1
171, 2, 1233, 2, 383, 178, 1, 5, 1
172, 2, 1232, 4, 385, 181, 1, 5, 1
173, 2, 1232, 6, 384, 180, 1, 5, 1
174, 2, 1232, 3, 385, 175, 1, 5, 1
175, 2, 1225, 4, 389, 169, 1, 5, 1
176, 2, 1229, 4, 386, 179, 1, 5, 1
177, 2, 1225, 4, 389, 179, 1, 5, 1
178, 2, 1226, 3, 388, 175, 1, 5, 1
179, 2, 1218, 4, 395, 171, 1, 5, 1
180, 2, 1219, 4, 395, 178, 1, 5, 1
181, 2, 1214, 6, 398, 183, 1, 5, 1
182, 2, 1216, 7, 398, 182, 1, 5, 1
183, 2, 1218, 4, 392, 178, 1, 5, 1
184, 2, 1219, 4, 394, 180, 1, 5, 1
185, 2, 1213, 4, 397, 179, 1, 5, 1
186, 2, 1217, 3, 396, 181, 1, 5, 1
187, 2, 1211, 3, 403, 170, 1, 5, 1
188, 2, 1212, 3, 399, 170, 1, 5, 1
189, 2, 1206, 5, 407, 176, 1, 5, 1
190, 2, 1213, 7, 402, 182, 1, 5, 1
191, 2, 1205, 7, 409, 179, 1, 5, 1
192, 2, 1205, 4, 405, 176, 1, 5, 1
193, 2, 1208, 4, 405, 178, 1, 5, 1
194, 2, 1209, 7, 407, 179, 1, 5, 1
195, 2, 1205, 4, 401, 175, 1, 5, 1
196, 2, 1202, 3, 404, 175, 1, 5, 1
197, 2, 1206, 4, 403, 177, 1, 5, 1
198, 2, 1206, 8, 407, 179, 1, 5, 1
199, 2, 1208, 6, 407, 177, 1, 5, 1
200, 2, 1204, 2, 404, 178, 1, 5, 1
201, 2, 1207, 5, 405, 179, 1, 5, 1
202, 2, 1205, 5, 411, 185, 1, 5, 1
203, 2, 1206, 8, 410, 186, 1, 5, 1
204, 2, 1204, 3, 412, 187, 1, 5, 1
205, 2, 1204, 4, 408, 189, 1, 5, 1
206, 2, 1208, 6, 406, 188, 1, 5, 1
207, 2, 1212, 9, 402, 187, 1, 5, 1
208, 2, 1210, 5, 405, 189, 1, 5, 1
209, 2, 1212, 3, 400, 185, 1, 5, 1
210, 2, 1215, 2, 399, 188, 1, 5, 1
211, 2, 1213, 9, 401, 185, 1, 5, 1
212, 2, 1213, 10, 401, 183, 1, 5, 1
213, 2, 1215, 3, 398, 185, 1, 5, 1
214, 2, 1216, 2, 399, 186, 1, 5, 1
215, 2, 1216, 4, 400, 188, 1, 5, 1
216, 2, 1217, 8, 398, 181, 1, 5, 1
217, 2, 1219, 3, 396, 180, 1, 5, 1
218, 2, 1220, 3, 395, 180, 1, 5, 1
219, 2, 1220, 5, 394, 186, 1, 5, 1
220, 2, 1219, 9, 398, 183, 1, 5, 1
221, 2, 1220, 5, 396, 180, 1, 5, 1
222, 2, 1219, 4, 394, 180, 1, 5, 1
223, 2, 1222, 9, 393, 180, 1, 5, 1
224, 2, 1226, 6, 389, 182, 1, 5, 1
225, 2, 1226, 5, 385, 180, 1, 5, 1
226, 2, 1221, 3, 388, 180, 1, 5, 1
227, 2, 1226, 4, 387, 180, 1, 5, 1
228, 2, 1225, 9, 389, 179, 1, 5, 1
229, 2, 1227, 7, 388, 181, 1, 5, 1
230, 2, 1224, 5, 389, 178, 1, 5, 1
231, 2, 1225, 7, 389, 180, 1, 5, 1
232, 2, 1228, 8, 386, 182, 1, 5, 1
233, 2, 1230, 5, 385, 184, 1, 5, 1
234, 2, 1229, 2, 384, 181, 1, 5, 1
235, 2, 1229, 3, 386, 182, 1, 5, 1
236, 2, 1229, 4, 385, 183, 1, 5, 1
237, 2, 1229, 4, 384, 185, 1, 5, 1
238, 2, 1231, 4, 383, 179, 1, 5, 1
239, 2, 1229, 3, 386, 182, 1, 5, 1
240, 2, 1232, 4, 382, 184, 1, 5, 1
241, 2, 1233, 4, 381, 184, 1, 5, 1
242, 2, 1233, 3, 382, 183, 1, 5, 1
243, 2, 1232, 2, 381, 179, 1, 5, 1
244, 2, 1233, 2, 382, 185, 1, 5, 1
245, 2, 1234, 4, 381, 185, 1, 5, 1
246, 2, 1236, 3, 379, 182, 1, 5, 1
247, 2, 1235, 1, 379, 180, 1, 5, 1
248, 2, 1235, 2, 379, 184, 1, 5, 1
249, 2, 1238, 3, 378, 183, 1, 5, 1
250, 2, 1239, 1, 376, 181, 1, 5, 1
251, 2, 1231, 2, 383, 175, 1, 5, 1
252, 2, 1235, 2, 382, 180, 1, 5, 1
253, 2, 1236, 7, 380, 180, 1, 5, 1
254, 2, 1239, 5, 377, 180, 1, 5, 1
255, 2, 1236, 1, 380, 179, 1, 5, 1
256, 2, 1236, 1, 379, 178, 1, 5, 1
257, 2, 1235, 2, 381, 179, 1, 5, 1
258, 2, 1239, 4, 378, 179, 1, 5, 1
259, 2, 1237, 2, 380, 180, 1, 5, 1
260, 2, 1237, 2, 380, 180, 1, 5, 1
261, 2, 1239, 3, 378, 182, 1, 5, 1
262, 2, 1241, 2, 375, 180, 1, 5, 1
263, 2, 1238, 1, 379, 181, 1, 5, 1
264, 2, 1237, 1, 378, 181, 1, 5, 1
265, 2, 1241, 2, 375, 178, 1, 5, 1
266, 2, 1240, 2, 377, 178, 1, 5, 1
267, 2, 1239, 1, 377, 181, 1, 5, 1
268, 2, 1237, 1, 379, 182, 1, 5, 1
269, 2, 1240, 2, 377, 181, 1, 5, 1
270, 2, 1238, 2, 380, 182, 1, 5, 1
271, 2, 1244, 2, 373, 179, 1, 5, 1
272, 2, 1238, 1, 379, 181, 1, 5, 1
273, 2, 1241, 1, 374, 180, 1, 5, 1
274, 2, 1243, 2, 374, 181, 1, 5, 1
275, 2, 1243, 2, 375, 181, 1, 5, 1
276, 2, 1242, 2, 375, 180, 1, 5, 1
277, 2, 1243, 1, 374, 182, 1, 5, 1
278, 2, 1243, 1, 373, 181, 1, 5, 1
279, 2, 1245, 2, 372, 181, 1, 5, 1
280, 2, 1245, 1, 372, 181, 1, 5, 1
281, 2, 1242, 1, 376, 178, 1, 5, 1
282, 2, 1242, 1, 375, 180, 1, 5, 1
283, 2, 1245, 2, 372, 184, 1, 5, 1
284, 2, 1246, 2, 372, 183, 1, 5, 1
285, 2, 1243, 1, 375, 178, 1, 5, 1
286, 2, 1244, 1, 374, 180, 1, 5, 1
287, 2, 1246, 2, 372, 183, 1, 5, 1
288, 2, 1247, 2, 370, 183, 1, 5, 1
289, 2, 1244, 1, 373, 181, 1, 5, 1
290, 2, 1244, 1, 373, 180, 1, 5, 1
291, 2, 1247, 2, 372, 183, 1, 5, 1
292, 2, 1247, 2, 371, 181, 1, 5, 1
293, 2, 1247, 1, 370, 181, 1, 5, 1
294, 2, 1246, 1, 371, 179, 1, 5, 1
295, 2, 1248, 2, 370, 180, 1, 5, 1
296, 2, 1248, 3, 369, 182, 1, 5, 1
297, 2, 1248, 3, 370, 182, 1, 5, 1
298, 2, 1246, 2, 371, 181, 1, 5, 1
299, 2, 1249, 3, 368, 180, 1, 5, 1
300, 2, 1248, 2, 369, 182, 1, 5, 1
301, 2, 1251, 1, 366, 182, 1, 5, 1
302, 2, 1248, 1, 369, 181, 1, 5, 1
303, 2, 1250, 1, 367, 182, 1, 5, 1
304, 2, 1249, 2, 368, 180, 1, 5, 1
305, 2, 1251, 2, 366, 180, 1, 5, 1
306, 2, 1250, 1, 366, 180, 1, 5, 1
307, 2, 1251, 1, 366, 181, 1, 5, 1
308, 2, 1249, 1, 367, 182, 1, 5, 1
309, 2, 1251, 1, 367, 182, 1, 5, 1
310, 2, 1250, 1, 366, 181, 1, 5, 1
311, 2, 1251, 1, 366, 181, 1, 5, 1
312, 2, 1250, 1, 366, 181, 1, 5, 1
313, 2, 1251, 1, 367, 182, 1, 5, 1
314, 2, 1251, 1, 366, 180, 1, 5, 1
315, 2, 1251, 1, 366, 181, 1, 5, 1
316, 2, 1251, 1, 365, 181, 1, 5, 1
317, 2, 1253, 1, 365, 181, 1, 5, 1
318, 2, 1252, 1, 366, 181, 1, 5, 1
319, 2, 1250, 1, 367, 179, 1, 5, 1
320, 2, 1252, 1, 365, 179, 1, 5, 1
321, 2, 1253, 1, 364, 183, 1, 5, 1
322, 2, 1252, 1, 366, 184, 1, 5, 1
323, 2, 1252, 1, 366, 181, 1, 5, 1
324, 2, 1251, 1, 366, 181, 1, 5, 1
325, 2, 1251, 1, 366, 181, 1, 5, 1
326, 2, 1251, 1, 367, 181, 1, 5, 1
327, 2, 1250, 1, 368, 182, 1, 5, 1
328, 2, 1250, 1, 368, 182, 1, 5, 1
329, 2, 1254, 3, 364, 182, 1, 5, 1
330, 2, 1254, 3, 363, 184, 1, 5, 1
331, 2, 1253, 1, 364, 182, 1, 5, 1
332, 2, 1252, 1, 366, 180, 1, 5, 1
333, 2, 1252, 1, 366, 181, 1, 5, 1
334, 2, 1253, 1, 365, 182, 1, 5, 1
335, 2, 1251, 1, 366, 182, 1, 5, 1
336, 2, 1251, 2, 367, 180, 1, 5, 1
337, 2, 1253, 2, 365, 183, 1, 5, 1
338, 2, 1253, 3, 365, 182, 1, 5, 1
339, 2, 1252, 1, 365, 180, 1, 5, 1
340, 2, 1252, 1, 366, 180, 1, 5, 1
341, 2, 1253, 1, 365, 181, 1, 5, 1
342, 2, 1253, 2, 365, 182, 1, 5, 1
343, 2, 1253, 2, 365, 182, 1, 5, 1
344, 2, 1252, 1, 367, 180, 1, 5, 1
345, 2, 1252, 1, 366, 181, 1, 5, 1
346, 2, 1252, 2, 365, 182, 1, 5, 1
347, 2, 1254, 5, 364, 182, 1, 5, 1
348, 2, 1252, 1, 366, 181, 1, 5, 1
349, 2, 1252, 1, 366, 180, 1, 5, 1
350, 2, 1251, 1, 367, 182, 1, 5, 1
351, 2, 1257, 4, 362, 181, 1, 5, 1
352, 2, 1255, 2, 363, 183, 1, 5, 1
353, 2, 1254, 2, 365, 181, 1, 5, 1
354, 2, 1255, 3, 364, 182, 1, 5, 1
355, 2, 1258, 4, 360, 181, 1, 5, 1
356, 2, 1252, 3, 365, 181, 1, 5, 1
357, 2, 1256, 3, 362, 182, 1, 5, 1
358, 2, 1253, 2, 364, 183, 1, 5, 1
359, 2, 1257, 4, 361, 182, 1, 5, 1
360, 2, 1252, 2, 366, 183, 1, 5, 1
361, 2, 1256, 2, 363, 180, 1, 5, 1
362, 2, 1252, 2, 366, 182, 1, 5, 1
363, 2, 1257, 4, 361, 181, 1, 5, 1
364, 2, 1255, 4, 362, 181, 1, 5, 1
365, 2, 1253, 3, 364, 181, 1, 5, 1
366, 2, 1252, 2, 364, 183, 1, 5, 1
367, 2, 1256, 4, 361, 181, 1, 5, 1
368, 2, 1254, 4, 364, 181, 1, 5, 1
369, 2, 1254, 2, 363, 181, 1, 5, 1
370, 2, 1252, 2, 366, 182, 1, 5, 1
371, 2, 1253, 3, 364, 183, 1, 5, 1
372, 2, 1253, 3, 365, 183, 1, 5, 1
373, 2, 1255, 3, 362, 184, 1, 5, 1
374, 2, 1253, 3, 365, 183, 1, 5, 1
375, 2, 1253, 3, 364, 182, 1, 5, 1
376, 2, 1252, 3, 366, 183, 1, 5, 1
377, 2, 1253, 3, 364, 184, 1, 5, 1
378, 2, 1254, 2, 364, 183, 1, 5, 1
379, 2, 1255, 2, 363, 181, 1, 5, 1
380, 2, 1253, 3, 364, 183, 1, 5, 1
381, 2, 1255, 3, 362, 184, 1, 5, 1
382, 2, 1253, 2, 364, 183, 1, 5, 1
383, 2, 1253, 1, 364, 180, 1, 5, 1
384, 2, 1251, 1, 366, 180, 1, 5, 1
385, 2, 1254, 2, 364, 183, 1, 5, 1
386, 2, 1253, 4, 363, 183, 1, 5, 1
387, 2, 1254, 5, 363, 183, 1, 5, 1
388, 2, 1253, 3, 365, 183, 1, 5, 1
389, 2, 1255, 3, 363, 184, 1, 5, 1
390, 2, 1253, 2, 364, 183, 1, 5, 1
391, 2, 1255, 2, 363, 179, 1, 5, 1
392, 2, 1254, 2, 364, 181, 1, 5, 1
393, 2, 1254, 2, 364, 181, 1, 5, 1
394, 2, 1253, 2, 364, 181, 1, 5, 1
395, 2, 1252, 2, 366, 184, 1, 5, 1
396, 2, 1252, 2, 365, 184, 1, 5, 1
397, 2, 1253, 2, 364, 183, 1, 5, 1
398, 2, 1252, 2, 365, 182, 1, 5, 1
399, 2, 1253, 3, 365, 184, 1, 5, 1
400, 2, 1252, 1, 365, 181, 1, 5, 1
401, 2, 1252, 1, 363, 182, 1, 5, 1
402, 2, 1253, 2, 362, 181, 1, 5, 1
403, 2, 1252, 2, 364, 182, 1, 5, 1
404, 2, 1252, 2, 364, 182, 1, 5, 1
405, 2, 1252, 2, 363, 180, 1, 5, 1
406, 2, 1251, 2, 365, 179, 1, 5, 1
407, 2, 1251, 3, 364, 181, 1, 5, 1
408, 2, 1251, 3, 365, 181, 1, 5, 1
409, 2, 1252, 7, 364, 179, 1, 5, 1
410, 2, 1252, 2, 363, 183, 1, 5, 1
411, 2, 1252, 2, 364, 182, 1, 5, 1
412, 2, 1251, 2, 365, 183, 1, 5, 1
413, 2, 1251, 2, 364, 182, 1, 5, 1
414, 2, 1250, 3, 366, 182, 1, 5, 1
415, 2, 1252, 3, 364, 182, 1, 5, 1
416, 2, 1250, 2, 366, 182, 1, 5, 1
417, 2, 1250, 1, 365, 182, 1, 5, 1
418, 2, 1253, 4, 363, 181, 1, 5, 1
419, 2, 1251, 2, 363, 182, 1, 5, 1
420, 2, 1250, 1, 366, 184, 1, 5, 1
421, 2, 1250, 2, 364, 183, 1, 5, 1
422, 2, 1253, 3, 363, 182, 1, 5, 1
423, 2, 1250, 1, 364, 183, 1, 5, 1
424, 2, 1249, 1, 366, 180, 1, 5, 1
425, 2, 1249, 1, 362, 181, 1, 5, 1
426, 2, 1251, 2, 365, 182, 1, 5, 1
427, 2, 1252, 3, 363, 183, 1, 5, 1
428, 2, 1251, 1, 365, 183, 1, 5, 1
429, 2, 1249, 1, 365, 183, 1, 5, 1
430, 2, 1251, 1, 365, 183, 1, 5, 1
431, 2, 1251, 2, 363, 181, 1, 5, 1
432, 2, 1251, 2, 363, 182, 1, 5, 1
433, 2, 1248, 1, 366, 180, 1, 5, 1
434, 2, 1250, 1, 364, 182, 1, 5, 1
435, 2, 1250, 2, 364, 182, 1, 5, 1
436, 2, 1251, 1, 365, 183, 1, 5, 1
437, 2, 1250, 1, 365, 183, 1, 5, 1
438, 2, 1251, 2, 364, 183, 1, 5, 1
439, 2, 1250, 2, 365, 184, 1, 5, 1
440, 2, 1251, 2, 364, 183, 1, 5, 1
441, 2, 1249, 1, 366, 182, 1, 5, 1
442, 2, 1248, 1, 366, 182, 1, 5, 1
443, 2, 1249, 2, 367, 181, 1, 5, 1
444, 2, 1250, 3, 365, 180, 1, 5, 1
445, 2, 1251, 2, 365, 184, 1, 5, 1
446, 2, 1251, 2, 365, 184, 1, 5, 1
447, 2, 1250, 2, 365, 183, 1, 5, 1
448, 2, 1250, 2, 364, 182, 1, 5, 1
449, 2, 1250, 2, 366, 183, 1, 5, 1
450, 2, 1250, 1, 365, 184, 1, 5, 1
451, 2, 1249, 2, 368, 184, 1, 5, 1
452, 2, 1247, 1, 370, 182, 1, 5, 1
453, 2, 1250, 1, 366, 182, 1, 5, 1
454, 2, 1248, 1, 369, 181, 1, 5, 1
455, 2, 1249, 2, 367, 182, 1, 5, 1
456, 2, 1248, 2, 369, 181, 1, 5, 1
457, 2, 1250, 1, 366, 181, 1, 5, 1
458, 2, 1246, 1, 371, 181, 1, 5, 1
459, 2, 1250, 2, 366, 182, 1, 5, 1
460, 2, 1250, 2, 366, 183, 1, 5, 1
461, 2, 1249, 2, 368, 184, 1, 5, 1
462, 2, 1248, 2, 367, 182, 1, 5, 1
463, 2, 1252, 3, 364, 183, 1, 5, 1
464, 2, 1248, 2, 367, 181, 1, 5, 1
465, 2, 1250, 3, 366, 182, 1, 5, 1
466, 2, 1250, 1, 366, 181, 1, 5, 1
467, 2, 1249, 2, 367, 179, 1, 5, 1
468, 2, 1249, 2, 367, 182, 1, 5, 1
469, 2, 1251, 6, 365, 181, 1, 5, 1
470, 2, 1248, 2, 367, 185, 1, 5, 1
471, 2, 1251, 2, 364, 183, 1, 5, 1
472, 2, 1250, 1, 366, 182, 1, 5, 1
473, 2, 1252, 2, 365, 182, 1, 5, 1
474, 2, 1249, 1, 367, 182, 1, 5, 1
475, 2, 1250, 1, 366, 182, 1, 5, 1
476, 2, 1248, 2, 368, 183, 1, 5, 1
477, 2, 1251, 6, 364, 180, 1, 5, 1
478, 2, 1250, 2, 366, 183, 1, 5, 1
479, 2, 1251, 2, 365, 181, 1, 5, 1
480, 2, 1250, 2, 366, 182, 1, 5, 1
481, 2, 1251, 2, 364, 181, 1, 5, 1
482, 2, 1251, 2, 365, 183, 1, 5, 1
483, 2, 1252, 2, 363, 181, 1, 5, 1
484, 2, 1251, 2, 365, 182, 1, 5, 1
485, 2, 1252, 2, 365, 182, 1, 5, 1
486, 2, 1250, 2, 366, 182, 1, 5, 1
487, 2, 1251, 2, 365, 182, 1, 5, 1
488, 2, 1250, 2, 366, 181, 1, 5, 1
489, 2, 1251, 4, 365, 180, 1, 5, 1
490, 2, 1251, 2, 365, 182, 1, 5, 1
491, 2, 1252, 3, 365, 182, 1, 5, 1
492, 2, 1251, 2, 366, 182, 1, 5, 1
493, 2, 1252, 2, 364, 183, 1, 5, 1
494, 2, 1253, 2, 364, 182, 1, 5, 1
495, 2, 1251, 2, 366, 183, 1, 5, 1
496, 2, 1253, 2, 364, 182, 1, 5, 1
497, 2, 1251, 3, 365, 180, 1, 5, 1
498, 2, 1252, 2, 366, 182, 1, 5, 1
499, 2, 1253, 2, 363, 181, 1, 5, 1
500, 2, 1252, 2, 366, 182, 1, 5, 1
501, 2, 1252, 2, 366, 183, 1, 5, 1
502, 2, 1251, 2, 367, 184, 1, 5, 1
503, 2, 1252, 2, 365, 185, 1, 5, 1
504, 2, 1251, 2, 366, 184, 1, 5, 1
505, 2, 1253, 2, 364, 181, 1, 5, 1
506, 2, 1251, 2, 365, 181, 1, 5, 1
507, 2, 1252, 2, 366, 181, 1, 5, 1
508, 2, 1250, 2, 368, 182, 1, 5, 1
509, 2, 1252, 2, 366, 182, 1, 5, 1
510, 2, 1252, 2, 364, 182, 1, 5, 1
511, 2, 1251, 2, 366, 182, 1, 5, 1
512, 2, 1250, 2, 367, 180, 1, 5, 1
513, 2, 1252, 2, 365, 180, 1, 5, 1
514, 2, 1251, 2, 366, 181, 1, 5, 1
515, 2, 1252, 2, 366, 181, 1, 5, 1
516, 2, 1250, 2, 366, 180, 1, 5, 1
517, 2, 1251, 2, 364, 180, 1, 5, 1
518, 2, 1251, 2, 366, 180, 1, 5, 1
519, 2, 1253, 2, 365, 180, 1, 5, 1
520, 2, 1250, 2, 366, 180, 1, 5, 1
521, 2, 1251, 2, 367, 179, 1, 5, 1
522, 2, 1250, 2, 368, 180, 1, 5, 1
523, 2, 1253, 2, 365, 180, 1, 5, 1
524, 2, 1250, 2, 366, 179, 1, 5, 1
525, 2, 1253, 1, 365, 180, 1, 5, 1
526, 2, 1252, 1, 365, 180, 1, 5, 1
527, 2, 1254, 2, 363, 181, 1, 5, 1
528, 2, 1252, 2, 365, 179, 1, 5, 1
529, 2, 1254, 2, 362, 178, 1, 5, 1
530, 2, 1250, 1, 368, 181, 1, 5, 1
531, 2, 1253, 2, 365, 179, 1, 5, 1
532, 2, 1252, 1, 367, 182, 1, 5, 1
533, 2, 1254, 2, 364, 180, 1, 5, 1
534, 2, 1253, 1, 363, 180, 1, 5, 1
535, 2, 1255, 2, 363, 178, 1, 5, 1
536, 2, 1255, 1, 362, 179, 1, 5, 1
537, 2, 1253, 2, 365, 180, 1, 5, 1
538, 2, 1253, 1, 365, 181, 1, 5, 1
539, 2, 1254, 2, 363, 179, 1, 5, 1
540, 2, 1253, 1, 365, 179, 1, 5, 1
541, 2, 1254, 2, 362, 179, 1, 5, 1
542, 2, 1253, 2, 365, 180, 1, 5, 1
543, 2, 1254, 2, 364, 179, 1, 5, 1
544, 2, 1254, 2, 363, 180, 1, 5, 1
545, 2, 1255, 2, 363, 179, 1, 5, 1
546, 2, 1255, 1, 362, 180, 1, 5, 1
547, 2, 1254, 1, 363, 181, 1, 5, 1
548, 2, 1255, 1, 362, 181, 1, 5, 1
549, 2, 1254, 1, 364, 180, 1, 5, 1
550, 2, 1254, 1, 364, 181, 1, 5, 1
551, 2, 1255, 2, 364, 179, 1, 5, 1
552, 2, 1253, 1, 364, 179, 1, 5, 1
553, 2, 1253, 2, 364, 180, 1, 5, 1
554, 2, 1253, 1, 361, 180, 1, 5, 1
555, 2, 1254, 1, 363, 181, 1, 5, 1
556, 2, 1253, 1, 365, 180, 1, 5, 1
557, 2, 1255, 2, 363, 179, 1, 5, 1
558, 2, 1255, 1, 362, 179, 1, 5, 1
559, 2, 1254, 1, 363, 181, 1, 5, 1
560, 2, 1255, 1, 363, 182, 1, 5, 1
561, 2, 1253, 1, 364, 181, 1, 5, 1
562, 2, 1254, 1, 364, 180, 1, 5, 1
563, 2, 1254, 2, 364, 180, 1, 5, 1
564, 2, 1254, 1, 364, 180, 1, 5, 1
565, 2, 1254, 2, 364, 180, 1, 5, 1
566, 2, 1255, 1, 362, 180, 1, 5, 1
567, 2, 1254, 1, 364, 180, 1, 5, 1
568, 2, 1254, 1, 364, 180, 1, 5, 1
569, 2, 1254, 2, 363, 180, 1, 5, 1
570, 2, 1255, 2, 361, 181, 1, 5, 1
571, 2, 1255, 1, 360, 181, 1, 5, 1
572, 2, 1254, 2, 363, 180, 1, 5, 1
573, 2, 1255, 1, 362, 181, 1, 5, 1
574, 2, 1256, 2, 362, 179, 1, 5, 1
575, 2, 1252, 1, 366, 180, 1, 5, 1
576, 2, 1253, 1, 364, 180, 1, 5, 1
577, 2, 1255, 1, 363, 181, 1, 5, 1
578, 2, 1255, 2, 362, 181, 1, 5, 1
579, 2, 1254, 1, 363, 181, 1, 5, 1
580, 2, 1254, 1, 363, 181, 1, 5, 1
581, 2, 1252, 1, 366, 180, 1, 5, 1
582, 2, 1254, 2, 364, 180, 1, 5, 1
583, 2, 1253, 2, 366, 180, 1, 5, 1
584, 2, 1252, 2, 365, 180, 1, 5, 1
585, 2, 1252, 1, 366, 181, 1, 5, 1
586, 2, 1252, 2, 367, 181, 1, 5, 1
587, 2, 1253, 1, 365, 181, 1, 5, 1
588, 2, 1252, 1, 366, 181, 1, 5, 1
589, 2, 1253, 2, 365, 180, 1, 5, 1
590, 2, 1254, 2, 364, 180, 1, 5, 1
591, 2, 1254, 2, 364, 180, 1, 5, 1
592, 2, 1252, 1, 365, 180, 1, 5, 1
593, 2, 1253, 2, 364, 181, 1, 5, 1
594, 2, 1254, 2, 364, 180, 1, 5, 1
595, 2, 1254, 2, 363, 181, 1, 5, 1
596, 2, 1253, 1, 365, 181, 1, 5, 1
597, 2, 1254, 1, 364, 182, 1, 5, 1
598, 2, 1253, 2, 364, 181, 1, 5, 1
599, 2, 1253, 1, 365, 181, 1, 5, 1
600, 2, 1253, 1, 365, 180, 1, 5, 1
601, 2, 1252, 3, 365, 182, 1, 5, 1
602, 2, 1253, 3, 364, 182, 1, 5, 1
603, 2, 1251, 3, 367, 182, 1, 5, 1
604, 2, 1252, 2, 366, 184, 1, 5, 1
605, 2, 1252, 3, 365, 182, 1, 5, 1
606, 2, 1251, 2, 367, 183, 1, 5, 1
607, 2, 1251, 3, 365, 184, 1, 5, 1
608, 2, 1252, 3, 365, 183, 1, 5, 1
609, 2, 1252, 2, 366, 182, 1, 5, 1
610, 2, 1250, 2, 366, 183, 1, 5, 1
611, 2, 1251, 2, 366, 183, 1, 5, 1
612, 2, 1252, 3, 364, 182, 1, 5, 1
613, 2, 1252, 3, 364, 183, 1, 5, 1
614, 2, 1251, 3, 365, 182, 1, 5, 1
615, 2, 1252, 3, 365, 183, 1, 5, 1
616, 2, 1251, 2, 367, 183, 1, 5, 1
617, 2, 1251, 2, 365, 182, 1, 5, 1
618, 2, 1252, 3, 364, 181, 1, 5, 1
619, 2, 1251, 3, 367, 182, 1, 5, 1
620, 2, 1250, 3, 368, 182, 1, 5, 1
621, 2, 1251, 3, 365, 182, 1, 5, 1
622, 2, 1250, 3, 367, 183, 1, 5, 1
623, 2, 1250, 4, 366, 181, 1, 5, 1
624, 2, 1250, 3, 366, 182, 1, 5, 1
625, 2, 1252, 2, 365, 183, 1, 5, 1
626, 2, 1251, 3, 365, 182, 1, 5, 1
627, 2, 1249, 2, 368, 182, 1, 5, 1
628, 2, 1248, 2, 368, 181, 1, 5, 1
629, 2, 1251, 2, 366, 181, 1, 5, 1
630, 2, 1248, 3, 368, 180, 1, 5, 1
631, 2, 1249, 3, 367, 183, 1, 5, 1
632, 2, 1249, 2, 367, 181, 1, 5, 1
633, 2, 1248, 1, 369, 181, 1, 5, 1
634, 2, 1248, 1, 368, 183, 1, 5, 1
635, 2, 1250, 2, 367, 182, 1, 5, 1
636, 2, 1246, 2, 371, 181, 1, 5, 1
637, 2, 1247, 2, 369, 182, 1, 5, 1
638, 2, 1246, 1, 370, 183, 1, 5, 1
639, 2, 1247, 2, 369, 182, 1, 5, 1
640, 2, 1245, 2, 371, 182, 1, 5, 1
641, 2, 1247, 2, 368, 182, 1, 5, 1
642, 2, 1244, 2, 371, 180, 1, 5, 1
643, 2, 1246, 2, 370, 181, 1, 5, 1
644, 2, 1244, 2, 371, 181, 1, 5, 1
645, 2, 1247, 2, 370, 182, 1, 5, 1
646, 2, 1244, 1, 371, 183, 1, 5, 1
647, 2, 1245, 1, 371, 182, 1, 5, 1
648, 2, 1242, 1, 373, 180, 1, 5, 1
649, 2, 1245, 2, 371, 182, 1, 5, 1
650, 2, 1243, 1, 373, 181, 1, 5, 1
651, 2, 1245, 1, 373, 183, 1, 5, 1
652, 2, 1240, 1, 376, 182, 1, 5, 1
653, 2, 1245, 1, 373, 183, 1, 5, 1
654, 2, 1241, 2, 375, 181, 1, 5, 1
655, 2, 1243, 1, 374, 183, 1, 5, 1
656, 2, 1239, 1, 378, 182, 1, 5, 1
657, 2, 1243, 1, 374, 183, 1, 5, 1
658, 2, 1241, 1, 375, 182, 1, 5, 1
659, 2, 1244, 1, 372, 184, 1, 5, 1
660, 2, 1239, 1, 377, 182, 1, 5, 1
661, 2, 1243, 1, 373, 183, 1, 5, 1
662, 2, 1240, 1, 377, 181, 1, 5, 1
663, 2, 1244, 1, 373, 183, 1, 5, 1
664, 2, 1239, 1, 378, 182, 1, 5, 1
665, 2, 1243, 1, 374, 182, 1, 5, 1
666, 2, 1238, 1, 379, 180, 1, 5, 1
667, 2, 1243, 1, 374, 182, 1, 5, 1
668, 2, 1240, 2, 376, 181, 1, 5, 1
669, 2, 1242, 1, 374, 183, 1, 5, 1
670, 2, 1239, 1, 377, 182, 1, 5, 1
671, 2, 1242, 1, 374, 182, 1, 5, 1
672, 2, 1240, 1, 376, 181, 1, 5, 1
673, 2, 1243, 1, 374, 182, 1, 5, 1
674, 2, 1243, 1, 373, 180, 1, 5, 1
675, 2, 1242, 1, 375, 181, 1, 5, 1
676, 2, 1241, 1, 375, 181, 1, 5, 1
677, 2, 1243, 1, 374, 181, 1, 5, 1
678, 2, 1241, 1, 375, 181, 1, 5, 1
679, 2, 1243, 2, 373, 181, 1, 5, 1
680, 2, 1242, 1, 375, 182, 1, 5, 1
681, 2, 1244, 1, 373, 182, 1, 5, 1
682, 2, 1244, 1, 372, 181, 1, 5, 1
683, 2, 1244, 1, 373, 181, 1, 5, 1
684, 2, 1243, 1, 373, 181, 1, 5, 1
685, 2, 1244, 1, 373, 181, 1, 5, 1
686, 2, 1245, 1, 372, 182, 1, 5, 1
687, 2, 1244, 1, 372, 181, 1, 5, 1
688, 2, 1245, 1, 371, 182, 1, 5, 1
689, 2, 1245, 2, 372, 180, 1, 5, 1
690, 2, 1244, 2, 372, 180, 1, 5, 1
691, 2, 1246, 2, 371, 181, 1, 5, 1
692, 2, 1247, 2, 370, 180, 1, 5, 1
693, 2, 1246, 1, 370, 181, 1, 5, 1
694, 2, 1247, 2, 369, 182, 1, 5, 1
695, 2, 1245, 1, 373, 181, 1, 5, 1
696, 2, 1245, 1, 373, 182, 1, 5, 1
697, 2, 1247, 1, 371, 181, 1, 5, 1
698, 2, 1245, 1, 373, 182, 1, 5, 1
699, 2, 1247, 1, 370, 182, 1, 5, 1
700, 2, 1247, 1, 370, 182, 1, 5, 1
701, 2, 1245, 2, 373, 181, 1, 5, 1
702, 2, 1246, 2, 371, 181, 1, 5, 1
703, 2, 1245, 2, 372, 179, 1, 5, 1
704, 2, 1245, 2, 373, 181, 1, 5, 1
705, 2, 1246, 3, 371, 180, 1, 5, 1
706, 2, 1245, 2, 371, 181, 1, 5, 1
707, 2, 1246, 2, 371, 181, 1, 5, 1
708, 2, 1247, 3, 371, 180, 1, 5, 1
709, 2, 1247, 3, 370, 181, 1, 5, 1
710, 2, 1247, 2, 369, 180, 1, 5, 1
711, 2, 1247, 3, 370, 180, 1, 5, 1
712, 2, 1247, 3, 370, 180, 1, 5, 1
713, 2, 1248, 3, 370, 181, 1, 5, 1
714, 2, 1248, 3, 370, 181, 1, 5, 1
715, 2, 1248, 4, 370, 181, 1, 5, 1
716, 2, 1248, 4, 369, 181, 1, 5, 1
717, 2, 1248, 4, 369, 180, 1, 5, 1
718, 2, 1249, 4, 368, 180, 1, 5, 1
719, 2, 1248, 4, 370, 180, 1, 5, 1
720, 2, 1248, 4, 370, 179, 1, 5, 1
721, 2, 1248, 3, 369, 180, 1, 5, 1
722, 2, 1249, 4, 368, 181, 1, 5, 1
723, 2, 1248, 4, 370, 181, 1, 5, 1
724, 2, 1250, 4, 368, 180, 1, 5, 1
725, 2, 1250, 3, 367, 182, 1, 5, 1
726, 2, 1251, 6, 367, 179, 1, 5, 1
727, 2, 1250, 4, 367, 179, 1, 5, 1
728, 2, 1250, 4, 368, 179, 1, 5, 1
729, 2, 1249, 4, 369, 180, 1, 5, 1
730, 2, 1251, 5, 366, 178, 1, 5, 1
731, 2, 1250, 4, 368, 180, 1, 5, 1
732, 2, 1253, 4, 365, 179, 1, 5, 1
733, 2, 1252, 4, 365, 179, 1, 5, 1
734, 2, 1254, 5, 364, 179, 1, 5, 1
735, 2, 1253, 4, 364, 180, 1, 5, 1
736, 2, 1255, 5, 362, 178, 1, 5, 1
737, 2, 1253, 4, 364, 178, 1, 5, 1
738, 2, 1255, 5, 362, 180, 1, 5, 1
739, 2, 1253, 5, 365, 178, 1, 5, 1
740, 2, 1257, 6, 361, 179, 1, 5, 1
741, 2, 1254, 4, 364, 180, 1, 5, 1
742, 2, 1256, 5, 362, 179, 1, 5, 1
743, 2, 1256, 5, 362, 179, 1, 5, 1
744, 2, 1256, 5, 363, 179, 1, 5, 1
745, 2, 1256, 5, 362, 178, 1, 5, 1
746, 2, 1257, 5, 360, 177, 1, 5, 1
747, 2, 1257, 5, 361, 178, 1, 5, 1
748, 2, 1258, 5, 360, 179, 1, 5, 1
749, 2, 1257, 6, 361, 177, 1, 5, 1
750, 2, 1260, 6, 358, 177, 1, 5, 1