1, 1, 3, 355, 616, 301, 1, 9, 1
2, 1, 3, 356, 621, 298, 1, 9, 1
3, 1, 9, 354, 618, 305, 1, 9, 1
4, 1, 6, 354, 623, 304, 1, 9, 1
5, 1, 2, 355, 625, 307, 1, 9, 1
6, 1, 2, 354, 627, 304, 1, 9, 1
7, 1, 2, 352, 629, 304, 1, 9, 1
8, 1, 1, 352, 630, 303, 1, 9, 1
9, 1, 3, 355, 632, 309, 1, 9, 1
10, 1, 3, 354, 636, 300, 1, 9, 1
11, 1, 10, 353, 639, 304, 1, 9, 1
12, 1, 6, 352, 647, 304, 1, 9, 1
13, 1, 3, 353, 651, 304, 1, 9, 1
14, 1, 3, 353, 653, 301, 1, 9, 1
15, 1, 5, 354, 652, 302, 1, 9, 1
16, 1, 9, 355, 651, 302, 1, 9, 1
17, 1, 8, 353, 652, 300, 1, 9, 1
18, 1, 6, 354, 654, 299, 1, 9, 1
19, 1, 5, 352, 659, 302, 1, 9, 1
20, 1, 8, 354, 657, 301, 1, 9, 1
21, 1, 5, 355, 664, 299, 1, 9, 1
22, 1, 5, 355, 669, 300, 1, 9, 1
23, 1, 5, 355, 669, 303, 1, 9, 1
24, 1, 3, 356, 671, 300, 1, 9, 1
25, 1, 5, 357, 674, 300, 1, 9, 1
26, 1, 5, 360, 677, 298, 1, 9, 1
27, 1, 4, 357, 678, 300, 1, 9, 1
28, 1, 4, 357, 683, 300, 1, 9, 1
29, 1, 11, 359, 683, 298, 1, 9, 1
30, 1, 10, 361, 690, 298, 1, 9, 1
31, 1, 8, 361, 692, 298, 1, 9, 1
32, 1, 8, 362, 694, 298, 1, 9, 1
33, 1, 10, 363, 698, 297, 1, 9, 1
34, 1, 9, 363, 702, 298, 1, 9, 1
35, 1, 14, 364, 700, 297, 1, 9, 1
36, 1, 14, 365, 701, 298, 1, 9, 1
37, 1, 13, 364, 704, 300, 1, 9, 1
38, 1, 18, 365, 700, 301, 1, 9, 1
39, 1, 17, 365, 706, 302, 1, 9, 1
40, 1, 22, 366, 699, 302, 1, 9, 1
41, 1, 24, 368, 698, 301, 1, 9, 1
42, 1, 29, 368, 697, 300, 1, 9, 1
43, 1, 32, 368, 696, 300, 1, 9, 1
44, 1, 40, 369, 689, 301, 1, 9, 1
45, 1, 38, 370, 694, 297, 1, 9, 1
46, 1, 40, 372, 696, 297, 1, 9, 1
47, 1, 49, 372, 687, 298, 1, 9, 1
48, 1, 43, 372, 698, 297, 1, 9, 1
49, 1, 46, 373, 699, 297, 1, 9, 1
50, 1, 49, 373, 701, 298, 1, 9, 1
51, 1, 55, 373, 688, 297, 1, 9, 1
52, 1, 56, 374, 683, 298, 1, 9, 1
53, 1, 70, 375, 683, 294, 1, 9, 1
54, 1, 66, 377, 693, 294, 1, 9, 1
55, 1, 68, 377, 697, 292, 1, 9, 1
56, 1, 72, 378, 695, 290, 1, 9, 1
57, 1, 70, 380, 699, 286, 1, 9, 1
58, 1, 80, 380, 691, 288, 1, 9, 1
59, 1, 78, 379, 694, 294, 1, 9, 1
60, 1, 84, 380, 686, 295, 1, 9, 1
61, 1, 86, 380, 690, 296, 1, 9, 1
62, 1, 91, 382, 688, 294, 1, 9, 1
63, 1, 89, 382, 691, 294, 1, 9, 1
64, 1, 94, 382, 687, 293, 1, 9, 1
65, 1, 96, 382, 689, 295, 1, 9, 1
66, 1, 102, 383, 691, 292, 1, 9, 1
67, 1, 94, 384, 701, 297, 1, 9, 1
68, 1, 98, 385, 697, 299, 1, 9, 1
69, 1, 99, 384, 696, 300, 1, 9, 1
70, 1, 111, 383, 684, 300, 1, 9, 1
71, 1, 105, 385, 693, 294, 1, 9, 1
72, 1, 108, 387, 695, 294, 1, 9, 1
73, 1, 115, 388, 690, 293, 1, 9, 1
74, 1, 121, 389, 684, 296, 1, 9, 1
75, 1, 120, 389, 689, 294, 1, 9, 1
76, 1, 115, 390, 695, 294, 1, 9, 1
77, 1, 132, 392, 677, 296, 1, 9, 1
78, 1, 123, 392, 687, 296, 1, 9, 1
79, 1, 127, 393, 683, 295, 1, 9, 1
80, 1, 135, 394, 678, 293, 1, 9, 1
81, 1, 138, 395, 677, 296, 1, 9, 1
82, 1, 140, 395, 678, 297, 1, 9, 1
83, 1, 141, 394, 675, 299, 1, 9, 1
84, 1, 142, 396, 678, 300, 1, 9, 1
85, 1, 144, 396, 674, 300, 1, 9, 1
86, 1, 147, 396, 675, 298, 1, 9, 1
87, 1, 146, 397, 676, 297, 1, 9, 1
88, 1, 152, 397, 671, 302, 1, 9, 1
89, 1, 154, 398, 672, 299, 1, 9, 1
90, 1, 165, 398, 661, 298, 1, 9, 1
91, 1, 156, 397, 672, 299, 1, 9, 1
92, 1, 158, 399, 671, 299, 1, 9, 1
93, 1, 169, 399, 661, 300, 1, 9, 1
94, 1, 172, 399, 658, 300, 1, 9, 1
95, 1, 173, 400, 662, 299, 1, 9, 1
96, 1, 174, 401, 667, 298, 1, 9, 1
97, 1, 177, 400, 665, 298, 1, 9, 1
98, 1, 174, 400, 668, 297, 1, 9, 1
99, 1, 182, 400, 662, 297, 1, 9, 1
100, 1, 183, 400, 664, 301, 1, 9, 1
101, 1, 178, 398, 672, 298, 1, 9, 1
102, 1, 186, 397, 665, 296, 1, 9, 1
103, 1, 179, 397, 672, 297, 1, 9, 1
104, 1, 184, 396, 668, 298, 1, 9, 1
105, 1, 185, 398, 671, 298, 1, 9, 1
106, 1, 176, 398, 679, 298, 1, 9, 1
107, 1, 182, 396, 674, 295, 1, 9, 1
108, 1, 188, 396, 669, 297, 1, 9, 1
109, 1, 185, 397, 677, 296, 1, 9, 1
110, 1, 187, 398, 678, 294, 1, 9, 1
111, 1, 189, 398, 675, 292, 1, 9, 1
112, 1, 188, 397, 677, 296, 1, 9, 1
113, 1, 192, 399, 675, 292, 1, 9, 1
114, 1, 193, 398, 673, 290, 1, 9, 1
115, 1, 192, 397, 672, 292, 1, 9, 1
116, 1, 187, 398, 680, 290, 1, 9, 1
117, 1, 196, 395, 673, 292, 1, 9, 1
118, 1, 196, 395, 675, 291, 1, 9, 1
119, 1, 200, 395, 675, 284, 1, 9, 1
120, 1, 199, 394, 678, 284, 1, 9, 1
121, 1, 199, 393, 676, 292, 1, 9, 1
122, 1, 199, 394, 676, 291, 1, 9, 1
123, 1, 197, 392, 683, 292, 1, 9, 1
124, 1, 196, 390, 685, 295, 1, 9, 1
125, 1, 199, 389, 683, 291, 1, 9, 1
126, 1, 200, 389, 683, 290, 1, 9, 1
127, 1, 197, 389, 689, 292, 1, 9, 1
128, 1, 204, 388, 685, 288, 1, 9, 1
129, 1, 195, 389, 694, 291, 1, 9, 1
130, 1, 204, 389, 687, 291, 1, 9, 1
131, 1, 204, 388, 691, 292, 1, 9, 1
132, 1, 210, 387, 689, 293, 1, 9, 1
133, 1, 209, 385, 686, 293, 1, 9, 1
134, 1, 208, 385, 693, 292, 1, 9, 1
135, 1, 215, 385, 684, 291, 1, 9, 1
136, 1, 222, 385, 679, 290, 1, 9, 1
137, 1, 216, 383, 694, 291, 1, 9, 1
138, 1, 232, 382, 682, 294, 1, 9, 1
139, 1, 231, 382, 683, 294, 1, 9, 1
140, 1, 242, 380, 674, 295, 1, 9, 1
141, 1, 233, 380, 685, 295, 1, 9, 1
142, 1, 242, 379, 680, 295, 1, 9, 1
143, 1, 244, 379, 682, 295, 1, 9, 1
144, 1, 251, 377, 676, 296, 1, 9, 1
145, 1, 239, 376, 689, 294, 1, 9, 1
146, 1, 257, 374, 673, 293, 1, 9, 1
147, 1, 252, 375, 683, 290, 1, 9, 1
148, 1, 260, 375, 675, 292, 1, 9, 1
149, 1, 257, 373, 680, 292, 1, 9, 1
150, 1, 251, 372, 690, 293, 1, 9, 1
151, 1, 259, 372, 681, 290, 1, 9, 1
152, 1, 264, 372, 678, 290, 1, 9, 1
153, 1, 265, 371, 682, 292, 1, 9, 1
154, 1, 272, 370, 676, 292, 1, 9, 1
155, 1, 264, 369, 691, 293, 1, 9, 1
156, 1, 279, 368, 676, 292, 1, 9, 1
157, 1, 268, 366, 689, 292, 1, 9, 1
158, 1, 277, 367, 682, 291, 1, 9, 1
159, 1, 276, 367, 687, 288, 1, 9, 1
160, 1, 277, 366, 692, 290, 1, 9, 1
161, 1, 276, 365, 692, 289, 1, 9, 1
162, 1, 269, 363, 704, 292, 1, 9, 1
163, 1, 285, 363, 676, 291, 1, 9, 1
164, 1, 290, 364, 685, 289, 1, 9, 1
165, 1, 293, 362, 682, 289, 1, 9, 1
166, 1, 289, 360, 691, 290, 1, 9, 1
167, 1, 299, 359, 683, 290, 1, 9, 1
168, 1, 303, 359, 683, 291, 1, 9, 1
169, 1, 300, 359, 687, 291, 1, 9, 1
170, 1, 305, 359, 683, 291, 1, 9, 1
171, 1, 306, 359, 679, 291, 1, 9, 1
172, 1, 304, 359, 689, 292, 1, 9, 1
173, 1, 309, 356, 685, 293, 1, 9, 1
174, 1, 313, 357, 684, 290, 1, 9, 1
175, 1, 320, 358, 683, 289, 1, 9, 1
176, 1, 319, 354, 684, 293, 1, 9, 1
177, 1, 329, 354, 679, 294, 1, 9, 1
178, 1, 324, 353, 685, 296, 1, 9, 1
179, 1, 321, 356, 688, 291, 1, 9, 1
180, 1, 329, 356, 683, 291, 1, 9, 1
181, 1, 329, 356, 684, 290, 1, 9, 1
182, 1, 332, 355, 684, 293, 1, 9, 1
183, 1, 327, 355, 693, 291, 1, 9, 1
184, 1, 343, 351, 680, 295, 1, 9, 1
185, 1, 341, 353, 687, 292, 1, 9, 1
186, 1, 339, 353, 688, 294, 1, 9, 1
187, 1, 349, 354, 679, 291, 1, 9, 1
188, 1, 352, 351, 679, 292, 1, 9, 1
189, 1, 357, 351, 676, 296, 1, 9, 1
190, 1, 358, 350, 673, 296, 1, 9, 1
191, 1, 363, 352, 675, 292, 1, 9, 1
192, 1, 363, 351, 677, 293, 1, 9, 1
193, 1, 364, 351, 680, 295, 1, 9, 1
194, 1, 363, 350, 683, 293, 1, 9, 1
195, 1, 377, 352, 670, 292, 1, 9, 1
196, 1, 372, 351, 676, 292, 1, 9, 1
197, 1, 374, 350, 677, 296, 1, 9, 1
198, 1, 376, 350, 677, 294, 1, 9, 1
199, 1, 380, 350, 675, 295, 1, 9, 1
200, 1, 379, 349, 678, 294, 1, 9, 1
201, 1, 386, 348, 673, 298, 1, 9, 1
202, 1, 388, 348, 673, 299, 1, 9, 1
203, 1, 386, 351, 677, 293, 1, 9, 1
204, 1, 387, 352, 677, 292, 1, 9, 1
205, 1, 397, 352, 669, 292, 1, 9, 1
206, 1, 399, 354, 671, 294, 1, 9, 1
207, 1, 393, 352, 677, 293, 1, 9, 1
208, 1, 396, 352, 676, 290, 1, 9, 1
209, 1, 401, 353, 671, 291, 1, 9, 1
210, 1, 400, 355, 672, 289, 1, 9, 1
211, 1, 405, 355, 668, 289, 1, 9, 1
212, 1, 403, 355, 669, 290, 1, 9, 1
213, 1, 403, 355, 669, 291, 1, 9, 1
214, 1, 407, 355, 670, 292, 1, 9, 1
215, 1, 405, 356, 672, 292, 1, 9, 1
216, 1, 407, 356, 673, 292, 1, 9, 1
217, 1, 411, 357, 670, 291, 1, 9, 1
218, 1, 408, 357, 672, 293, 1, 9, 1
219, 1, 411, 357, 671, 290, 1, 9, 1
220, 1, 413, 357, 671, 290, 1, 9, 1
221, 1, 408, 358, 677, 291, 1, 9, 1
222, 1, 410, 359, 680, 291, 1, 9, 1
223, 1, 414, 361, 677, 288, 1, 9, 1
224, 1, 415, 360, 675, 290, 1, 9, 1
225, 1, 415, 360, 679, 289, 1, 9, 1
226, 1, 422, 362, 672, 289, 1, 9, 1
227, 1, 418, 362, 676, 287, 1, 9, 1
228, 1, 422, 364, 673, 288, 1, 9, 1
229, 1, 422, 363, 674, 288, 1, 9, 1
230, 1, 428, 363, 669, 291, 1, 9, 1
231, 1, 422, 363, 675, 291, 1, 9, 1
232, 1, 422, 365, 681, 291, 1, 9, 1
233, 1, 420, 367, 677, 289, 1, 9, 1
234, 1, 428, 367, 673, 292, 1, 9, 1
235, 1, 423, 367, 675, 291, 1, 9, 1
236, 1, 426, 368, 664, 292, 1, 9, 1
237, 1, 422, 369, 678, 292, 1, 9, 1
238, 1, 423, 369, 680, 292, 1, 9, 1
239, 1, 433, 370, 674, 294, 1, 9, 1
240, 1, 432, 369, 678, 295, 1, 9, 1
241, 1, 431, 372, 678, 294, 1, 9, 1
242, 1, 440, 371, 671, 299, 1, 9, 1
243, 1, 434, 371, 681, 297, 1, 9, 1
244, 1, 446, 372, 667, 297, 1, 9, 1
245, 1, 445, 372, 669, 298, 1, 9, 1
246, 1, 452, 374, 670, 298, 1, 9, 1
247, 1, 446, 374, 675, 300, 1, 9, 1
248, 1, 450, 375, 666, 299, 1, 9, 1
249, 1, 453, 376, 674, 302, 1, 9, 1
250, 1, 457, 377, 672, 297, 1, 9, 1
251, 1, 464, 377, 668, 303, 1, 9, 1
252, 1, 458, 377, 676, 301, 1, 9, 1
253, 1, 465, 377, 668, 299, 1, 9, 1
254, 1, 465, 377, 668, 300, 1, 9, 1
255, 1, 462, 379, 673, 302, 1, 9, 1
256, 1, 459, 379, 678, 303, 1, 9, 1
257, 1, 455, 378, 684, 306, 1, 9, 1
258, 1, 456, 379, 685, 304, 1, 9, 1
259, 1, 460, 379, 682, 302, 1, 9, 1
260, 1, 459, 379, 686, 300, 1, 9, 1
261, 1, 462, 379, 686, 304, 1, 9, 1
262, 1, 460, 381, 688, 303, 1, 9, 1
263, 1, 468, 379, 683, 303, 1, 9, 1
264, 1, 470, 380, 682, 305, 1, 9, 1
265, 1, 475, 381, 674, 307, 1, 9, 1
266, 1, 480, 380, 671, 304, 1, 9, 1
267, 1, 466, 380, 685, 308, 1, 9, 1
268, 1, 467, 381, 687, 305, 1, 9, 1
269, 1, 480, 381, 677, 304, 1, 9, 1
270, 1, 476, 381, 683, 302, 1, 9, 1
271, 1, 478, 381, 684, 304, 1, 9, 1
272, 1, 479, 381, 684, 303, 1, 9, 1
273, 1, 475, 381, 688, 303, 1, 9, 1
274, 1, 482, 381, 683, 305, 1, 9, 1
275, 1, 484, 382, 686, 305, 1, 9, 1
276, 1, 488, 382, 685, 301, 1, 9, 1
277, 1, 491, 381, 683, 303, 1, 9, 1
278, 1, 491, 382, 686, 298, 1, 9, 1
279, 1, 502, 381, 676, 301, 1, 9, 1
280, 1, 494, 380, 685, 296, 1, 9, 1
281, 1, 499, 381, 678, 301, 1, 9, 1
282, 1, 502, 380, 679, 297, 1, 9, 1
283, 1, 503, 381, 679, 302, 1, 9, 1
284, 1, 508, 382, 674, 305, 1, 9, 1
285, 1, 515, 382, 667, 300, 1, 9, 1
286, 1, 513, 382, 673, 300, 1, 9, 1
287, 1, 519, 381, 667, 298, 1, 9, 1
288, 1, 531, 381, 662, 296, 1, 9, 1
289, 1, 530, 380, 661, 301, 1, 9, 1
290, 1, 528, 380, 664, 296, 1, 9, 1
291, 1, 532, 380, 663, 296, 1, 9, 1
292, 1, 525, 381, 674, 294, 1, 9, 1
293, 1, 523, 380, 676, 298, 1, 9, 1
294, 1, 531, 378, 670, 294, 1, 9, 1
295, 1, 537, 378, 664, 297, 1, 9, 1
296, 1, 529, 379, 675, 292, 1, 9, 1
297, 1, 528, 378, 679, 292, 1, 9, 1
298, 1, 538, 378, 669, 288, 1, 9, 1
299, 1, 540, 377, 667, 286, 1, 9, 1
300, 1, 546, 376, 659, 285, 1, 9, 1
301, 1, 546, 377, 670, 288, 1, 9, 1
302, 1, 544, 376, 674, 293, 1, 9, 1
303, 1, 542, 376, 677, 294, 1, 9, 1
304, 1, 547, 375, 672, 295, 1, 9, 1
305, 1, 549, 375, 667, 293, 1, 9, 1
306, 1, 550, 374, 667, 292, 1, 9, 1
307, 1, 549, 372, 668, 294, 1, 9, 1
308, 1, 553, 372, 671, 294, 1, 9, 1
309, 1, 553, 370, 672, 279, 1, 9, 1
310, 1, 555, 368, 669, 284, 1, 9, 1
311, 1, 552, 369, 676, 281, 1, 9, 1
312, 1, 553, 368, 674, 290, 1, 9, 1
313, 1, 559, 366, 666, 281, 1, 9, 1
314, 1, 564, 366, 666, 280, 1, 9, 1
315, 1, 559, 364, 667, 288, 1, 9, 1
316, 1, 558, 363, 677, 288, 1, 9, 1
317, 1, 561, 363, 675, 284, 1, 9, 1
318, 1, 561, 362, 676, 283, 1, 9, 1
319, 1, 571, 361, 666, 282, 1, 9, 1
320, 1, 572, 360, 668, 277, 1, 9, 1
321, 1, 575, 360, 668, 284, 1, 9, 1
322, 1, 575, 360, 669, 279, 1, 9, 1
323, 1, 576, 359, 668, 276, 1, 9, 1
324, 1, 581, 356, 665, 284, 1, 9, 1
325, 1, 580, 355, 672, 280, 1, 9, 1
326, 1, 579, 356, 674, 281, 1, 9, 1
327, 1, 587, 353, 665, 280, 1, 9, 1
328, 1, 584, 353, 667, 281, 1, 9, 1
329, 1, 582, 352, 674, 279, 1, 9, 1
330, 1, 586, 351, 671, 275, 1, 9, 1
331, 1, 585, 348, 678, 280, 1, 9, 1
332, 1, 584, 348, 678, 278, 1, 9, 1
333, 1, 597, 344, 669, 261, 1, 9, 1
334, 1, 595, 346, 675, 272, 1, 9, 1
335, 1, 600, 344, 669, 269, 1, 9, 1
336, 1, 599, 343, 673, 278, 1, 9, 1
337, 1, 607, 341, 666, 279, 1, 9, 1
338, 1, 604, 341, 672, 285, 1, 9, 1
339, 1, 615, 339, 666, 278, 1, 9, 1
340, 1, 612, 336, 671, 277, 1, 9, 1
341, 1, 609, 334, 676, 280, 1, 9, 1
342, 1, 623, 334, 661, 281, 1, 9, 1
343, 1, 619, 333, 665, 275, 1, 9, 1
344, 1, 618, 332, 670, 276, 1, 9, 1
345, 1, 622, 332, 669, 276, 1, 9, 1
346, 1, 623, 332, 672, 264, 1, 9, 1
347, 1, 624, 329, 667, 274, 1, 9, 1
348, 1, 625, 329, 667, 265, 1, 9, 1
349, 1, 627, 328, 666, 266, 1, 9, 1
350, 1, 629, 327, 668, 264, 1, 9, 1
351, 1, 632, 325, 666, 275, 1, 9, 1
352, 1, 633, 323, 668, 274, 1, 9, 1
353, 1, 634, 322, 671, 277, 1, 9, 1
354, 1, 631, 323, 676, 275, 1, 9, 1
355, 1, 639, 321, 673, 275, 1, 9, 1
356, 1, 640, 323, 674, 268, 1, 9, 1
357, 1, 643, 319, 667, 280, 1, 9, 1
358, 1, 648, 319, 660, 280, 1, 9, 1
359, 1, 647, 319, 668, 268, 1, 9, 1
360, 1, 649, 320, 665, 265, 1, 9, 1
361, 1, 651, 321, 662, 264, 1, 9, 1
362, 1, 651, 320, 670, 263, 1, 9, 1
363, 1, 649, 318, 672, 267, 1, 9, 1
364, 1, 650, 319, 672, 265, 1, 9, 1
365, 1, 649, 318, 675, 264, 1, 9, 1
366, 1, 650, 317, 675, 268, 1, 9, 1
367, 1, 652, 316, 677, 268, 1, 9, 1
368, 1, 653, 313, 676, 269, 1, 9, 1
369, 1, 654, 314, 678, 266, 1, 9, 1
370, 1, 654, 313, 678, 268, 1, 9, 1
371, 1, 657, 312, 675, 269, 1, 9, 1
372, 1, 654, 312, 679, 269, 1, 9, 1
373, 1, 653, 312, 674, 270, 1, 9, 1
374, 1, 654, 311, 681, 269, 1, 9, 1
375, 1, 661, 311, 668, 269, 1, 9, 1
376, 1, 658, 310, 676, 270, 1, 9, 1
377, 1, 676, 311, 658, 267, 1, 9, 1
378, 1, 669, 311, 664, 267, 1, 9, 1
379, 1, 673, 309, 662, 268, 1, 9, 1
380, 1, 674, 309, 659, 269, 1, 9, 1
381, 1, 677, 308, 659, 270, 1, 9, 1
382, 1, 679, 309, 658, 269, 1, 9, 1
383, 1, 676, 306, 669, 272, 1, 9, 1
384, 1, 682, 307, 666, 271, 1, 9, 1
385, 1, 680, 309, 670, 269, 1, 9, 1
386, 1, 684, 308, 668, 270, 1, 9, 1
387, 1, 691, 307, 662, 271, 1, 9, 1
388, 1, 695, 307, 663, 271, 1, 9, 1
389, 1, 686, 306, 676, 276, 1, 9, 1
390, 1, 682, 304, 680, 276, 1, 9, 1
391, 1, 699, 304, 661, 276, 1, 9, 1
392, 1, 698, 305, 667, 277, 1, 9, 1
393, 1, 705, 303, 663, 278, 1, 9, 1
394, 1, 704, 304, 667, 280, 1, 9, 1
395, 1, 704, 306, 665, 278, 1, 9, 1
396, 1, 706, 306, 668, 278, 1, 9, 1
397, 1, 710, 304, 661, 278, 1, 9, 1
398, 1, 716, 303, 661, 279, 1, 9, 1
399, 1, 721, 304, 653, 282, 1, 9, 1
400, 1, 722, 305, 656, 283, 1, 9, 1
401, 1, 722, 308, 664, 278, 1, 9, 1
402, 1, 719, 308, 666, 278, 1, 9, 1
403, 1, 719, 308, 670, 279, 1, 9, 1
404, 1, 720, 308, 671, 280, 1, 9, 1
405, 1, 728, 309, 662, 280, 1, 9, 1
406, 1, 723, 309, 667, 279, 1, 9, 1
407, 1, 723, 310, 669, 282, 1, 9, 1
408, 1, 722, 311, 670, 282, 1, 9, 1
409, 1, 734, 311, 662, 278, 1, 9, 1
410, 1, 730, 312, 668, 278, 1, 9, 1
411, 1, 734, 313, 664, 281, 1, 9, 1
412, 1, 738, 314, 664, 282, 1, 9, 1
413, 1, 738, 315, 663, 280, 1, 9, 1
414, 1, 747, 314, 656, 281, 1, 9, 1
415, 1, 743, 314, 660, 280, 1, 9, 1
416, 1, 748, 314, 655, 281, 1, 9, 1
417, 1, 744, 316, 664, 280, 1, 9, 1
418, 1, 747, 316, 662, 283, 1, 9, 1
419, 1, 749, 317, 661, 283, 1, 9, 1
420, 1, 750, 318, 660, 281, 1, 9, 1
421, 1, 751, 318, 658, 284, 1, 9, 1
422, 1, 751, 319, 664, 280, 1, 9, 1
423, 1, 752, 320, 661, 281, 1, 9, 1
424, 1, 756, 320, 660, 284, 1, 9, 1
425, 1, 752, 320, 664, 286, 1, 9, 1
426, 1, 763, 320, 656, 286, 1, 9, 1
427, 1, 752, 320, 668, 285, 1, 9, 1
428, 1, 758, 321, 664, 285, 1, 9, 1
429, 1, 763, 323, 660, 283, 1, 9, 1
430, 1, 766, 323, 662, 284, 1, 9, 1
431, 1, 769, 322, 659, 287, 1, 9, 1
432, 1, 772, 321, 656, 287, 1, 9, 1
433, 1, 776, 322, 655, 291, 1, 9, 1
434, 1, 773, 322, 655, 293, 1, 9, 1
435, 1, 778, 322, 655, 293, 1, 9, 1
436, 1, 783, 322, 651, 293, 1, 9, 1
437, 1, 777, 323, 656, 294, 1, 9, 1
438, 1, 784, 325, 650, 293, 1, 9, 1
439, 1, 782, 326, 652, 291, 1, 9, 1
440, 1, 784, 323, 653, 296, 1, 9, 1
441, 1, 785, 325, 651, 297, 1, 9, 1
442, 1, 789, 326, 651, 298, 1, 9, 1
443, 1, 792, 327, 651, 298, 1, 9, 1
444, 1, 791, 327, 654, 296, 1, 9, 1
445, 1, 790, 327, 656, 298, 1, 9, 1
446, 1, 796, 327, 651, 296, 1, 9, 1
447, 1, 795, 327, 655, 299, 1, 9, 1
448, 1, 799, 326, 648, 299, 1, 9, 1
449, 1, 791, 327, 659, 300, 1, 9, 1
450, 1, 796, 326, 655, 301, 1, 9, 1
451, 1, 807, 326, 636, 301, 1, 9, 1
452, 1, 806, 325, 634, 302, 1, 9, 1
453, 1, 807, 328, 652, 300, 1, 9, 1
454, 1, 809, 329, 651, 300, 1, 9, 1
455, 1, 811, 326, 632, 302, 1, 9, 1
456, 1, 811, 326, 656, 303, 1, 9, 1
457, 1, 811, 325, 650, 305, 1, 9, 1
458, 1, 807, 326, 661, 305, 1, 9, 1
459, 1, 813, 325, 653, 305, 1, 9, 1
460, 1, 814, 326, 657, 303, 1, 9, 1
461, 1, 817, 325, 656, 307, 1, 9, 1
462, 1, 817, 324, 658, 307, 1, 9, 1
463, 1, 812, 325, 659, 308, 1, 9, 1
464, 1, 807, 325, 668, 308, 1, 9, 1
465, 1, 817, 324, 660, 310, 1, 9, 1
466, 1, 819, 324, 661, 309, 1, 9, 1
467, 1, 815, 323, 668, 309, 1, 9, 1
468, 1, 822, 322, 661, 310, 1, 9, 1
469, 1, 819, 323, 667, 309, 1, 9, 1
470, 1, 827, 322, 657, 312, 1, 9, 1
471, 1, 820, 321, 668, 312, 1, 9, 1
472, 1, 837, 321, 651, 312, 1, 9, 1
473, 1, 832, 321, 656, 311, 1, 9, 1
474, 1, 837, 321, 653, 314, 1, 9, 1
475, 1, 843, 322, 647, 311, 1, 9, 1
476, 1, 841, 320, 651, 313, 1, 9, 1
477, 1, 847, 321, 646, 310, 1, 9, 1
478, 1, 845, 320, 651, 312, 1, 9, 1
479, 1, 843, 321, 652, 309, 1, 9, 1
480, 1, 842, 321, 656, 312, 1, 9, 1
481, 1, 844, 321, 655, 309, 1, 9, 1
482, 1, 849, 321, 652, 311, 1, 9, 1
483, 1, 851, 321, 654, 309, 1, 9, 1
484, 1, 841, 322, 663, 308, 1, 9, 1
485, 1, 844, 322, 663, 307, 1, 9, 1
486, 1, 856, 322, 655, 305, 1, 9, 1
487, 1, 855, 321, 655, 305, 1, 9, 1
488, 1, 860, 321, 654, 305, 1, 9, 1
489, 1, 846, 321, 670, 305, 1, 9, 1
490, 1, 851, 321, 667, 302, 1, 9, 1
491, 1, 858, 322, 661, 300, 1, 9, 1
492, 1, 862, 322, 657, 302, 1, 9, 1
493, 1, 853, 322, 671, 299, 1, 9, 1
494, 1, 860, 322, 661, 300, 1, 9, 1
495, 1, 848, 322, 675, 298, 1, 9, 1
496, 1, 860, 321, 664, 298, 1, 9, 1
497, 1, 859, 321, 668, 300, 1, 9, 1
498, 1, 859, 319, 670, 300, 1, 9, 1
499, 1, 869, 321, 657, 296, 1, 9, 1
500, 1, 868, 320, 663, 297, 1, 9, 1
501, 1, 865, 317, 677, 301, 1, 9, 1
502, 1, 864, 317, 680, 302, 1, 9, 1
503, 1, 865, 316, 678, 302, 1, 9, 1
504, 1, 861, 317, 681, 300, 1, 9, 1
505, 1, 869, 316, 675, 299, 1, 9, 1
506, 1, 872, 316, 672, 297, 1, 9, 1
507, 1, 876, 316, 669, 296, 1, 9, 1
508, 1, 874, 314, 674, 298, 1, 9, 1
509, 1, 881, 310, 668, 301, 1, 9, 1
510, 1, 880, 310, 671, 301, 1, 9, 1
511, 1, 882, 310, 666, 300, 1, 9, 1
512, 1, 884, 309, 668, 300, 1, 9, 1
513, 1, 883, 306, 672, 302, 1, 9, 1
514, 1, 876, 303, 679, 304, 1, 9, 1
515, 1, 888, 303, 664, 302, 1, 9, 1
516, 1, 890, 302, 668, 304, 1, 9, 1
517, 1, 894, 302, 662, 303, 1, 9, 1
518, 1, 894, 299, 664, 308, 1, 9, 1
519, 1, 893, 300, 665, 304, 1, 9, 1
520, 1, 890, 299, 667, 306, 1, 9, 1
521, 1, 899, 298, 662, 305, 1, 9, 1
522, 1, 904, 299, 656, 305, 1, 9, 1
523, 1, 899, 296, 661, 306, 1, 9, 1
524, 1, 897, 295, 667, 306, 1, 9, 1
525, 1, 897, 295, 663, 306, 1, 9, 1
526, 1, 902, 292, 660, 308, 1, 9, 1
527, 1, 895, 293, 665, 306, 1, 9, 1
528, 1, 902, 291, 665, 307, 1, 9, 1
529, 1, 899, 291, 667, 307, 1, 9, 1
530, 1, 899, 291, 670, 306, 1, 9, 1
531, 1, 900, 291, 669, 306, 1, 9, 1
532, 1, 909, 289, 664, 306, 1, 9, 1
533, 1, 913, 288, 662, 305, 1, 9, 1
534, 1, 917, 288, 663, 305, 1, 9, 1
535, 1, 914, 288, 668, 304, 1, 9, 1
536, 1, 914, 288, 669, 303, 1, 9, 1
537, 1, 919, 286, 667, 303, 1, 9, 1
538, 1, 923, 288, 667, 301, 1, 9, 1
539, 1, 922, 284, 673, 307, 1, 9, 1
540, 1, 926, 284, 670, 308, 1, 9, 1
541, 1, 924, 284, 671, 304, 1, 9, 1
542, 1, 933, 284, 665, 304, 1, 9, 1
543, 1, 931, 284, 670, 303, 1, 9, 1
544, 1, 932, 285, 671, 304, 1, 9, 1
545, 1, 934, 284, 670, 300, 1, 9, 1
546, 1, 938, 282, 668, 301, 1, 9, 1
547, 1, 937, 282, 672, 302, 1, 9, 1
548, 1, 935, 282, 678, 300, 1, 9, 1
549, 1, 945, 279, 672, 302, 1, 9, 1
550, 1, 949, 279, 666, 301, 1, 9, 1
551, 1, 951, 278, 672, 303, 1, 9, 1
552, 1, 952, 277, 674, 304, 1, 9, 1
553, 1, 958, 278, 667, 303, 1, 9, 1
554, 1, 960, 277, 669, 305, 1, 9, 1
555, 1, 965, 277, 669, 302, 1, 9, 1
556, 1, 961, 276, 676, 304, 1, 9, 1
557, 1, 968, 276, 672, 303, 1, 9, 1
558, 1, 969, 276, 670, 301, 1, 9, 1
559, 1, 974, 276, 670, 302, 1, 9, 1
560, 1, 973, 276, 675, 300, 1, 9, 1
561, 1, 975, 277, 673, 303, 1, 9, 1
562, 1, 978, 276, 671, 305, 1, 9, 1
563, 1, 987, 277, 667, 299, 1, 9, 1
564, 1, 984, 276, 674, 301, 1, 9, 1
565, 1, 993, 275, 666, 303, 1, 9, 1
566, 1, 996, 277, 665, 302, 1, 9, 1
567, 1, 1000, 278, 665, 297, 1, 9, 1
568, 1, 998, 277, 671, 298, 1, 9, 1
569, 1, 1000, 278, 671, 298, 1, 9, 1
570, 1, 999, 278, 673, 300, 1, 9, 1
571, 1, 1007, 278, 666, 300, 1, 9, 1
572, 1, 1007, 277, 668, 301, 1, 9, 1
573, 1, 1009, 278, 668, 300, 1, 9, 1
574, 1, 1017, 278, 662, 301, 1, 9, 1
575, 1, 1005, 279, 678, 299, 1, 9, 1
576, 1, 1011, 279, 675, 301, 1, 9, 1
577, 1, 1010, 281, 679, 299, 1, 9, 1
578, 1, 1010, 280, 681, 300, 1, 9, 1
579, 1, 1025, 281, 668, 300, 1, 9, 1
580, 1, 1026, 283, 670, 298, 1, 9, 1
581, 1, 1019, 282, 678, 300, 1, 9, 1
582, 1, 1032, 285, 668, 296, 1, 9, 1
583, 1, 1038, 284, 668, 299, 1, 9, 1
584, 1, 1039, 286, 668, 299, 1, 9, 1
585, 1, 1040, 285, 668, 298, 1, 9, 1
586, 1, 1046, 285, 663, 300, 1, 9, 1
587, 1, 1044, 286, 664, 300, 1, 9, 1
588, 1, 1046, 286, 664, 301, 1, 9, 1
589, 1, 1043, 286, 664, 301, 1, 9, 1
590, 1, 1047, 287, 664, 299, 1, 9, 1
591, 1, 1045, 288, 668, 298, 1, 9, 1
592, 1, 1046, 288, 667, 299, 1, 9, 1
593, 1, 1047, 289, 669, 299, 1, 9, 1
594, 1, 1047, 290, 670, 302, 1, 9, 1
595, 1, 1050, 290, 668, 301, 1, 9, 1
596, 1, 1050, 289, 669, 303, 1, 9, 1
597, 1, 1054, 290, 667, 301, 1, 9, 1
598, 1, 1051, 289, 670, 305, 1, 9, 1
599, 1, 1056, 291, 666, 302, 1, 9, 1
600, 1, 1061, 293, 665, 301, 1, 9, 1
601, 1, 1049, 292, 680, 305, 1, 9, 1
602, 1, 1050, 293, 680, 302, 1, 9, 1
603, 1, 1052, 296, 680, 305, 1, 9, 1
604, 1, 1051, 295, 682, 306, 1, 9, 1
605, 1, 1047, 299, 688, 303, 1, 9, 1
606, 1, 1052, 298, 684, 304, 1, 9, 1
607, 1, 1053, 299, 686, 300, 1, 9, 1
608, 1, 1049, 299, 692, 304, 1, 9, 1
609, 1, 1057, 298, 685, 305, 1, 9, 1
610, 1, 1058, 299, 686, 303, 1, 9, 1
611, 1, 1058, 298, 685, 306, 1, 9, 1
612, 1, 1059, 299, 685, 305, 1, 9, 1
613, 1, 1060, 300, 685, 307, 1, 9, 1
614, 1, 1065, 299, 684, 306, 1, 9, 1
615, 1, 1066, 301, 686, 304, 1, 9, 1
616, 1, 1069, 302, 689, 303, 1, 9, 1
617, 1, 1067, 303, 690, 304, 1, 9, 1
618, 1, 1064, 304, 697, 305, 1, 9, 1
619, 1, 1065, 303, 696, 306, 1, 9, 1
620, 1, 1074, 304, 690, 305, 1, 9, 1
621, 1, 1069, 305, 700, 303, 1, 9, 1
622, 1, 1077, 305, 696, 304, 1, 9, 1
623, 1, 1072, 304, 702, 304, 1, 9, 1
624, 1, 1085, 305, 693, 304, 1, 9, 1
625, 1, 1091, 306, 686, 309, 1, 9, 1
626, 1, 1103, 305, 679, 306, 1, 9, 1
627, 1, 1099, 306, 682, 303, 1, 9, 1
628, 1, 1108, 306, 677, 302, 1, 9, 1
629, 1, 1105, 307, 683, 303, 1, 9, 1
630, 1, 1109, 307, 678, 304, 1, 9, 1
631, 1, 1111, 307, 678, 304, 1, 9, 1
632, 1, 1113, 307, 682, 302, 1, 9, 1
633, 1, 1118, 307, 683, 305, 1, 9, 1
634, 1, 1122, 307, 682, 304, 1, 9, 1
635, 1, 1121, 307, 685, 304, 1, 9, 1
636, 1, 1121, 308, 688, 305, 1, 9, 1
637, 1, 1129, 308, 678, 304, 1, 9, 1
638, 1, 1130, 308, 682, 305, 1, 9, 1
639, 1, 1130, 308, 683, 306, 1, 9, 1
640, 1, 1133, 307, 685, 305, 1, 9, 1
641, 1, 1134, 308, 684, 303, 1, 9, 1
642, 1, 1132, 310, 693, 303, 1, 9, 1
643, 1, 1141, 309, 685, 305, 1, 9, 1
644, 1, 1150, 308, 681, 304, 1, 9, 1
645, 1, 1151, 308, 682, 305, 1, 9, 1
646, 1, 1152, 309, 681, 302, 1, 9, 1
647, 1, 1154, 309, 681, 304, 1, 9, 1
648, 1, 1158, 309, 677, 302, 1, 9, 1
649, 1, 1159, 309, 679, 300, 1, 9, 1
650, 1, 1162, 309, 681, 299, 1, 9, 1
651, 1, 1161, 307, 687, 306, 1, 9, 1
652, 1, 1160, 307, 690, 307, 1, 9, 1
653, 1, 1162, 307, 690, 308, 1, 9, 1
654, 1, 1162, 307, 692, 307, 1, 9, 1
655, 1, 1165, 307, 691, 305, 1, 9, 1
656, 1, 1165, 306, 692, 308, 1, 9, 1
657, 1, 1164, 306, 693, 308, 1, 9, 1
658, 1, 1168, 305, 691, 308, 1, 9, 1
659, 1, 1172, 305, 690, 308, 1, 9, 1
660, 1, 1171, 305, 693, 307, 1, 9, 1
661, 1, 1167, 305, 696, 309, 1, 9, 1
662, 1, 1168, 303, 698, 312, 1, 9, 1
663, 1, 1186, 302, 683, 309, 1, 9, 1
664, 1, 1187, 303, 684, 307, 1, 9, 1
665, 1, 1188, 304, 687, 304, 1, 9, 1
666, 1, 1184, 304, 692, 304, 1, 9, 1
667, 1, 1203, 302, 674, 308, 1, 9, 1
668, 1, 1204, 302, 675, 307, 1, 9, 1
669, 1, 1208, 301, 676, 309, 1, 9, 1
670, 1, 1209, 301, 677, 307, 1, 9, 1
671, 1, 1207, 301, 684, 304, 1, 9, 1
672, 1, 1208, 301, 683, 308, 1, 9, 1
673, 1, 1210, 300, 685, 304, 1, 9, 1
674, 1, 1210, 300, 688, 305, 1, 9, 1
675, 1, 1216, 299, 683, 304, 1, 9, 1
676, 1, 1218, 299, 682, 306, 1, 9, 1
677, 1, 1221, 298, 678, 306, 1, 9, 1
678, 1, 1224, 294, 679, 311, 1, 9, 1
679, 1, 1227, 293, 679, 310, 1, 9, 1
680, 1, 1230, 293, 676, 310, 1, 9, 1
681, 1, 1232, 292, 678, 311, 1, 9, 1
682, 1, 1236, 292, 674, 310, 1, 9, 1
683, 1, 1234, 290, 681, 309, 1, 9, 1
684, 1, 1235, 290, 681, 309, 1, 9, 1
685, 1, 1239, 289, 675, 307, 1, 9, 1
686, 1, 1236, 289, 679, 306, 1, 9, 1
687, 1, 1240, 288, 675, 307, 1, 9, 1
688, 1, 1250, 288, 663, 310, 1, 9, 1
689, 1, 1249, 288, 662, 305, 1, 9, 1
690, 1, 1252, 288, 658, 306, 1, 9, 1
691, 1, 1255, 286, 653, 306, 1, 9, 1
692, 1, 1250, 283, 661, 308, 1, 9, 1
693, 1, 1257, 285, 652, 305, 1, 9, 1
694, 1, 1257, 284, 651, 306, 1, 9, 1
695, 1, 1263, 283, 643, 303, 1, 9, 1
696, 1, 1266, 281, 642, 305, 1, 9, 1
697, 1, 1269, 278, 639, 309, 1, 9, 1
698, 1, 1273, 276, 635, 307, 1, 9, 1
699, 1, 1274, 278, 634, 307, 1, 9, 1
700, 1, 1274, 276, 634, 309, 1, 9, 1
701, 1, 1276, 273, 635, 313, 1, 9, 1
702, 1, 1277, 273, 634, 313, 1, 9, 1
703, 1, 1280, 271, 632, 313, 1, 9, 1
704, 1, 1281, 271, 633, 312, 1, 9, 1
705, 1, 1282, 270, 632, 310, 1, 9, 1
706, 1, 1281, 269, 635, 308, 1, 9, 1
707, 1, 1286, 269, 628, 309, 1, 9, 1
708, 1, 1281, 267, 632, 314, 1, 9, 1
709, 1, 1282, 266, 630, 307, 1, 9, 1
710, 1, 1281, 264, 630, 311, 1, 9, 1
711, 1, 1291, 264, 622, 309, 1, 9, 1
712, 1, 1292, 263, 621, 309, 1, 9, 1
713, 1, 1281, 263, 634, 305, 1, 9, 1
714, 1, 1289, 264, 626, 305, 1, 9, 1
715, 1, 1296, 261, 618, 306, 1, 9, 1
716, 1, 1300, 260, 614, 308, 1, 9, 1
717, 1, 1294, 260, 620, 308, 1, 9, 1
718, 1, 1304, 258, 610, 310, 1, 9, 1
719, 1, 1292, 256, 623, 310, 1, 9, 1
720, 1, 1307, 255, 607, 309, 1, 9, 1
721, 1, 1313, 258, 605, 308, 1, 9, 1
722, 1, 1317, 258, 600, 308, 1, 9, 1
723, 1, 1318, 255, 600, 313, 1, 9, 1
724, 1, 1323, 255, 592, 312, 1, 9, 1
725, 1, 1320, 255, 595, 310, 1, 9, 1
726, 1, 1321, 255, 593, 309, 1, 9, 1
727, 1, 1326, 254, 590, 310, 1, 9, 1
728, 1, 1330, 254, 585, 310, 1, 9, 1
729, 1, 1335, 252, 580, 309, 1, 9, 1
730, 1, 1335, 252, 578, 308, 1, 9, 1
731, 1, 1341, 251, 570, 309, 1, 9, 1
732, 1, 1341, 250, 571, 310, 1, 9, 1
733, 1, 1344, 249, 567, 313, 1, 9, 1
734, 1, 1345, 248, 567, 312, 1, 9, 1
735, 1, 1346, 247, 565, 313, 1, 9, 1
736, 1, 1345, 247, 567, 309, 1, 9, 1
737, 1, 1349, 247, 564, 315, 1, 9, 1
738, 1, 1346, 248, 568, 312, 1, 9, 1
739, 1, 1349, 246, 567, 312, 1, 9, 1
740, 1, 1350, 246, 567, 308, 1, 9, 1
741, 1, 1355, 246, 562, 310, 1, 9, 1
742, 1, 1356, 246, 561, 311, 1, 9, 1
743, 1, 1358, 246, 560, 309, 1, 9, 1
744, 1, 1359, 246, 558, 309, 1, 9, 1
745, 1, 1361, 246, 556, 310, 1, 9, 1
746, 1, 1363, 246, 552, 309, 1, 9, 1
747, 1, 1363, 245, 554, 308, 1, 9, 1
748, 1, 1363, 246, 552, 307, 1, 9, 1
749, 1, 1365, 245, 552, 308, 1, 9, 1
750, 1, 1365, 245, 550, 304, 1, 9, 1
1, 2, 465, 7, 529, 213, 1, 5, 1
2, 2, 465, 7, 529, 213, 1, 5, 1
3, 2, 465, 7, 529, 213, 1, 5, 1
4, 2, 465, 7, 529, 213, 1, 5, 1
5, 2, 465, 7, 529, 213, 1, 5, 1
6, 2, 465, 7, 529, 213, 1, 5, 1
7, 2, 465, 7, 529, 213, 1, 5, 1
8, 2, 465, 7, 529, 213, 1, 5, 1
9, 2, 465, 7, 529, 213, 1, 5, 1
10, 2, 465, 7, 529, 213, 1, 5, 1
11, 2, 465, 7, 529, 213, 1, 5, 1
12, 2, 465, 7, 529, 213, 1, 5, 1
13, 2, 465, 7, 529, 213, 1, 5, 1
14, 2, 465, 7, 529, 213, 1, 5, 1
15, 2, 465, 7, 529, 213, 1, 5, 1
16, 2, 465, 7, 529, 213, 1, 5, 1
17, 2, 465, 7, 529, 213, 1, 5, 1
18, 2, 465, 7, 529, 213, 1, 5, 1
19, 2, 465, 7, 529, 213, 1, 5, 1
20, 2, 465, 7, 529, 213, 1, 5, 1
21, 2, 465, 7, 529, 213, 1, 5, 1
22, 2, 465, 7, 529, 213, 1, 5, 1
23, 2, 465, 7, 529, 213, 1, 5, 1
24, 2, 465, 7, 529, 213, 1, 5, 1
25, 2, 465, 7, 529, 213, 1, 5, 1
26, 2, 465, 7, 529, 213, 1, 5, 1
27, 2, 465, 7, 529, 213, 1, 5, 1
28, 2, 465, 7, 529, 213, 1, 5, 1
29, 2, 465, 7, 529, 213, 1, 5, 1
30, 2, 465, 7, 529, 213, 1, 5, 1
31, 2, 465, 7, 529, 213, 1, 5, 1
32, 2, 465, 7, 529, 213, 1, 5, 1
33, 2, 465, 7, 529, 213, 1, 5, 1
34, 2, 465, 7, 529, 213, 1, 5, 1
35, 2, 462, 14, 528, 213, 1, 5, 1
36, 2, 462, 14, 528, 213, 1, 5, 1
37, 2, 462, 14, 528, 213, 1, 5, 1
38, 2, 462, 14, 528, 213, 1, 5, 1
39, 2, 462, 14, 528, 213, 1, 5, 1
40, 2, 462, 14, 528, 213, 1, 5, 1
41, 2, 462, 14, 528, 213, 1, 5, 1
42, 2, 462, 14, 528, 213, 1, 5, 1
43, 2, 462, 14, 528, 213, 1, 5, 1
44, 2, 462, 14, 528, 213, 1, 5, 1
45, 2, 462, 14, 528, 213, 1, 5, 1
46, 2, 462, 14, 528, 213, 1, 5, 1
47, 2, 463, 25, 528, 213, 1, 5, 1
48, 2, 463, 25, 528, 213, 1, 5, 1
49, 2, 463, 25, 528, 213, 1, 5, 1
50, 2, 463, 25, 528, 213, 1, 5, 1
51, 2, 463, 25, 528, 213, 1, 5, 1
52, 2, 463, 25, 528, 213, 1, 5, 1
53, 2, 463, 25, 528, 213, 1, 5, 1
54, 2, 463, 25, 528, 213, 1, 5, 1
55, 2, 463, 25, 528, 213, 1, 5, 1
56, 2, 463, 25, 528, 213, 1, 5, 1
57, 2, 463, 32, 528, 213, 1, 5, 1
58, 2, 468, 28, 528, 221, 1, 5, 1
59, 2, 468, 28, 528, 221, 1, 5, 1
60, 2, 468, 28, 528, 221, 1, 5, 1
61, 2, 468, 28, 528, 221, 1, 5, 1
62, 2, 468, 28, 528, 221, 1, 5, 1
63, 2, 467, 33, 528, 220, 1, 5, 1
64, 2, 467, 33, 528, 220, 1, 5, 1
65, 2, 467, 33, 528, 220, 1, 5, 1
66, 2, 467, 33, 528, 220, 1, 5, 1
67, 2, 467, 33, 528, 220, 1, 5, 1
68, 2, 467, 33, 528, 220, 1, 5, 1
69, 2, 467, 33, 528, 220, 1, 5, 1
70, 2, 467, 33, 528, 220, 1, 5, 1
71, 2, 467, 33, 528, 220, 1, 5, 1
72, 2, 467, 33, 528, 220, 1, 5, 1
73, 2, 467, 33, 528, 220, 1, 5, 1
74, 2, 467, 33, 528, 220, 1, 5, 1
75, 2, 467, 33, 528, 220, 1, 5, 1
76, 2, 467, 33, 528, 220, 1, 5, 1
77, 2, 467, 33, 528, 220, 1, 5, 1
78, 2, 467, 33, 528, 220, 1, 5, 1
79, 2, 471, 45, 528, 221, 1, 5, 1
80, 2, 471, 45, 528, 221, 1, 5, 1
81, 2, 471, 45, 528, 221, 1, 5, 1
82, 2, 471, 45, 528, 221, 1, 5, 1
83, 2, 471, 45, 528, 221, 1, 5, 1
84, 2, 471, 45, 528, 221, 1, 5, 1
85, 2, 471, 45, 528, 221, 1, 5, 1
86, 2, 471, 45, 528, 221, 1, 5, 1
87, 2, 471, 45, 528, 221, 1, 5, 1
88, 2, 471, 45, 528, 221, 1, 5, 1
89, 2, 471, 45, 528, 221, 1, 5, 1
90, 2, 471, 45, 528, 221, 1, 5, 1
91, 2, 471, 45, 528, 221, 1, 5, 1
92, 2, 471, 45, 528, 221, 1, 5, 1
93, 2, 471, 45, 528, 221, 1, 5, 1
94, 2, 471, 45, 528, 221, 1, 5, 1
95, 2, 471, 45, 528, 221, 1, 5, 1
96, 2, 471, 45, 528, 221, 1, 5, 1
97, 2, 471, 45, 528, 221, 1, 5, 1
98, 2, 471, 45, 528, 221, 1, 5, 1
99, 2, 471, 45, 528, 221, 1, 5, 1
100, 2, 471, 45, 528, 221, 1, 5, 1
101, 2, 471, 45, 528, 221, 1, 5, 1
102, 2, 471, 48, 529, 221, 1, 5, 1
103, 2, 471, 48, 529, 221, 1, 5, 1
104, 2, 471, 48, 529, 221, 1, 5, 1
105, 2, 471, 48, 529, 221, 1, 5, 1
106, 2, 471, 48, 529, 221, 1, 5, 1
107, 2, 471, 48, 529, 221, 1, 5, 1
108, 2, 471, 48, 529, 221, 1, 5, 1
109, 2, 471, 48, 529, 221, 1, 5, 1
110, 2, 471, 48, 529, 221, 1, 5, 1
111, 2, 471, 48, 529, 221, 1, 5, 1
112, 2, 471, 48, 529, 221, 1, 5, 1
113, 2, 471, 48, 529, 221, 1, 5, 1
114, 2, 471, 48, 529, 221, 1, 5, 1
115, 2, 471, 48, 529, 221, 1, 5, 1
116, 2, 471, 48, 529, 221, 1, 5, 1
117, 2, 473, 44, 529, 221, 1, 5, 1
118, 2, 473, 44, 529, 221, 1, 5, 1
119, 2, 473, 44, 529, 221, 1, 5, 1
120, 2, 473, 44, 529, 221, 1, 5, 1
121, 2, 473, 44, 529, 221, 1, 5, 1
122, 2, 473, 44, 529, 221, 1, 5, 1
123, 2, 473, 44, 529, 221, 1, 5, 1
124, 2, 473, 44, 529, 221, 1, 5, 1
125, 2, 473, 41, 528, 220, 1, 5, 1
126, 2, 473, 41, 528, 220, 1, 5, 1
127, 2, 473, 41, 528, 220, 1, 5, 1
128, 2, 473, 41, 528, 220, 1, 5, 1
129, 2, 473, 41, 528, 220, 1, 5, 1
130, 2, 473, 41, 528, 220, 1, 5, 1
131, 2, 473, 41, 528, 220, 1, 5, 1
132, 2, 473, 41, 528, 220, 1, 5, 1
133, 2, 473, 41, 528, 220, 1, 5, 1
134, 2, 473, 41, 528, 220, 1, 5, 1
135, 2, 475, 35, 528, 221, 1, 5, 1
136, 2, 475, 35, 528, 221, 1, 5, 1
137, 2, 475, 35, 528, 221, 1, 5, 1
138, 2, 475, 35, 528, 221, 1, 5, 1
139, 2, 475, 35, 528, 221, 1, 5, 1
140, 2, 475, 35, 528, 221, 1, 5, 1
141, 2, 475, 35, 528, 221, 1, 5, 1
142, 2, 475, 28, 529, 221, 1, 5, 1
143, 2, 475, 28, 529, 221, 1, 5, 1
144, 2, 475, 28, 529, 221, 1, 5, 1
145, 2, 475, 28, 529, 221, 1, 5, 1
146, 2, 475, 28, 529, 221, 1, 5, 1
147, 2, 475, 24, 529, 221, 1, 5, 1
148, 2, 475, 24, 529, 221, 1, 5, 1
149, 2, 475, 24, 529, 221, 1, 5, 1
150, 2, 475, 24, 529, 221, 1, 5, 1
151, 2, 475, 24, 529, 221, 1, 5, 1
152, 2, 475, 24, 529, 221, 1, 5, 1
153, 2, 475, 19, 529, 221, 1, 5, 1
154, 2, 475, 19, 529, 221, 1, 5, 1
155, 2, 475, 19, 529, 221, 1, 5, 1
156, 2, 475, 19, 529, 221, 1, 5, 1
157, 2, 475, 17, 529, 221, 1, 5, 1
158, 2, 475, 17, 529, 221, 1, 5, 1
159, 2, 475, 17, 529, 221, 1, 5, 1
160, 2, 473, 12, 529, 221, 1, 5, 1
161, 2, 473, 12, 529, 221, 1, 5, 1
162, 2, 473, 12, 529, 221, 1, 5, 1
163, 2, 473, 12, 529, 221, 1, 5, 1
164, 2, 473, 12, 529, 221, 1, 5, 1
165, 2, 473, 12, 529, 221, 1, 5, 1
166, 2, 473, 12, 529, 221, 1, 5, 1
167, 2, 473, 5, 529, 221, 1, 5, 1
168, 2, 473, 5, 529, 221, 1, 5, 1
169, 2, 473, 5, 529, 221, 1, 5, 1
170, 2, 473, 5, 529, 221, 1, 5, 1
171, 2, 473, 5, 529, 221, 1, 5, 1
172, 2, 473, 5, 529, 221, 1, 5, 1
173, 2, 473, 5, 529, 221, 1, 5, 1
174, 2, 473, 5, 529, 221, 1, 5, 1
175, 2, 473, 5, 529, 221, 1, 5, 1
176, 2, 473, 5, 529, 221, 1, 5, 1
177, 2, 473, 5, 529, 221, 1, 5, 1
178, 2, 473, 5, 529, 221, 1, 5, 1
179, 2, 473, 5, 529, 221, 1, 5, 1
180, 2, 473, 5, 529, 221, 1, 5, 1
181, 2, 473, 5, 529, 221, 1, 5, 1
182, 2, 473, 5, 529, 221, 1, 5, 1
183, 2, 473, 5, 529, 221, 1, 5, 1
184, 2, 473, 5, 529, 221, 1, 5, 1
185, 2, 473, 5, 529, 221, 1, 5, 1
186, 2, 475, 1, 529, 221, 1, 5, 1
187, 2, 475, 1, 529, 221, 1, 5, 1
188, 2, 475, 1, 529, 221, 1, 5, 1
189, 2, 475, 1, 529, 221, 1, 5, 1
190, 2, 475, 1, 529, 221, 1, 5, 1
191, 2, 475, 1, 529, 221, 1, 5, 1
192, 2, 475, 1, 529, 221, 1, 5, 1
193, 2, 475, 1, 529, 221, 1, 5, 1
194, 2, 475, 1, 529, 221, 1, 5, 1
195, 2, 475, 1, 529, 221, 1, 5, 1
196, 2, 475, 1, 529, 221, 1, 5, 1
197, 2, 475, 1, 529, 221, 1, 5, 1
198, 2, 475, 1, 529, 221, 1, 5, 1
199, 2, 475, 1, 529, 221, 1, 5, 1
200, 2, 475, 1, 529, 221, 1, 5, 1
201, 2, 475, 1, 529, 221, 1, 5, 1
202, 2, 475, 1, 529, 221, 1, 5, 1
203, 2, 475, 1, 529, 221, 1, 5, 1
204, 2, 475, 1, 529, 221, 1, 5, 1
205, 2, 475, 1, 529, 221, 1, 5, 1
206, 2, 475, 1, 529, 221, 1, 5, 1
207, 2, 475, 1, 529, 221, 1, 5, 1
208, 2, 475, 1, 529, 221, 1, 5, 1
209, 2, 475, 1, 529, 221, 1, 5, 1
210, 2, 475, 1, 529, 221, 1, 5, 1
211, 2, 475, 4, 529, 221, 1, 5, 1
212, 2, 475, 4, 529, 221, 1, 5, 1
213, 2, 475, 4, 529, 221, 1, 5, 1
214, 2, 475, 4, 529, 221, 1, 5, 1
215, 2, 475, 4, 529, 221, 1, 5, 1
216, 2, 475, 4, 529, 221, 1, 5, 1
217, 2, 475, 4, 529, 221, 1, 5, 1
218, 2, 475, 4, 529, 221, 1, 5, 1
219, 2, 475, 4, 529, 221, 1, 5, 1
220, 2, 475, 11, 529, 221, 1, 5, 1
221, 2, 475, 11, 529, 221, 1, 5, 1
222, 2, 475, 11, 529, 221, 1, 5, 1
223, 2, 475, 11, 529, 221, 1, 5, 1
224, 2, 475, 11, 529, 221, 1, 5, 1
225, 2, 475, 13, 529, 221, 1, 5, 1
226, 2, 475, 13, 529, 221, 1, 5, 1
227, 2, 475, 13, 529, 221, 1, 5, 1
228, 2, 475, 13, 529, 221, 1, 5, 1
229, 2, 475, 13, 529, 221, 1, 5, 1
230, 2, 475, 13, 529, 221, 1, 5, 1
231, 2, 477, 20, 528, 221, 1, 5, 1
232, 2, 477, 20, 528, 221, 1, 5, 1
233, 2, 477, 20, 528, 221, 1, 5, 1
234, 2, 477, 20, 528, 221, 1, 5, 1
235, 2, 477, 20, 528, 221, 1, 5, 1
236, 2, 477, 20, 528, 221, 1, 5, 1
237, 2, 477, 25, 528, 221, 1, 5, 1
238, 2, 477, 25, 528, 221, 1, 5, 1
239, 2, 477, 25, 528, 221, 1, 5, 1
240, 2, 477, 25, 528, 221, 1, 5, 1
241, 2, 477, 25, 528, 221, 1, 5, 1
242, 2, 477, 25, 528, 221, 1, 5, 1
243, 2, 477, 25, 528, 221, 1, 5, 1
244, 2, 477, 25, 528, 221, 1, 5, 1
245, 2, 477, 25, 528, 221, 1, 5, 1
246, 2, 477, 25, 528, 221, 1, 5, 1
247, 2, 477, 25, 528, 221, 1, 5, 1
248, 2, 477, 25, 528, 221, 1, 5, 1
249, 2, 477, 34, 528, 221, 1, 5, 1
250, 2, 477, 34, 528, 221, 1, 5, 1
251, 2, 477, 34, 528, 221, 1, 5, 1
252, 2, 477, 34, 528, 221, 1, 5, 1
253, 2, 477, 34, 528, 221, 1, 5, 1
254, 2, 477, 34, 528, 221, 1, 5, 1
255, 2, 477, 34, 528, 221, 1, 5, 1
256, 2, 475, 38, 528, 221, 1, 5, 1
257, 2, 475, 38, 528, 221, 1, 5, 1
258, 2, 475, 38, 528, 221, 1, 5, 1
259, 2, 475, 38, 528, 221, 1, 5, 1
260, 2, 475, 38, 528, 221, 1, 5, 1
261, 2, 475, 38, 528, 221, 1, 5, 1
262, 2, 475, 42, 528, 221, 1, 5, 1
263, 2, 475, 42, 528, 221, 1, 5, 1
264, 2, 475, 42, 528, 221, 1, 5, 1
265, 2, 475, 42, 528, 221, 1, 5, 1
266, 2, 475, 42, 528, 221, 1, 5, 1
267, 2, 475, 42, 528, 221, 1, 5, 1
268, 2, 475, 42, 528, 221, 1, 5, 1
269, 2, 473, 48, 529, 221, 1, 5, 1
270, 2, 473, 48, 529, 221, 1, 5, 1
271, 2, 473, 48, 529, 221, 1, 5, 1
272, 2, 473, 48, 529, 221, 1, 5, 1
273, 2, 473, 48, 529, 221, 1, 5, 1
274, 2, 473, 48, 529, 221, 1, 5, 1
275, 2, 473, 48, 529, 221, 1, 5, 1
276, 2, 473, 48, 529, 221, 1, 5, 1
277, 2, 473, 48, 529, 221, 1, 5, 1
278, 2, 473, 48, 529, 221, 1, 5, 1
279, 2, 473, 48, 529, 221, 1, 5, 1
280, 2, 473, 48, 529, 221, 1, 5, 1
281, 2, 473, 48, 529, 221, 1, 5, 1
282, 2, 473, 48, 529, 221, 1, 5, 1
283, 2, 473, 48, 529, 221, 1, 5, 1
284, 2, 473, 48, 529, 221, 1, 5, 1
285, 2, 473, 48, 529, 221, 1, 5, 1
286, 2, 473, 48, 529, 221, 1, 5, 1
287, 2, 473, 48, 529, 221, 1, 5, 1
288, 2, 473, 48, 529, 221, 1, 5, 1
289, 2, 473, 48, 529, 221, 1, 5, 1
290, 2, 473, 48, 529, 221, 1, 5, 1
291, 2, 473, 48, 529, 221, 1, 5, 1
292, 2, 473, 48, 529, 221, 1, 5, 1
293, 2, 473, 48, 529, 221, 1, 5, 1
294, 2, 473, 48, 529, 221, 1, 5, 1
295, 2, 473, 48, 529, 221, 1, 5, 1
296, 2, 473, 48, 529, 221, 1, 5, 1
297, 2, 473, 48, 529, 221, 1, 5, 1
298, 2, 473, 48, 529, 221, 1, 5, 1
299, 2, 473, 48, 529, 221, 1, 5, 1
300, 2, 473, 48, 529, 221, 1, 5, 1
301, 2, 473, 48, 529, 221, 1, 5, 1
302, 2, 473, 48, 529, 221, 1, 5, 1
303, 2, 473, 48, 529, 221, 1, 5, 1
304, 2, 473, 48, 529, 221, 1, 5, 1
305, 2, 473, 48, 529, 221, 1, 5, 1
306, 2, 473, 48, 529, 221, 1, 5, 1
307, 2, 473, 48, 529, 221, 1, 5, 1
308, 2, 469, 42, 528, 221, 1, 5, 1
309, 2, 469, 42, 528, 221, 1, 5, 1
310, 2, 469, 42, 528, 221, 1, 5, 1
311, 2, 469, 42, 528, 221, 1, 5, 1
312, 2, 469, 42, 528, 221, 1, 5, 1
313, 2, 469, 42, 528, 221, 1, 5, 1
314, 2, 469, 42, 528, 221, 1, 5, 1
315, 2, 469, 42, 528, 221, 1, 5, 1
316, 2, 469, 42, 528, 221, 1, 5, 1
317, 2, 469, 37, 529, 221, 1, 5, 1
318, 2, 469, 37, 529, 221, 1, 5, 1
319, 2, 469, 37, 529, 221, 1, 5, 1
320, 2, 469, 37, 529, 221, 1, 5, 1
321, 2, 471, 31, 528, 221, 1, 5, 1
322, 2, 471, 31, 528, 221, 1, 5, 1
323, 2, 471, 31, 528, 221, 1, 5, 1
324, 2, 471, 31, 528, 221, 1, 5, 1
325, 2, 471, 31, 528, 221, 1, 5, 1
326, 2, 471, 31, 528, 221, 1, 5, 1
327, 2, 471, 31, 528, 221, 1, 5, 1
328, 2, 471, 31, 528, 221, 1, 5, 1
329, 2, 471, 31, 528, 221, 1, 5, 1
330, 2, 471, 31, 528, 221, 1, 5, 1
331, 2, 471, 23, 528, 220, 1, 5, 1
332, 2, 471, 23, 528, 220, 1, 5, 1
333, 2, 471, 23, 528, 220, 1, 5, 1
334, 2, 471, 23, 528, 220, 1, 5, 1
335, 2, 471, 23, 528, 220, 1, 5, 1
336, 2, 471, 23, 528, 220, 1, 5, 1
337, 2, 470, 18, 528, 221, 1, 5, 1
338, 2, 470, 18, 528, 221, 1, 5, 1
339, 2, 470, 18, 528, 221, 1, 5, 1
340, 2, 470, 18, 528, 221, 1, 5, 1
341, 2, 470, 15, 528, 221, 1, 5, 1
342, 2, 470, 15, 528, 221, 1, 5, 1
343, 2, 470, 15, 528, 221, 1, 5, 1
344, 2, 470, 15, 528, 221, 1, 5, 1
345, 2, 470, 15, 528, 221, 1, 5, 1
346, 2, 470, 15, 528, 221, 1, 5, 1
347, 2, 467, 8, 528, 221, 1, 5, 1
348, 2, 467, 8, 528, 221, 1, 5, 1
349, 2, 467, 8, 528, 221, 1, 5, 1
350, 2, 467, 8, 528, 221, 1, 5, 1
351, 2, 467, 8, 528, 221, 1, 5, 1
352, 2, 467, 8, 528, 221, 1, 5, 1
353, 2, 467, 8, 528, 221, 1, 5, 1
354, 2, 467, 7, 528, 221, 1, 5, 1
355, 2, 467, 7, 528, 221, 1, 5, 1
356, 2, 467, 7, 528, 221, 1, 5, 1
357, 2, 467, 7, 528, 221, 1, 5, 1
358, 2, 467, 7, 528, 221, 1, 5, 1
359, 2, 467, 7, 528, 221, 1, 5, 1
360, 2, 466, 2, 528, 221, 1, 5, 1
361, 2, 466, 2, 528, 221, 1, 5, 1
362, 2, 466, 2, 528, 221, 1, 5, 1
363, 2, 466, 2, 528, 221, 1, 5, 1
364, 2, 466, 2, 528, 221, 1, 5, 1
365, 2, 466, 2, 528, 221, 1, 5, 1
366, 2, 466, 2, 528, 221, 1, 5, 1
367, 2, 466, 2, 528, 221, 1, 5, 1
368, 2, 466, 2, 528, 221, 1, 5, 1
369, 2, 466, 2, 528, 221, 1, 5, 1
370, 2, 466, 2, 528, 221, 1, 5, 1
371, 2, 466, 2, 528, 221, 1, 5, 1
372, 2, 466, 2, 528, 221, 1, 5, 1
373, 2, 466, 2, 528, 221, 1, 5, 1
374, 2, 466, 2, 528, 221, 1, 5, 1
375, 2, 468, 1, 528, 220, 1, 5, 1
376, 2, 468, 1, 528, 220, 1, 5, 1
377, 2, 468, 1, 528, 220, 1, 5, 1
378, 2, 468, 1, 528, 220, 1, 5, 1
379, 2, 468, 1, 528, 220, 1, 5, 1
380, 2, 468, 1, 528, 220, 1, 5, 1
381, 2, 468, 1, 528, 220, 1, 5, 1
382, 2, 468, 1, 528, 220, 1, 5, 1
383, 2, 468, 1, 528, 220, 1, 5, 1
384, 2, 468, 1, 528, 220, 1, 5, 1
385, 2, 468, 1, 528, 220, 1, 5, 1
386, 2, 468, 1, 528, 220, 1, 5, 1
387, 2, 468, 1, 528, 220, 1, 5, 1
388, 2, 468, 1, 528, 220, 1, 5, 1
389, 2, 468, 1, 528, 220, 1, 5, 1
390, 2, 468, 1, 528, 220, 1, 5, 1
391, 2, 468, 1, 528, 220, 1, 5, 1
392, 2, 468, 1, 528, 220, 1, 5, 1
393, 2, 468, 1, 528, 220, 1, 5, 1
394, 2, 468, 1, 528, 220, 1, 5, 1
395, 2, 468, 1, 528, 220, 1, 5, 1
396, 2, 468, 1, 528, 220, 1, 5, 1
397, 2, 468, 1, 528, 220, 1, 5, 1
398, 2, 468, 1, 528, 220, 1, 5, 1
399, 2, 468, 1, 528, 220, 1, 5, 1
400, 2, 468, 5, 528, 221, 1, 5, 1
401, 2, 468, 5, 528, 221, 1, 5, 1
402, 2, 468, 5, 528, 221, 1, 5, 1
403, 2, 468, 5, 528, 221, 1, 5, 1
404, 2, 472, 10, 528, 221, 1, 5, 1
405, 2, 472, 10, 528, 221, 1, 5, 1
406, 2, 472, 10, 528, 221, 1, 5, 1
407, 2, 472, 10, 528, 221, 1, 5, 1
408, 2, 472, 10, 528, 221, 1, 5, 1
409, 2, 472, 10, 528, 221, 1, 5, 1
410, 2, 472, 10, 528, 221, 1, 5, 1
411, 2, 472, 10, 528, 221, 1, 5, 1
412, 2, 472, 14, 528, 221, 1, 5, 1
413, 2, 472, 14, 528, 221, 1, 5, 1
414, 2, 472, 14, 528, 221, 1, 5, 1
415, 2, 472, 14, 528, 221, 1, 5, 1
416, 2, 472, 14, 528, 221, 1, 5, 1
417, 2, 472, 14, 528, 221, 1, 5, 1
418, 2, 472, 24, 528, 221, 1, 5, 1
419, 2, 472, 24, 528, 221, 1, 5, 1
420, 2, 472, 24, 528, 221, 1, 5, 1
421, 2, 472, 24, 528, 221, 1, 5, 1
422, 2, 474, 23, 528, 221, 1, 5, 1
423, 2, 474, 23, 528, 221, 1, 5, 1
424, 2, 474, 23, 528, 221, 1, 5, 1
425, 2, 474, 23, 528, 221, 1, 5, 1
426, 2, 474, 23, 528, 221, 1, 5, 1
427, 2, 475, 30, 528, 220, 1, 5, 1
428, 2, 475, 30, 528, 220, 1, 5, 1
429, 2, 475, 30, 528, 220, 1, 5, 1
430, 2, 475, 30, 528, 220, 1, 5, 1
431, 2, 475, 30, 528, 220, 1, 5, 1
432, 2, 475, 30, 528, 220, 1, 5, 1
433, 2, 475, 30, 528, 220, 1, 5, 1
434, 2, 475, 36, 528, 221, 1, 5, 1
435, 2, 475, 36, 528, 221, 1, 5, 1
436, 2, 475, 36, 528, 221, 1, 5, 1
437, 2, 475, 36, 528, 221, 1, 5, 1
438, 2, 475, 36, 528, 221, 1, 5, 1
439, 2, 475, 36, 528, 221, 1, 5, 1
440, 2, 475, 40, 529, 220, 1, 5, 1
441, 2, 475, 40, 529, 220, 1, 5, 1
442, 2, 475, 40, 529, 220, 1, 5, 1
443, 2, 475, 40, 529, 220, 1, 5, 1
444, 2, 475, 40, 529, 220, 1, 5, 1
445, 2, 475, 40, 529, 220, 1, 5, 1
446, 2, 475, 40, 529, 220, 1, 5, 1
447, 2, 475, 40, 529, 220, 1, 5, 1
448, 2, 475, 40, 529, 220, 1, 5, 1
449, 2, 475, 40, 529, 220, 1, 5, 1
450, 2, 477, 44, 529, 220, 1, 5, 1
451, 2, 477, 44, 529, 220, 1, 5, 1
452, 2, 477, 44, 529, 220, 1, 5, 1
453, 2, 477, 44, 529, 220, 1, 5, 1
454, 2, 477, 44, 529, 220, 1, 5, 1
455, 2, 477, 48, 529, 221, 1, 5, 1
456, 2, 477, 48, 529, 221, 1, 5, 1
457, 2, 477, 48, 529, 221, 1, 5, 1
458, 2, 477, 48, 529, 221, 1, 5, 1
459, 2, 477, 48, 529, 221, 1, 5, 1
460, 2, 477, 48, 529, 221, 1, 5, 1
461, 2, 477, 48, 529, 221, 1, 5, 1
462, 2, 477, 48, 529, 221, 1, 5, 1
463, 2, 477, 48, 529, 221, 1, 5, 1
464, 2, 477, 48, 529, 221, 1, 5, 1
465, 2, 477, 48, 529, 221, 1, 5, 1
466, 2, 477, 48, 529, 221, 1, 5, 1
467, 2, 477, 48, 529, 221, 1, 5, 1
468, 2, 477, 48, 529, 221, 1, 5, 1
469, 2, 477, 48, 529, 221, 1, 5, 1
470, 2, 477, 48, 529, 221, 1, 5, 1
471, 2, 477, 48, 529, 221, 1, 5, 1
472, 2, 477, 48, 529, 221, 1, 5, 1
473, 2, 477, 48, 529, 221, 1, 5, 1
474, 2, 477, 48, 529, 221, 1, 5, 1
475, 2, 477, 48, 529, 221, 1, 5, 1
476, 2, 477, 48, 529, 221, 1, 5, 1
477, 2, 477, 48, 529, 221, 1, 5, 1
478, 2, 477, 48, 529, 221, 1, 5, 1
479, 2, 477, 48, 529, 221, 1, 5, 1
480, 2, 477, 48, 529, 221, 1, 5, 1
481, 2, 477, 48, 529, 221, 1, 5, 1
482, 2, 477, 48, 529, 221, 1, 5, 1
483, 2, 477, 48, 529, 221, 1, 5, 1
484, 2, 477, 48, 529, 221, 1, 5, 1
485, 2, 477, 48, 529, 221, 1, 5, 1
486, 2, 477, 48, 529, 221, 1, 5, 1
487, 2, 477, 48, 529, 221, 1, 5, 1
488, 2, 477, 48, 529, 221, 1, 5, 1
489, 2, 472, 43, 528, 221, 1, 5, 1
490, 2, 472, 43, 528, 221, 1, 5, 1
491, 2, 472, 43, 528, 221, 1, 5, 1
492, 2, 472, 43, 528, 221, 1, 5, 1
493, 2, 472, 43, 528, 221, 1, 5, 1
494, 2, 472, 43, 528, 221, 1, 5, 1
495, 2, 472, 43, 528, 221, 1, 5, 1
496, 2, 471, 36, 528, 221, 1, 5, 1
497, 2, 471, 36, 528, 221, 1, 5, 1
498, 2, 471, 36, 528, 221, 1, 5, 1
499, 2, 471, 36, 528, 221, 1, 5, 1
500, 2, 471, 36, 528, 221, 1, 5, 1
501, 2, 471, 36, 528, 221, 1, 5, 1
502, 2, 471, 36, 528, 221, 1, 5, 1
503, 2, 471, 36, 528, 221, 1, 5, 1
504, 2, 473, 33, 528, 221, 1, 5, 1
505, 2, 473, 33, 528, 221, 1, 5, 1
506, 2, 473, 33, 528, 221, 1, 5, 1
507, 2, 473, 33, 528, 221, 1, 5, 1
508, 2, 473, 33, 528, 221, 1, 5, 1
509, 2, 473, 33, 528, 221, 1, 5, 1
510, 2, 473, 26, 528, 221, 1, 5, 1
511, 2, 473, 26, 528, 221, 1, 5, 1
512, 2, 473, 26, 528, 221, 1, 5, 1
513, 2, 473, 26, 528, 221, 1, 5, 1
514, 2, 473, 26, 528, 221, 1, 5, 1
515, 2, 473, 22, 529, 221, 1, 5, 1
516, 2, 473, 22, 529, 221, 1, 5, 1
517, 2, 473, 22, 529, 221, 1, 5, 1
518, 2, 473, 22, 529, 221, 1, 5, 1
519, 2, 473, 22, 529, 221, 1, 5, 1
520, 2, 473, 22, 529, 221, 1, 5, 1
521, 2, 467, 21, 528, 221, 1, 5, 1
522, 2, 467, 21, 528, 221, 1, 5, 1
523, 2, 467, 21, 528, 221, 1, 5, 1
524, 2, 467, 21, 528, 221, 1, 5, 1
525, 2, 467, 21, 528, 221, 1, 5, 1
526, 2, 466, 14, 528, 221, 1, 5, 1
527, 2, 466, 14, 528, 221, 1, 5, 1
528, 2, 466, 14, 528, 221, 1, 5, 1
529, 2, 466, 14, 528, 221, 1, 5, 1
530, 2, 464, 7, 528, 221, 1, 5, 1
531, 2, 464, 7, 528, 221, 1, 5, 1
532, 2, 464, 7, 528, 221, 1, 5, 1
533, 2, 464, 7, 528, 221, 1, 5, 1
534, 2, 464, 7, 528, 221, 1, 5, 1
535, 2, 464, 7, 528, 221, 1, 5, 1
536, 2, 464, 7, 528, 221, 1, 5, 1
537, 2, 464, 7, 528, 221, 1, 5, 1
538, 2, 464, 7, 528, 221, 1, 5, 1
539, 2, 464, 7, 528, 221, 1, 5, 1
540, 2, 464, 7, 528, 221, 1, 5, 1
541, 2, 465, 2, 528, 221, 1, 5, 1
542, 2, 465, 2, 528, 221, 1, 5, 1
543, 2, 465, 2, 528, 221, 1, 5, 1
544, 2, 465, 2, 528, 221, 1, 5, 1
545, 2, 465, 2, 528, 221, 1, 5, 1
546, 2, 465, 2, 528, 221, 1, 5, 1
547, 2, 465, 2, 528, 221, 1, 5, 1
548, 2, 465, 2, 528, 221, 1, 5, 1
549, 2, 465, 2, 528, 221, 1, 5, 1
550, 2, 465, 2, 528, 221, 1, 5, 1
551, 2, 465, 2, 528, 221, 1, 5, 1
552, 2, 465, 1, 528, 220, 1, 5, 1
553, 2, 465, 1, 528, 220, 1, 5, 1
554, 2, 465, 1, 528, 220, 1, 5, 1
555, 2, 465, 1, 528, 220, 1, 5, 1
556, 2, 465, 1, 528, 220, 1, 5, 1
557, 2, 465, 1, 528, 220, 1, 5, 1
558, 2, 465, 1, 528, 220, 1, 5, 1
559, 2, 465, 1, 528, 220, 1, 5, 1
560, 2, 465, 1, 528, 220, 1, 5, 1
561, 2, 465, 1, 528, 220, 1, 5, 1
562, 2, 465, 1, 528, 220, 1, 5, 1
563, 2, 465, 1, 528, 220, 1, 5, 1
564, 2, 465, 1, 528, 220, 1, 5, 1
565, 2, 465, 1, 528, 220, 1, 5, 1
566, 2, 465, 1, 528, 220, 1, 5, 1
567, 2, 465, 1, 528, 220, 1, 5, 1
568, 2, 465, 1, 528, 220, 1, 5, 1
569, 2, 465, 1, 528, 220, 1, 5, 1
570, 2, 465, 1, 528, 220, 1, 5, 1
571, 2, 465, 1, 528, 220, 1, 5, 1
572, 2, 465, 1, 528, 220, 1, 5, 1
573, 2, 465, 1, 528, 220, 1, 5, 1
574, 2, 465, 1, 528, 220, 1, 5, 1
575, 2, 465, 1, 528, 220, 1, 5, 1
576, 2, 465, 1, 528, 220, 1, 5, 1
577, 2, 465, 1, 528, 220, 1, 5, 1
578, 2, 465, 1, 528, 220, 1, 5, 1
579, 2, 465, 1, 528, 220, 1, 5, 1
580, 2, 465, 1, 528, 220, 1, 5, 1
581, 2, 465, 1, 528, 220, 1, 5, 1
582, 2, 465, 1, 528, 220, 1, 5, 1
583, 2, 464, 6, 528, 221, 1, 5, 1
584, 2, 464, 6, 528, 221, 1, 5, 1
585, 2, 464, 6, 528, 221, 1, 5, 1
586, 2, 464, 6, 528, 221, 1, 5, 1
587, 2, 464, 6, 528, 221, 1, 5, 1
588, 2, 464, 6, 528, 221, 1, 5, 1
589, 2, 464, 6, 528, 221, 1, 5, 1
590, 2, 464, 6, 528, 221, 1, 5, 1
591, 2, 464, 6, 528, 221, 1, 5, 1
592, 2, 466, 11, 528, 221, 1, 5, 1
593, 2, 466, 11, 528, 221, 1, 5, 1
594, 2, 466, 11, 528, 221, 1, 5, 1
595, 2, 466, 11, 528, 221, 1, 5, 1
596, 2, 466, 16, 528, 221, 1, 5, 1
597, 2, 466, 16, 528, 221, 1, 5, 1
598, 2, 466, 16, 528, 221, 1, 5, 1
599, 2, 466, 16, 528, 221, 1, 5, 1
600, 2, 466, 16, 528, 221, 1, 5, 1
601, 2, 466, 16, 528, 221, 1, 5, 1
602, 2, 466, 16, 528, 221, 1, 5, 1
603, 2, 469, 23, 528, 221, 1, 5, 1
604, 2, 469, 23, 528, 221, 1, 5, 1
605, 2, 469, 23, 528, 221, 1, 5, 1
606, 2, 469, 23, 528, 221, 1, 5, 1
607, 2, 469, 23, 528, 221, 1, 5, 1
608, 2, 469, 23, 528, 221, 1, 5, 1
609, 2, 469, 23, 528, 221, 1, 5, 1
610, 2, 469, 23, 528, 221, 1, 5, 1
611, 2, 471, 31, 528, 221, 1, 5, 1
612, 2, 471, 31, 528, 221, 1, 5, 1
613, 2, 471, 31, 528, 221, 1, 5, 1
614, 2, 471, 31, 528, 221, 1, 5, 1
615, 2, 471, 31, 528, 221, 1, 5, 1
616, 2, 471, 31, 528, 221, 1, 5, 1
617, 2, 471, 31, 528, 221, 1, 5, 1
618, 2, 471, 31, 528, 221, 1, 5, 1
619, 2, 471, 31, 528, 221, 1, 5, 1
620, 2, 471, 31, 528, 221, 1, 5, 1
621, 2, 471, 31, 528, 221, 1, 5, 1
622, 2, 471, 31, 528, 221, 1, 5, 1
623, 2, 471, 41, 528, 221, 1, 5, 1
624, 2, 471, 41, 528, 221, 1, 5, 1
625, 2, 471, 41, 528, 221, 1, 5, 1
626, 2, 471, 41, 528, 221, 1, 5, 1
627, 2, 471, 41, 528, 221, 1, 5, 1
628, 2, 471, 41, 528, 221, 1, 5, 1
629, 2, 471, 41, 528, 221, 1, 5, 1
630, 2, 471, 41, 528, 221, 1, 5, 1
631, 2, 471, 41, 528, 221, 1, 5, 1
632, 2, 471, 41, 528, 221, 1, 5, 1
633, 2, 471, 41, 528, 221, 1, 5, 1
634, 2, 471, 41, 528, 221, 1, 5, 1
635, 2, 471, 41, 528, 221, 1, 5, 1
636, 2, 473, 48, 528, 221, 1, 5, 1
637, 2, 473, 48, 528, 221, 1, 5, 1
638, 2, 473, 48, 528, 221, 1, 5, 1
639, 2, 473, 48, 528, 221, 1, 5, 1
640, 2, 473, 48, 528, 221, 1, 5, 1
641, 2, 473, 48, 528, 221, 1, 5, 1
642, 2, 473, 48, 528, 221, 1, 5, 1
643, 2, 473, 48, 528, 221, 1, 5, 1
644, 2, 473, 48, 528, 221, 1, 5, 1
645, 2, 473, 48, 528, 221, 1, 5, 1
646, 2, 473, 48, 528, 221, 1, 5, 1
647, 2, 473, 48, 528, 221, 1, 5, 1
648, 2, 473, 48, 528, 221, 1, 5, 1
649, 2, 473, 48, 528, 221, 1, 5, 1
650, 2, 473, 48, 528, 221, 1, 5, 1
651, 2, 473, 48, 528, 221, 1, 5, 1
652, 2, 473, 48, 528, 221, 1, 5, 1
653, 2, 473, 48, 528, 221, 1, 5, 1
654, 2, 473, 48, 528, 221, 1, 5, 1
655, 2, 473, 48, 528, 221, 1, 5, 1
656, 2, 473, 48, 528, 221, 1, 5, 1
657, 2, 473, 48, 528, 221, 1, 5, 1
658, 2, 473, 48, 528, 221, 1, 5, 1
659, 2, 473, 48, 528, 221, 1, 5, 1
660, 2, 473, 48, 528, 221, 1, 5, 1
661, 2, 473, 48, 528, 221, 1, 5, 1
662, 2, 473, 48, 528, 221, 1, 5, 1
663, 2, 473, 48, 528, 221, 1, 5, 1
664, 2, 473, 48, 528, 221, 1, 5, 1
665, 2, 473, 48, 528, 221, 1, 5, 1
666, 2, 473, 48, 528, 221, 1, 5, 1
667, 2, 473, 48, 528, 221, 1, 5, 1
668, 2, 473, 48, 528, 221, 1, 5, 1
669, 2, 473, 48, 528, 221, 1, 5, 1
670, 2, 473, 48, 528, 221, 1, 5, 1
671, 2, 473, 48, 528, 221, 1, 5, 1
672, 2, 473, 48, 528, 221, 1, 5, 1
673, 2, 473, 48, 528, 221, 1, 5, 1
674, 2, 473, 48, 528, 221, 1, 5, 1
675, 2, 476, 44, 528, 221, 1, 5, 1
676, 2, 476, 44, 528, 221, 1, 5, 1
677, 2, 476, 44, 528, 221, 1, 5, 1
678, 2, 476, 44, 528, 221, 1, 5, 1
679, 2, 475, 38, 529, 221, 1, 5, 1
680, 2, 475, 38, 529, 221, 1, 5, 1
681, 2, 475, 38, 529, 221, 1, 5, 1
682, 2, 475, 38, 529, 221, 1, 5, 1
683, 2, 475, 38, 529, 221, 1, 5, 1
684, 2, 475, 38, 529, 221, 1, 5, 1
685, 2, 475, 38, 529, 221, 1, 5, 1
686, 2, 475, 38, 529, 221, 1, 5, 1
687, 2, 475, 38, 529, 221, 1, 5, 1
688, 2, 475, 30, 528, 221, 1, 5, 1
689, 2, 475, 30, 528, 221, 1, 5, 1
690, 2, 475, 30, 528, 221, 1, 5, 1
691, 2, 475, 30, 528, 221, 1, 5, 1
692, 2, 475, 30, 528, 221, 1, 5, 1
693, 2, 475, 30, 528, 221, 1, 5, 1
694, 2, 475, 30, 528, 221, 1, 5, 1
695, 2, 473, 24, 529, 221, 1, 5, 1
696, 2, 473, 24, 529, 221, 1, 5, 1
697, 2, 473, 24, 529, 221, 1, 5, 1
698, 2, 473, 24, 529, 221, 1, 5, 1
699, 2, 473, 24, 529, 221, 1, 5, 1
700, 2, 473, 24, 529, 221, 1, 5, 1
701, 2, 473, 24, 529, 221, 1, 5, 1
702, 2, 473, 17, 528, 221, 1, 5, 1
703, 2, 473, 17, 528, 221, 1, 5, 1
704, 2, 473, 17, 528, 221, 1, 5, 1
705, 2, 473, 17, 528, 221, 1, 5, 1
706, 2, 473, 17, 528, 221, 1, 5, 1
707, 2, 473, 17, 528, 221, 1, 5, 1
708, 2, 473, 17, 528, 221, 1, 5, 1
709, 2, 472, 13, 528, 221, 1, 5, 1
710, 2, 472, 13, 528, 221, 1, 5, 1
711, 2, 472, 13, 528, 221, 1, 5, 1
712, 2, 472, 8, 528, 221, 1, 5, 1
713, 2, 472, 8, 528, 221, 1, 5, 1
714, 2, 472, 8, 528, 221, 1, 5, 1
715, 2, 472, 8, 528, 221, 1, 5, 1
716, 2, 472, 8, 528, 221, 1, 5, 1
717, 2, 472, 8, 528, 221, 1, 5, 1
718, 2, 472, 8, 528, 221, 1, 5, 1
719, 2, 472, 5, 528, 221, 1, 5, 1
720, 2, 472, 5, 528, 221, 1, 5, 1
721, 2, 472, 5, 528, 221, 1, 5, 1
722, 2, 472, 5, 528, 221, 1, 5, 1
723, 2, 473, 1, 528, 220, 1, 5, 1
724, 2, 473, 1, 528, 220, 1, 5, 1
725, 2, 473, 1, 528, 220, 1, 5, 1
726, 2, 473, 1, 528, 220, 1, 5, 1
727, 2, 473, 1, 528, 220, 1, 5, 1
728, 2, 473, 1, 528, 220, 1, 5, 1
729, 2, 473, 1, 528, 220, 1, 5, 1
730, 2, 473, 1, 528, 220, 1, 5, 1
731, 2, 473, 1, 528, 220, 1, 5, 1
732, 2, 473, 1, 528, 220, 1, 5, 1
733, 2, 473, 1, 528, 220, 1, 5, 1
734, 2, 473, 1, 528, 220, 1, 5, 1
735, 2, 473, 1, 528, 220, 1, 5, 1
736, 2, 469, 1, 528, 215, 1, 5, 1
737, 2, 469, 1, 528, 215, 1, 5, 1
738, 2, 469, 1, 528, 215, 1, 5, 1
739, 2, 469, 1, 528, 215, 1, 5, 1
740, 2, 469, 1, 528, 215, 1, 5, 1
741, 2, 469, 1, 528, 215, 1, 5, 1
742, 2, 469, 1, 528, 215, 1, 5, 1
743, 2, 469, 1, 528, 215, 1, 5, 1
744, 2, 469, 1, 528, 215, 1, 5, 1
745, 2, 469, 1, 528, 215, 1, 5, 1
746, 2, 469, 1, 528, 215, 1, 5, 1
747, 2, 469, 1, 528, 215, 1, 5, 1
748, 2, 469, 1, 528, 215, 1, 5, 1
749, 2, 469, 1, 528, 215, 1, 5, 1
750, 2, 469, 1, 528, 215, 1, 5, 1