1, 1, 838, 436, 395, 297, 1, 5, 1
2, 1, 838, 438, 396, 293, 1, 5, 1
3, 1, 840, 437, 398, 295, 1, 5, 1
4, 1, 839, 439, 396, 290, 1, 5, 1
5, 1, 838, 438, 399, 294, 1, 5, 1
6, 1, 843, 438, 402, 292, 1, 5, 1
7, 1, 843, 438, 403, 294, 1, 5, 1
8, 1, 841, 438, 409, 289, 1, 5, 1
9, 1, 846, 438, 406, 288, 1, 5, 1
10, 1, 845, 438, 414, 286, 1, 5, 1
11, 1, 844, 436, 418, 289, 1, 5, 1
12, 1, 845, 437, 420, 286, 1, 5, 1
13, 1, 849, 436, 419, 291, 1, 5, 1
14, 1, 849, 437, 422, 285, 1, 5, 1
15, 1, 852, 435, 424, 287, 1, 5, 1
16, 1, 853, 436, 430, 284, 1, 5, 1
17, 1, 853, 434, 430, 286, 1, 5, 1
18, 1, 854, 436, 434, 284, 1, 5, 1
19, 1, 854, 435, 435, 283, 1, 5, 1
20, 1, 858, 438, 435, 280, 1, 5, 1
21, 1, 855, 436, 439, 283, 1, 5, 1
22, 1, 853, 437, 443, 278, 1, 5, 1
23, 1, 863, 438, 441, 277, 1, 5, 1
24, 1, 865, 436, 440, 277, 1, 5, 1
25, 1, 868, 437, 440, 274, 1, 5, 1
26, 1, 873, 437, 439, 276, 1, 5, 1
27, 1, 875, 437, 441, 274, 1, 5, 1
28, 1, 876, 437, 445, 274, 1, 5, 1
29, 1, 880, 438, 446, 275, 1, 5, 1
30, 1, 881, 437, 451, 276, 1, 5, 1
31, 1, 881, 436, 451, 275, 1, 5, 1
32, 1, 885, 435, 452, 275, 1, 5, 1
33, 1, 887, 437, 455, 274, 1, 5, 1
34, 1, 888, 435, 455, 275, 1, 5, 1
35, 1, 891, 434, 457, 276, 1, 5, 1
36, 1, 895, 436, 458, 275, 1, 5, 1
37, 1, 896, 438, 461, 272, 1, 5, 1
38, 1, 895, 434, 464, 274, 1, 5, 1
39, 1, 899, 437, 467, 273, 1, 5, 1
40, 1, 900, 435, 468, 273, 1, 5, 1
41, 1, 900, 436, 472, 273, 1, 5, 1
42, 1, 902, 436, 479, 273, 1, 5, 1
43, 1, 909, 435, 476, 269, 1, 5, 1
44, 1, 910, 436, 477, 271, 1, 5, 1
45, 1, 912, 436, 483, 271, 1, 5, 1
46, 1, 916, 437, 483, 268, 1, 5, 1
47, 1, 919, 434, 483, 270, 1, 5, 1
48, 1, 921, 438, 487, 268, 1, 5, 1
49, 1, 920, 436, 493, 269, 1, 5, 1
50, 1, 926, 437, 490, 267, 1, 5, 1
51, 1, 928, 439, 492, 264, 1, 5, 1
52, 1, 932, 439, 494, 265, 1, 5, 1
53, 1, 938, 436, 494, 266, 1, 5, 1
54, 1, 938, 442, 499, 261, 1, 5, 1
55, 1, 941, 440, 501, 261, 1, 5, 1
56, 1, 944, 438, 505, 262, 1, 5, 1
57, 1, 948, 438, 503, 262, 1, 5, 1
58, 1, 948, 437, 508, 262, 1, 5, 1
59, 1, 950, 439, 511, 260, 1, 5, 1
60, 1, 951, 438, 517, 261, 1, 5, 1
61, 1, 954, 438, 516, 261, 1, 5, 1
62, 1, 960, 438, 515, 260, 1, 5, 1
63, 1, 957, 439, 522, 259, 1, 5, 1
64, 1, 958, 441, 528, 257, 1, 5, 1
65, 1, 964, 441, 525, 258, 1, 5, 1
66, 1, 966, 440, 528, 258, 1, 5, 1
67, 1, 972, 437, 529, 260, 1, 5, 1
68, 1, 974, 439, 532, 259, 1, 5, 1
69, 1, 978, 438, 532, 259, 1, 5, 1
70, 1, 978, 439, 537, 258, 1, 5, 1
71, 1, 981, 443, 542, 256, 1, 5, 1
72, 1, 982, 443, 545, 255, 1, 5, 1
73, 1, 983, 443, 549, 254, 1, 5, 1
74, 1, 990, 443, 547, 255, 1, 5, 1
75, 1, 994, 442, 546, 255, 1, 5, 1
76, 1, 996, 441, 555, 256, 1, 5, 1
77, 1, 1002, 441, 556, 256, 1, 5, 1
78, 1, 1006, 441, 553, 257, 1, 5, 1
79, 1, 1010, 441, 557, 255, 1, 5, 1
80, 1, 1013, 441, 560, 256, 1, 5, 1
81, 1, 1017, 441, 564, 254, 1, 5, 1
82, 1, 1015, 441, 570, 256, 1, 5, 1
83, 1, 1024, 442, 570, 254, 1, 5, 1
84, 1, 1025, 441, 571, 254, 1, 5, 1
85, 1, 1028, 442, 573, 253, 1, 5, 1
86, 1, 1031, 443, 574, 253, 1, 5, 1
87, 1, 1037, 442, 574, 253, 1, 5, 1
88, 1, 1041, 441, 576, 254, 1, 5, 1
89, 1, 1046, 443, 575, 251, 1, 5, 1
90, 1, 1050, 442, 577, 253, 1, 5, 1
91, 1, 1052, 441, 580, 254, 1, 5, 1
92, 1, 1055, 441, 580, 254, 1, 5, 1
93, 1, 1059, 442, 585, 253, 1, 5, 1
94, 1, 1063, 442, 584, 253, 1, 5, 1
95, 1, 1066, 442, 590, 253, 1, 5, 1
96, 1, 1069, 442, 593, 253, 1, 5, 1
97, 1, 1074, 442, 594, 253, 1, 5, 1
98, 1, 1078, 440, 593, 255, 1, 5, 1
99, 1, 1081, 443, 599, 251, 1, 5, 1
100, 1, 1089, 445, 597, 250, 1, 5, 1
101, 1, 1092, 444, 599, 250, 1, 5, 1
102, 1, 1094, 443, 601, 250, 1, 5, 1
103, 1, 1099, 442, 603, 253, 1, 5, 1
104, 1, 1103, 443, 604, 251, 1, 5, 1
105, 1, 1107, 445, 606, 249, 1, 5, 1
106, 1, 1111, 445, 606, 250, 1, 5, 1
107, 1, 1115, 445, 608, 249, 1, 5, 1
108, 1, 1117, 446, 610, 248, 1, 5, 1
109, 1, 1124, 446, 612, 248, 1, 5, 1
110, 1, 1127, 447, 612, 247, 1, 5, 1
111, 1, 1131, 447, 615, 246, 1, 5, 1
112, 1, 1137, 447, 612, 245, 1, 5, 1
113, 1, 1140, 448, 617, 244, 1, 5, 1
114, 1, 1145, 448, 615, 245, 1, 5, 1
115, 1, 1148, 448, 616, 244, 1, 5, 1
116, 1, 1154, 449, 619, 243, 1, 5, 1
117, 1, 1157, 450, 623, 243, 1, 5, 1
118, 1, 1161, 450, 625, 243, 1, 5, 1
119, 1, 1161, 449, 629, 242, 1, 5, 1
120, 1, 1166, 448, 631, 243, 1, 5, 1
121, 1, 1174, 447, 631, 244, 1, 5, 1
122, 1, 1178, 446, 632, 245, 1, 5, 1
123, 1, 1180, 444, 634, 248, 1, 5, 1
124, 1, 1183, 446, 638, 247, 1, 5, 1
125, 1, 1189, 445, 637, 246, 1, 5, 1
126, 1, 1194, 444, 639, 248, 1, 5, 1
127, 1, 1203, 445, 638, 246, 1, 5, 1
128, 1, 1209, 447, 635, 244, 1, 5, 1
129, 1, 1208, 447, 645, 243, 1, 5, 1
130, 1, 1213, 445, 646, 246, 1, 5, 1
131, 1, 1214, 444, 651, 249, 1, 5, 1
132, 1, 1222, 444, 647, 250, 1, 5, 1
133, 1, 1220, 445, 657, 245, 1, 5, 1
134, 1, 1222, 445, 657, 246, 1, 5, 1
135, 1, 1229, 444, 655, 247, 1, 5, 1
136, 1, 1227, 445, 660, 245, 1, 5, 1
137, 1, 1236, 446, 661, 244, 1, 5, 1
138, 1, 1243, 447, 659, 244, 1, 5, 1
139, 1, 1251, 447, 654, 244, 1, 5, 1
140, 1, 1255, 446, 658, 243, 1, 5, 1
141, 1, 1260, 447, 656, 242, 1, 5, 1
142, 1, 1263, 446, 652, 241, 1, 5, 1
143, 1, 1266, 448, 649, 240, 1, 5, 1
144, 1, 1263, 447, 653, 240, 1, 5, 1
145, 1, 1278, 448, 638, 239, 1, 5, 1
146, 1, 1281, 448, 633, 238, 1, 5, 1
147, 1, 1286, 449, 630, 239, 1, 5, 1
148, 1, 1292, 446, 625, 242, 1, 5, 1
149, 1, 1296, 445, 621, 243, 1, 5, 1
150, 1, 1295, 448, 620, 241, 1, 5, 1
151, 1, 1303, 448, 612, 241, 1, 5, 1
152, 1, 1307, 452, 607, 237, 1, 5, 1
153, 1, 1308, 447, 604, 241, 1, 5, 1
154, 1, 1312, 446, 600, 243, 1, 5, 1
155, 1, 1316, 450, 598, 238, 1, 5, 1
156, 1, 1321, 453, 593, 235, 1, 5, 1
157, 1, 1327, 452, 587, 235, 1, 5, 1
158, 1, 1331, 452, 585, 236, 1, 5, 1
159, 1, 1335, 453, 581, 235, 1, 5, 1
160, 1, 1337, 452, 580, 236, 1, 5, 1
161, 1, 1342, 452, 574, 236, 1, 5, 1
162, 1, 1346, 451, 569, 237, 1, 5, 1
163, 1, 1351, 450, 566, 237, 1, 5, 1
164, 1, 1355, 449, 562, 239, 1, 5, 1
165, 1, 1358, 450, 557, 238, 1, 5, 1
166, 1, 1362, 449, 553, 239, 1, 5, 1
167, 1, 1365, 450, 551, 239, 1, 5, 1
168, 1, 1368, 449, 548, 239, 1, 5, 1
169, 1, 1374, 450, 543, 238, 1, 5, 1
170, 1, 1377, 450, 539, 238, 1, 5, 1
171, 1, 1378, 449, 541, 240, 1, 5, 1
172, 1, 1387, 450, 529, 240, 1, 5, 1
173, 1, 1388, 454, 528, 236, 1, 5, 1
174, 1, 1390, 451, 526, 240, 1, 5, 1
175, 1, 1396, 457, 521, 235, 1, 5, 1
176, 1, 1400, 458, 515, 233, 1, 5, 1
177, 1, 1400, 461, 513, 230, 1, 5, 1
178, 1, 1408, 459, 506, 232, 1, 5, 1
179, 1, 1411, 460, 504, 231, 1, 5, 1
180, 1, 1414, 460, 500, 230, 1, 5, 1
181, 1, 1417, 462, 496, 229, 1, 5, 1
182, 1, 1421, 466, 492, 224, 1, 5, 1
183, 1, 1428, 465, 484, 225, 1, 5, 1
184, 1, 1430, 465, 484, 226, 1, 5, 1
185, 1, 1437, 474, 479, 217, 1, 5, 1
186, 1, 1440, 474, 476, 217, 1, 5, 1
187, 1, 1443, 471, 472, 218, 1, 5, 1
188, 1, 1447, 468, 468, 222, 1, 5, 1
189, 1, 1451, 472, 464, 218, 1, 5, 1
190, 1, 1451, 474, 465, 216, 1, 5, 1
191, 1, 1458, 471, 458, 219, 1, 5, 1
192, 1, 1461, 472, 455, 219, 1, 5, 1
193, 1, 1465, 474, 450, 216, 1, 5, 1
194, 1, 1466, 474, 453, 216, 1, 5, 1
195, 1, 1468, 474, 450, 214, 1, 5, 1
196, 1, 1471, 475, 446, 215, 1, 5, 1
197, 1, 1472, 475, 446, 214, 1, 5, 1
198, 1, 1477, 475, 439, 213, 1, 5, 1
199, 1, 1481, 475, 436, 214, 1, 5, 1
200, 1, 1487, 475, 427, 215, 1, 5, 1
201, 1, 1493, 475, 423, 214, 1, 5, 1
202, 1, 1495, 474, 420, 217, 1, 5, 1
203, 1, 1496, 473, 419, 217, 1, 5, 1
204, 1, 1497, 472, 419, 217, 1, 5, 1
205, 1, 1500, 477, 413, 212, 1, 5, 1
206, 1, 1502, 478, 409, 209, 1, 5, 1
207, 1, 1505, 477, 407, 210, 1, 5, 1
208, 1, 1508, 478, 403, 210, 1, 5, 1
209, 1, 1512, 478, 403, 210, 1, 5, 1
210, 1, 1515, 478, 398, 210, 1, 5, 1
211, 1, 1517, 475, 396, 212, 1, 5, 1
212, 1, 1519, 478, 394, 208, 1, 5, 1
213, 1, 1522, 477, 391, 209, 1, 5, 1
214, 1, 1524, 480, 387, 205, 1, 5, 1
215, 1, 1526, 476, 386, 209, 1, 5, 1
216, 1, 1531, 478, 381, 208, 1, 5, 1
217, 1, 1532, 479, 381, 207, 1, 5, 1
218, 1, 1534, 479, 377, 208, 1, 5, 1
219, 1, 1536, 478, 375, 207, 1, 5, 1
220, 1, 1537, 480, 375, 206, 1, 5, 1
221, 1, 1541, 479, 373, 208, 1, 5, 1
222, 1, 1541, 478, 372, 209, 1, 5, 1
223, 1, 1544, 479, 369, 209, 1, 5, 1
224, 1, 1544, 479, 366, 208, 1, 5, 1
225, 1, 1547, 479, 364, 210, 1, 5, 1
226, 1, 1547, 480, 362, 208, 1, 5, 1
227, 1, 1548, 480, 363, 208, 1, 5, 1
228, 1, 1550, 480, 363, 207, 1, 5, 1
229, 1, 1552, 483, 359, 205, 1, 5, 1
230, 1, 1554, 481, 357, 207, 1, 5, 1
231, 1, 1553, 481, 358, 206, 1, 5, 1
232, 1, 1553, 480, 359, 207, 1, 5, 1
233, 1, 1557, 480, 356, 208, 1, 5, 1
234, 1, 1558, 479, 354, 209, 1, 5, 1
235, 1, 1560, 481, 352, 207, 1, 5, 1
236, 1, 1560, 480, 353, 209, 1, 5, 1
237, 1, 1561, 479, 353, 209, 1, 5, 1
238, 1, 1561, 479, 355, 208, 1, 5, 1
239, 1, 1562, 479, 352, 209, 1, 5, 1
240, 1, 1564, 478, 347, 211, 1, 5, 1
241, 1, 1564, 478, 348, 211, 1, 5, 1
242, 1, 1564, 479, 350, 210, 1, 5, 1
243, 1, 1566, 479, 346, 210, 1, 5, 1
244, 1, 1566, 479, 346, 211, 1, 5, 1
245, 1, 1565, 478, 345, 211, 1, 5, 1
246, 1, 1565, 477, 348, 213, 1, 5, 1
247, 1, 1566, 479, 346, 210, 1, 5, 1
248, 1, 1566, 478, 346, 211, 1, 5, 1
249, 1, 1565, 478, 349, 212, 1, 5, 1
250, 1, 1566, 478, 348, 213, 1, 5, 1
251, 1, 1567, 478, 349, 214, 1, 5, 1
252, 1, 1566, 478, 349, 213, 1, 5, 1
253, 1, 1567, 478, 350, 214, 1, 5, 1
254, 1, 1566, 478, 350, 214, 1, 5, 1
255, 1, 1566, 478, 351, 214, 1, 5, 1
256, 1, 1567, 478, 347, 213, 1, 5, 1
257, 1, 1566, 478, 349, 214, 1, 5, 1
258, 1, 1565, 478, 350, 213, 1, 5, 1
259, 1, 1566, 478, 350, 214, 1, 5, 1
260, 1, 1566, 478, 351, 214, 1, 5, 1
261, 1, 1567, 478, 350, 214, 1, 5, 1
262, 1, 1567, 478, 348, 213, 1, 5, 1
263, 1, 1567, 478, 350, 214, 1, 5, 1
264, 1, 1566, 478, 351, 213, 1, 5, 1
265, 1, 1567, 479, 350, 213, 1, 5, 1
266, 1, 1566, 478, 350, 213, 1, 5, 1
267, 1, 1566, 478, 351, 214, 1, 5, 1
268, 1, 1567, 478, 349, 214, 1, 5, 1
269, 1, 1565, 479, 351, 214, 1, 5, 1
270, 1, 1566, 479, 350, 214, 1, 5, 1
271, 1, 1566, 479, 351, 212, 1, 5, 1
272, 1, 1565, 479, 351, 212, 1, 5, 1
273, 1, 1566, 478, 350, 214, 1, 5, 1
274, 1, 1566, 478, 350, 214, 1, 5, 1
275, 1, 1566, 478, 350, 214, 1, 5, 1
276, 1, 1566, 479, 350, 213, 1, 5, 1
277, 1, 1567, 477, 349, 215, 1, 5, 1
278, 1, 1564, 476, 350, 217, 1, 5, 1
279, 1, 1566, 478, 351, 214, 1, 5, 1
280, 1, 1565, 478, 351, 215, 1, 5, 1
281, 1, 1566, 477, 349, 215, 1, 5, 1
282, 1, 1567, 479, 350, 212, 1, 5, 1
283, 1, 1565, 478, 352, 213, 1, 5, 1
284, 1, 1565, 478, 351, 213, 1, 5, 1
285, 1, 1565, 477, 352, 215, 1, 5, 1
286, 1, 1564, 479, 352, 214, 1, 5, 1
287, 1, 1563, 479, 352, 214, 1, 5, 1
288, 1, 1564, 479, 353, 212, 1, 5, 1
289, 1, 1561, 480, 353, 213, 1, 5, 1
290, 1, 1560, 479, 352, 213, 1, 5, 1
291, 1, 1560, 480, 352, 213, 1, 5, 1
292, 1, 1559, 479, 354, 212, 1, 5, 1
293, 1, 1557, 479, 356, 212, 1, 5, 1
294, 1, 1558, 479, 355, 212, 1, 5, 1
295, 1, 1557, 481, 353, 211, 1, 5, 1
296, 1, 1556, 479, 355, 212, 1, 5, 1
297, 1, 1553, 480, 358, 212, 1, 5, 1
298, 1, 1553, 480, 360, 211, 1, 5, 1
299, 1, 1553, 479, 356, 211, 1, 5, 1
300, 1, 1551, 480, 357, 210, 1, 5, 1
301, 1, 1549, 478, 366, 212, 1, 5, 1
302, 1, 1549, 479, 365, 213, 1, 5, 1
303, 1, 1547, 480, 366, 212, 1, 5, 1
304, 1, 1547, 480, 364, 212, 1, 5, 1
305, 1, 1542, 479, 372, 213, 1, 5, 1
306, 1, 1540, 478, 373, 214, 1, 5, 1
307, 1, 1539, 477, 375, 213, 1, 5, 1
308, 1, 1537, 477, 377, 215, 1, 5, 1
309, 1, 1533, 477, 382, 212, 1, 5, 1
310, 1, 1533, 477, 382, 214, 1, 5, 1
311, 1, 1531, 479, 384, 210, 1, 5, 1
312, 1, 1524, 479, 390, 212, 1, 5, 1
313, 1, 1525, 480, 387, 211, 1, 5, 1
314, 1, 1523, 480, 391, 212, 1, 5, 1
315, 1, 1521, 479, 392, 212, 1, 5, 1
316, 1, 1517, 479, 395, 212, 1, 5, 1
317, 1, 1517, 481, 395, 211, 1, 5, 1
318, 1, 1512, 479, 399, 211, 1, 5, 1
319, 1, 1510, 482, 400, 208, 1, 5, 1
320, 1, 1510, 480, 402, 209, 1, 5, 1
321, 1, 1507, 481, 406, 209, 1, 5, 1
322, 1, 1507, 481, 405, 209, 1, 5, 1
323, 1, 1503, 481, 408, 209, 1, 5, 1
324, 1, 1501, 481, 409, 211, 1, 5, 1
325, 1, 1497, 482, 415, 209, 1, 5, 1
326, 1, 1493, 481, 420, 210, 1, 5, 1
327, 1, 1489, 482, 422, 207, 1, 5, 1
328, 1, 1488, 482, 425, 209, 1, 5, 1
329, 1, 1483, 478, 432, 212, 1, 5, 1
330, 1, 1478, 479, 437, 211, 1, 5, 1
331, 1, 1477, 478, 440, 213, 1, 5, 1
332, 1, 1472, 480, 443, 211, 1, 5, 1
333, 1, 1471, 480, 443, 211, 1, 5, 1
334, 1, 1470, 481, 445, 209, 1, 5, 1
335, 1, 1464, 480, 450, 210, 1, 5, 1
336, 1, 1461, 481, 453, 209, 1, 5, 1
337, 1, 1457, 479, 458, 211, 1, 5, 1
338, 1, 1457, 480, 457, 211, 1, 5, 1
339, 1, 1452, 480, 463, 210, 1, 5, 1
340, 1, 1449, 479, 465, 211, 1, 5, 1
341, 1, 1447, 481, 466, 209, 1, 5, 1
342, 1, 1441, 480, 471, 209, 1, 5, 1
343, 1, 1441, 479, 473, 210, 1, 5, 1
344, 1, 1439, 478, 475, 212, 1, 5, 1
345, 1, 1433, 477, 479, 213, 1, 5, 1
346, 1, 1433, 477, 479, 213, 1, 5, 1
347, 1, 1428, 478, 482, 212, 1, 5, 1
348, 1, 1426, 477, 487, 214, 1, 5, 1
349, 1, 1421, 477, 488, 213, 1, 5, 1
350, 1, 1419, 479, 488, 212, 1, 5, 1
351, 1, 1415, 478, 493, 216, 1, 5, 1
352, 1, 1414, 473, 496, 221, 1, 5, 1
353, 1, 1412, 472, 499, 223, 1, 5, 1
354, 1, 1406, 474, 505, 221, 1, 5, 1
355, 1, 1403, 470, 506, 225, 1, 5, 1
356, 1, 1399, 467, 513, 227, 1, 5, 1
357, 1, 1400, 466, 511, 228, 1, 5, 1
358, 1, 1398, 465, 511, 231, 1, 5, 1
359, 1, 1396, 465, 512, 229, 1, 5, 1
360, 1, 1393, 464, 515, 230, 1, 5, 1
361, 1, 1391, 460, 518, 234, 1, 5, 1
362, 1, 1388, 459, 523, 235, 1, 5, 1
363, 1, 1389, 458, 520, 236, 1, 5, 1
364, 1, 1385, 459, 524, 236, 1, 5, 1
365, 1, 1382, 454, 528, 238, 1, 5, 1
366, 1, 1383, 458, 525, 236, 1, 5, 1
367, 1, 1378, 452, 534, 240, 1, 5, 1
368, 1, 1374, 452, 537, 242, 1, 5, 1
369, 1, 1374, 451, 538, 242, 1, 5, 1
370, 1, 1372, 454, 540, 239, 1, 5, 1
371, 1, 1368, 449, 545, 244, 1, 5, 1
372, 1, 1364, 449, 548, 245, 1, 5, 1
373, 1, 1364, 448, 551, 245, 1, 5, 1
374, 1, 1364, 450, 550, 242, 1, 5, 1
375, 1, 1358, 447, 555, 243, 1, 5, 1
376, 1, 1356, 448, 556, 244, 1, 5, 1
377, 1, 1357, 453, 557, 239, 1, 5, 1
378, 1, 1353, 449, 562, 243, 1, 5, 1
379, 1, 1353, 451, 559, 241, 1, 5, 1
380, 1, 1352, 449, 562, 243, 1, 5, 1
381, 1, 1347, 451, 565, 240, 1, 5, 1
382, 1, 1344, 450, 570, 241, 1, 5, 1
383, 1, 1342, 452, 573, 241, 1, 5, 1
384, 1, 1340, 449, 576, 241, 1, 5, 1
385, 1, 1338, 456, 579, 235, 1, 5, 1
386, 1, 1334, 455, 582, 234, 1, 5, 1
387, 1, 1333, 455, 580, 234, 1, 5, 1
388, 1, 1330, 454, 584, 237, 1, 5, 1
389, 1, 1325, 454, 591, 236, 1, 5, 1
390, 1, 1323, 455, 594, 237, 1, 5, 1
391, 1, 1321, 456, 595, 235, 1, 5, 1
392, 1, 1320, 454, 592, 239, 1, 5, 1
393, 1, 1318, 452, 597, 240, 1, 5, 1
394, 1, 1316, 456, 599, 236, 1, 5, 1
395, 1, 1315, 456, 600, 236, 1, 5, 1
396, 1, 1312, 456, 602, 236, 1, 5, 1
397, 1, 1310, 455, 604, 237, 1, 5, 1
398, 1, 1309, 458, 606, 235, 1, 5, 1
399, 1, 1304, 454, 606, 238, 1, 5, 1
400, 1, 1301, 456, 611, 238, 1, 5, 1
401, 1, 1302, 458, 611, 237, 1, 5, 1
402, 1, 1298, 458, 615, 237, 1, 5, 1
403, 1, 1297, 456, 613, 238, 1, 5, 1
404, 1, 1297, 457, 614, 238, 1, 5, 1
405, 1, 1294, 457, 621, 238, 1, 5, 1
406, 1, 1290, 458, 623, 237, 1, 5, 1
407, 1, 1285, 459, 626, 236, 1, 5, 1
408, 1, 1285, 459, 628, 236, 1, 5, 1
409, 1, 1283, 458, 633, 236, 1, 5, 1
410, 1, 1282, 455, 634, 238, 1, 5, 1
411, 1, 1283, 456, 633, 238, 1, 5, 1
412, 1, 1279, 455, 638, 240, 1, 5, 1
413, 1, 1274, 457, 643, 238, 1, 5, 1
414, 1, 1272, 455, 646, 239, 1, 5, 1
415, 1, 1266, 457, 653, 237, 1, 5, 1
416, 1, 1263, 455, 656, 239, 1, 5, 1
417, 1, 1257, 453, 659, 240, 1, 5, 1
418, 1, 1257, 456, 661, 237, 1, 5, 1
419, 1, 1257, 457, 662, 237, 1, 5, 1
420, 1, 1252, 452, 664, 242, 1, 5, 1
421, 1, 1250, 453, 662, 241, 1, 5, 1
422, 1, 1248, 453, 664, 241, 1, 5, 1
423, 1, 1242, 449, 673, 244, 1, 5, 1
424, 1, 1240, 449, 674, 244, 1, 5, 1
425, 1, 1243, 450, 668, 243, 1, 5, 1
426, 1, 1237, 451, 676, 242, 1, 5, 1
427, 1, 1234, 451, 679, 244, 1, 5, 1
428, 1, 1229, 452, 686, 242, 1, 5, 1
429, 1, 1224, 453, 688, 241, 1, 5, 1
430, 1, 1221, 447, 691, 247, 1, 5, 1
431, 1, 1217, 450, 695, 245, 1, 5, 1
432, 1, 1213, 452, 700, 242, 1, 5, 1
433, 1, 1212, 450, 699, 244, 1, 5, 1
434, 1, 1207, 450, 701, 244, 1, 5, 1
435, 1, 1210, 450, 697, 245, 1, 5, 1
436, 1, 1207, 452, 699, 243, 1, 5, 1
437, 1, 1201, 453, 698, 242, 1, 5, 1
438, 1, 1194, 453, 705, 240, 1, 5, 1
439, 1, 1197, 454, 699, 241, 1, 5, 1
440, 1, 1191, 453, 702, 242, 1, 5, 1
441, 1, 1189, 455, 707, 239, 1, 5, 1
442, 1, 1185, 454, 708, 242, 1, 5, 1
443, 1, 1181, 453, 704, 243, 1, 5, 1
444, 1, 1179, 451, 705, 243, 1, 5, 1
445, 1, 1176, 450, 704, 244, 1, 5, 1
446, 1, 1171, 453, 706, 242, 1, 5, 1
447, 1, 1163, 447, 706, 247, 1, 5, 1
448, 1, 1161, 450, 707, 244, 1, 5, 1
449, 1, 1162, 452, 705, 242, 1, 5, 1
450, 1, 1154, 452, 707, 242, 1, 5, 1
451, 1, 1149, 451, 706, 243, 1, 5, 1
452, 1, 1151, 452, 706, 242, 1, 5, 1
453, 1, 1147, 451, 705, 244, 1, 5, 1
454, 1, 1139, 448, 707, 245, 1, 5, 1
455, 1, 1137, 451, 706, 242, 1, 5, 1
456, 1, 1137, 452, 702, 241, 1, 5, 1
457, 1, 1132, 451, 703, 243, 1, 5, 1
458, 1, 1130, 450, 704, 243, 1, 5, 1
459, 1, 1129, 453, 701, 241, 1, 5, 1
460, 1, 1125, 452, 702, 241, 1, 5, 1
461, 1, 1121, 451, 704, 244, 1, 5, 1
462, 1, 1118, 451, 708, 243, 1, 5, 1
463, 1, 1115, 452, 706, 242, 1, 5, 1
464, 1, 1111, 451, 702, 242, 1, 5, 1
465, 1, 1108, 452, 704, 241, 1, 5, 1
466, 1, 1108, 452, 702, 241, 1, 5, 1
467, 1, 1104, 451, 702, 241, 1, 5, 1
468, 1, 1102, 452, 701, 240, 1, 5, 1
469, 1, 1099, 451, 707, 241, 1, 5, 1
470, 1, 1093, 452, 704, 241, 1, 5, 1
471, 1, 1094, 450, 697, 242, 1, 5, 1
472, 1, 1089, 451, 698, 243, 1, 5, 1
473, 1, 1086, 451, 701, 241, 1, 5, 1
474, 1, 1082, 452, 705, 239, 1, 5, 1
475, 1, 1087, 448, 696, 243, 1, 5, 1
476, 1, 1085, 449, 693, 242, 1, 5, 1
477, 1, 1086, 451, 693, 240, 1, 5, 1
478, 1, 1091, 451, 676, 239, 1, 5, 1
479, 1, 1092, 451, 675, 239, 1, 5, 1
480, 1, 1094, 453, 670, 238, 1, 5, 1
481, 1, 1094, 452, 667, 238, 1, 5, 1
482, 1, 1090, 449, 670, 241, 1, 5, 1
483, 1, 1093, 451, 662, 239, 1, 5, 1
484, 1, 1092, 449, 658, 242, 1, 5, 1
485, 1, 1089, 448, 655, 243, 1, 5, 1
486, 1, 1093, 446, 651, 245, 1, 5, 1
487, 1, 1092, 445, 650, 246, 1, 5, 1
488, 1, 1091, 442, 650, 250, 1, 5, 1
489, 1, 1091, 441, 648, 250, 1, 5, 1
490, 1, 1092, 443, 643, 248, 1, 5, 1
491, 1, 1092, 443, 643, 248, 1, 5, 1
492, 1, 1093, 440, 634, 248, 1, 5, 1
493, 1, 1093, 444, 632, 248, 1, 5, 1
494, 1, 1095, 444, 628, 247, 1, 5, 1
495, 1, 1094, 443, 624, 247, 1, 5, 1
496, 1, 1097, 443, 623, 247, 1, 5, 1
497, 1, 1101, 444, 612, 246, 1, 5, 1
498, 1, 1103, 444, 606, 246, 1, 5, 1
499, 1, 1101, 442, 604, 248, 1, 5, 1
500, 1, 1103, 442, 601, 249, 1, 5, 1
501, 1, 1108, 440, 593, 248, 1, 5, 1
502, 1, 1109, 439, 590, 250, 1, 5, 1
503, 1, 1105, 440, 592, 247, 1, 5, 1
504, 1, 1111, 441, 583, 247, 1, 5, 1
505, 1, 1110, 442, 581, 245, 1, 5, 1
506, 1, 1111, 442, 579, 246, 1, 5, 1
507, 1, 1112, 440, 574, 247, 1, 5, 1
508, 1, 1113, 440, 566, 247, 1, 5, 1
509, 1, 1115, 441, 562, 246, 1, 5, 1
510, 1, 1116, 441, 558, 246, 1, 5, 1
511, 1, 1119, 441, 555, 246, 1, 5, 1
512, 1, 1118, 439, 551, 248, 1, 5, 1
513, 1, 1119, 441, 549, 246, 1, 5, 1
514, 1, 1123, 439, 542, 248, 1, 5, 1
515, 1, 1123, 439, 543, 247, 1, 5, 1
516, 1, 1124, 436, 534, 250, 1, 5, 1
517, 1, 1127, 440, 531, 246, 1, 5, 1
518, 1, 1131, 438, 524, 248, 1, 5, 1
519, 1, 1131, 438, 517, 248, 1, 5, 1
520, 1, 1130, 438, 517, 248, 1, 5, 1
521, 1, 1133, 439, 512, 246, 1, 5, 1
522, 1, 1132, 438, 509, 248, 1, 5, 1
523, 1, 1133, 439, 506, 248, 1, 5, 1
524, 1, 1136, 440, 496, 247, 1, 5, 1
525, 1, 1138, 441, 492, 244, 1, 5, 1
526, 1, 1137, 441, 492, 243, 1, 5, 1
527, 1, 1137, 442, 489, 242, 1, 5, 1
528, 1, 1137, 443, 488, 241, 1, 5, 1
529, 1, 1136, 441, 484, 244, 1, 5, 1
530, 1, 1139, 442, 476, 243, 1, 5, 1
531, 1, 1143, 442, 470, 243, 1, 5, 1
532, 1, 1143, 441, 464, 245, 1, 5, 1
533, 1, 1143, 440, 464, 244, 1, 5, 1
534, 1, 1147, 441, 458, 244, 1, 5, 1
535, 1, 1149, 439, 453, 247, 1, 5, 1
536, 1, 1148, 439, 450, 246, 1, 5, 1
537, 1, 1153, 438, 443, 247, 1, 5, 1
538, 1, 1155, 437, 436, 248, 1, 5, 1
539, 1, 1157, 437, 427, 249, 1, 5, 1
540, 1, 1158, 438, 425, 247, 1, 5, 1
541, 1, 1157, 439, 425, 247, 1, 5, 1
542, 1, 1157, 437, 423, 248, 1, 5, 1
543, 1, 1157, 438, 421, 249, 1, 5, 1
544, 1, 1160, 438, 416, 249, 1, 5, 1
545, 1, 1159, 439, 413, 249, 1, 5, 1
546, 1, 1158, 439, 409, 247, 1, 5, 1
547, 1, 1159, 438, 406, 247, 1, 5, 1
548, 1, 1157, 440, 408, 245, 1, 5, 1
549, 1, 1157, 436, 404, 249, 1, 5, 1
550, 1, 1159, 436, 399, 249, 1, 5, 1
551, 1, 1161, 436, 395, 250, 1, 5, 1
552, 1, 1161, 436, 390, 250, 1, 5, 1
553, 1, 1166, 437, 377, 248, 1, 5, 1
554, 1, 1167, 438, 374, 247, 1, 5, 1
555, 1, 1162, 432, 378, 253, 1, 5, 1
556, 1, 1156, 434, 380, 251, 1, 5, 1
557, 1, 1160, 433, 374, 251, 1, 5, 1
558, 1, 1170, 435, 361, 250, 1, 5, 1
559, 1, 1167, 435, 360, 249, 1, 5, 1
560, 1, 1168, 434, 356, 250, 1, 5, 1
561, 1, 1169, 435, 353, 250, 1, 5, 1
562, 1, 1167, 434, 353, 249, 1, 5, 1
563, 1, 1174, 435, 340, 249, 1, 5, 1
564, 1, 1168, 434, 348, 250, 1, 5, 1
565, 1, 1170, 436, 340, 248, 1, 5, 1
566, 1, 1167, 436, 337, 247, 1, 5, 1
567, 1, 1163, 436, 339, 248, 1, 5, 1
568, 1, 1164, 435, 333, 248, 1, 5, 1
569, 1, 1163, 436, 332, 248, 1, 5, 1
570, 1, 1161, 435, 329, 249, 1, 5, 1
571, 1, 1161, 436, 324, 249, 1, 5, 1
572, 1, 1163, 435, 320, 249, 1, 5, 1
573, 1, 1161, 436, 320, 247, 1, 5, 1
574, 1, 1164, 436, 313, 247, 1, 5, 1
575, 1, 1163, 435, 311, 248, 1, 5, 1
576, 1, 1164, 434, 309, 249, 1, 5, 1
577, 1, 1161, 435, 308, 249, 1, 5, 1
578, 1, 1162, 436, 302, 247, 1, 5, 1
579, 1, 1162, 435, 300, 248, 1, 5, 1
580, 1, 1163, 433, 295, 249, 1, 5, 1
581, 1, 1163, 433, 293, 248, 1, 5, 1
582, 1, 1161, 433, 293, 249, 1, 5, 1
583, 1, 1160, 433, 290, 247, 1, 5, 1
584, 1, 1156, 432, 293, 249, 1, 5, 1
585, 1, 1156, 433, 288, 248, 1, 5, 1
586, 1, 1156, 433, 286, 248, 1, 5, 1
587, 1, 1154, 433, 283, 246, 1, 5, 1
588, 1, 1155, 432, 281, 249, 1, 5, 1
589, 1, 1154, 433, 278, 248, 1, 5, 1
590, 1, 1155, 431, 273, 249, 1, 5, 1
591, 1, 1156, 433, 267, 248, 1, 5, 1
592, 1, 1154, 433, 268, 249, 1, 5, 1
593, 1, 1154, 433, 264, 249, 1, 5, 1
594, 1, 1152, 433, 262, 247, 1, 5, 1
595, 1, 1154, 434, 259, 247, 1, 5, 1
596, 1, 1152, 432, 258, 248, 1, 5, 1
597, 1, 1145, 434, 261, 248, 1, 5, 1
598, 1, 1143, 434, 261, 247, 1, 5, 1
599, 1, 1142, 433, 260, 247, 1, 5, 1
600, 1, 1146, 432, 248, 248, 1, 5, 1
664, 1, 560, 446, 301, 206, 1, 5, 1
665, 1, 558, 446, 317, 206, 1, 5, 1
666, 1, 559, 447, 294, 206, 1, 5, 1
667, 1, 555, 445, 314, 206, 1, 5, 1
668, 1, 554, 445, 324, 205, 1, 5, 1
669, 1, 554, 446, 274, 205, 1, 5, 1
670, 1, 554, 446, 274, 205, 1, 5, 1
671, 1, 549, 443, 319, 208, 1, 5, 1
672, 1, 547, 444, 251, 206, 1, 5, 1
673, 1, 545, 444, 304, 208, 1, 5, 1
674, 1, 541, 443, 285, 208, 1, 5, 1
675, 1, 540, 442, 296, 209, 1, 5, 1
676, 1, 541, 444, 309, 208, 1, 5, 1
677, 1, 544, 445, 280, 205, 1, 5, 1
678, 1, 541, 445, 288, 205, 1, 5, 1
679, 1, 539, 445, 298, 205, 1, 5, 1
680, 1, 533, 445, 319, 205, 1, 5, 1
681, 1, 529, 445, 303, 204, 1, 5, 1
682, 1, 528, 445, 291, 205, 1, 5, 1
683, 1, 529, 447, 295, 203, 1, 5, 1
684, 1, 525, 445, 294, 205, 1, 5, 1
685, 1, 523, 445, 306, 204, 1, 5, 1
686, 1, 523, 445, 306, 204, 1, 5, 1
687, 1, 523, 445, 306, 204, 1, 5, 1
688, 1, 523, 445, 306, 204, 1, 5, 1
689, 1, 513, 444, 307, 206, 1, 5, 1
690, 1, 513, 444, 307, 206, 1, 5, 1
691, 1, 510, 445, 303, 205, 1, 5, 1
692, 1, 508, 443, 296, 204, 1, 5, 1
693, 1, 509, 445, 298, 204, 1, 5, 1
694, 1, 507, 444, 296, 203, 1, 5, 1
695, 1, 502, 444, 304, 203, 1, 5, 1
696, 1, 502, 444, 303, 204, 1, 5, 1
697, 1, 502, 444, 303, 205, 1, 5, 1
698, 1, 500, 444, 299, 204, 1, 5, 1
699, 1, 497, 442, 302, 206, 1, 5, 1
700, 1, 497, 444, 300, 204, 1, 5, 1
701, 1, 497, 442, 296, 205, 1, 5, 1
702, 1, 494, 443, 299, 205, 1, 5, 1
703, 1, 493, 443, 295, 204, 1, 5, 1
704, 1, 493, 443, 295, 204, 1, 5, 1
705, 1, 493, 443, 295, 204, 1, 5, 1
706, 1, 493, 443, 295, 204, 1, 5, 1
707, 1, 493, 443, 295, 204, 1, 5, 1
708, 1, 493, 443, 295, 204, 1, 5, 1
709, 1, 493, 443, 295, 204, 1, 5, 1
710, 1, 482, 444, 295, 204, 1, 5, 1
711, 1, 482, 444, 295, 204, 1, 5, 1
712, 1, 476, 433, 377, 209, 1, 5, 1
713, 1, 476, 433, 377, 209, 1, 5, 1
714, 1, 476, 433, 377, 209, 1, 5, 1
715, 1, 476, 433, 377, 209, 1, 5, 1
716, 1, 476, 433, 377, 209, 1, 5, 1
717, 1, 476, 433, 377, 209, 1, 5, 1
718, 1, 470, 431, 436, 224, 1, 5, 1
719, 1, 468, 425, 448, 230, 1, 5, 1
720, 1, 467, 424, 446, 228, 1, 5, 1
721, 1, 467, 426, 444, 227, 1, 5, 1
722, 1, 462, 423, 448, 230, 1, 5, 1
723, 1, 462, 424, 438, 230, 1, 5, 1
724, 1, 461, 428, 429, 227, 1, 5, 1
725, 1, 458, 424, 444, 231, 1, 5, 1
726, 1, 454, 424, 442, 228, 1, 5, 1
727, 1, 456, 421, 441, 233, 1, 5, 1
728, 1, 456, 424, 443, 231, 1, 5, 1
729, 1, 452, 421, 454, 232, 1, 5, 1
730, 1, 451, 423, 456, 229, 1, 5, 1
731, 1, 451, 420, 451, 231, 1, 5, 1
732, 1, 448, 422, 435, 230, 1, 5, 1
733, 1, 445, 418, 439, 233, 1, 5, 1
734, 1, 447, 420, 446, 229, 1, 5, 1
735, 1, 443, 420, 433, 231, 1, 5, 1
736, 1, 440, 420, 442, 231, 1, 5, 1
737, 1, 441, 419, 440, 232, 1, 5, 1
738, 1, 437, 422, 451, 230, 1, 5, 1
739, 1, 437, 421, 429, 231, 1, 5, 1
740, 1, 438, 421, 431, 231, 1, 5, 1
741, 1, 438, 422, 450, 230, 1, 5, 1
742, 1, 436, 420, 449, 230, 1, 5, 1
743, 1, 435, 422, 447, 230, 1, 5, 1
744, 1, 434, 422, 466, 230, 1, 5, 1
745, 1, 433, 422, 451, 229, 1, 5, 1
746, 1, 431, 420, 448, 231, 1, 5, 1
747, 1, 430, 419, 450, 232, 1, 5, 1
748, 1, 429, 422, 454, 229, 1, 5, 1
749, 1, 426, 419, 450, 233, 1, 5, 1
750, 1, 427, 420, 447, 231, 1, 5, 1
751, 1, 424, 420, 448, 233, 1, 5, 1
752, 1, 425, 418, 448, 234, 1, 5, 1
753, 1, 420, 420, 461, 233, 1, 5, 1
754, 1, 420, 420, 460, 231, 1, 5, 1
755, 1, 420, 420, 458, 231, 1, 5, 1
756, 1, 417, 420, 462, 230, 1, 5, 1
757, 1, 415, 418, 462, 233, 1, 5, 1
758, 1, 415, 419, 459, 232, 1, 5, 1
759, 1, 413, 418, 462, 234, 1, 5, 1
760, 1, 409, 419, 456, 233, 1, 5, 1
761, 1, 410, 418, 458, 234, 1, 5, 1
762, 1, 410, 419, 458, 233, 1, 5, 1
763, 1, 408, 419, 459, 232, 1, 5, 1
764, 1, 407, 420, 460, 232, 1, 5, 1
765, 1, 407, 421, 456, 231, 1, 5, 1
766, 1, 403, 419, 459, 233, 1, 5, 1
767, 1, 400, 419, 451, 231, 1, 5, 1
768, 1, 399, 420, 458, 231, 1, 5, 1
769, 1, 399, 421, 456, 231, 1, 5, 1
770, 1, 398, 419, 454, 233, 1, 5, 1
771, 1, 395, 420, 452, 230, 1, 5, 1
772, 1, 396, 420, 450, 231, 1, 5, 1
773, 1, 394, 420, 454, 231, 1, 5, 1
774, 1, 392, 419, 454, 231, 1, 5, 1
775, 1, 390, 418, 452, 231, 1, 5, 1
776, 1, 391, 418, 451, 232, 1, 5, 1
777, 1, 388, 419, 452, 234, 1, 5, 1
778, 1, 387, 418, 451, 232, 1, 5, 1
779, 1, 388, 415, 449, 236, 1, 5, 1
780, 1, 386, 417, 451, 232, 1, 5, 1
781, 1, 382, 415, 453, 234, 1, 5, 1
782, 1, 385, 415, 448, 236, 1, 5, 1
783, 1, 382, 416, 454, 234, 1, 5, 1
784, 1, 381, 418, 455, 232, 1, 5, 1
785, 1, 380, 417, 450, 232, 1, 5, 1
786, 1, 379, 420, 449, 229, 1, 5, 1
787, 1, 380, 420, 447, 229, 1, 5, 1
788, 1, 378, 420, 446, 228, 1, 5, 1
789, 1, 377, 418, 444, 232, 1, 5, 1
790, 1, 372, 417, 446, 233, 1, 5, 1
791, 1, 374, 418, 446, 232, 1, 5, 1
792, 1, 371, 419, 449, 229, 1, 5, 1
793, 1, 370, 418, 445, 231, 1, 5, 1
794, 1, 370, 415, 446, 233, 1, 5, 1
795, 1, 368, 418, 445, 232, 1, 5, 1
796, 1, 369, 418, 441, 230, 1, 5, 1
797, 1, 365, 418, 444, 230, 1, 5, 1
798, 1, 364, 417, 443, 231, 1, 5, 1
799, 1, 364, 416, 441, 231, 1, 5, 1
800, 1, 364, 418, 440, 229, 1, 5, 1
41, 2, 5, 627, 509, 340, 1, 5, 1
42, 2, 2, 631, 521, 338, 1, 5, 1
43, 2, 2, 626, 533, 343, 1, 5, 1
44, 2, 3, 610, 539, 360, 1, 5, 1
45, 2, 5, 616, 545, 355, 1, 5, 1
46, 2, 4, 628, 555, 342, 1, 5, 1
47, 2, 3, 611, 569, 360, 1, 5, 1
48, 2, 4, 609, 575, 362, 1, 5, 1
49, 2, 2, 619, 586, 354, 1, 5, 1
50, 2, 4, 609, 590, 362, 1, 5, 1
51, 2, 5, 613, 600, 360, 1, 5, 1
52, 2, 7, 606, 609, 368, 1, 5, 1
53, 2, 6, 602, 623, 371, 1, 5, 1
54, 2, 6, 593, 626, 380, 1, 5, 1
55, 2, 6, 613, 642, 359, 1, 5, 1
56, 2, 6, 612, 645, 361, 1, 5, 1
57, 2, 5, 606, 656, 365, 1, 5, 1
58, 2, 5, 609, 663, 365, 1, 5, 1
59, 2, 3, 613, 673, 359, 1, 5, 1
60, 2, 4, 615, 679, 359, 1, 5, 1
61, 2, 4, 621, 688, 352, 1, 5, 1
62, 2, 2, 618, 697, 354, 1, 5, 1
63, 2, 2, 622, 707, 349, 1, 5, 1
64, 2, 1, 620, 711, 351, 1, 5, 1
65, 2, 2, 621, 720, 351, 1, 5, 1
66, 2, 4, 622, 728, 350, 1, 5, 1
67, 2, 4, 618, 733, 352, 1, 5, 1
68, 2, 5, 618, 738, 352, 1, 5, 1
69, 2, 5, 619, 748, 352, 1, 5, 1
70, 2, 3, 619, 756, 352, 1, 5, 1
71, 2, 3, 619, 768, 350, 1, 5, 1
72, 2, 4, 619, 769, 352, 1, 5, 1
73, 2, 6, 615, 773, 355, 1, 5, 1
74, 2, 7, 617, 778, 354, 1, 5, 1
75, 2, 4, 613, 789, 358, 1, 5, 1
76, 2, 4, 613, 796, 356, 1, 5, 1
77, 2, 7, 611, 798, 359, 1, 5, 1
78, 2, 7, 608, 805, 364, 1, 5, 1
79, 2, 7, 604, 811, 365, 1, 5, 1
80, 2, 4, 603, 816, 368, 1, 5, 1
81, 2, 6, 608, 818, 363, 1, 5, 1
82, 2, 5, 609, 824, 362, 1, 5, 1
83, 2, 6, 602, 829, 368, 1, 5, 1
84, 2, 6, 603, 835, 368, 1, 5, 1
85, 2, 4, 603, 843, 368, 1, 5, 1
86, 2, 5, 601, 846, 371, 1, 5, 1
87, 2, 6, 602, 849, 370, 1, 5, 1
88, 2, 5, 596, 859, 376, 1, 5, 1
89, 2, 5, 591, 861, 381, 1, 5, 1
90, 2, 6, 594, 864, 377, 1, 5, 1
91, 2, 3, 594, 871, 379, 1, 5, 1
92, 2, 3, 592, 875, 381, 1, 5, 1
93, 2, 5, 589, 878, 384, 1, 5, 1
94, 2, 4, 587, 883, 386, 1, 5, 1
95, 2, 3, 587, 891, 386, 1, 5, 1
96, 2, 4, 587, 894, 386, 1, 5, 1
97, 2, 4, 584, 895, 390, 1, 5, 1
98, 2, 4, 581, 899, 392, 1, 5, 1
99, 2, 4, 584, 902, 391, 1, 5, 1
100, 2, 4, 586, 905, 388, 1, 5, 1
101, 2, 5, 583, 909, 392, 1, 5, 1
102, 2, 4, 580, 914, 395, 1, 5, 1
103, 2, 2, 582, 917, 393, 1, 5, 1
104, 2, 2, 580, 922, 395, 1, 5, 1
105, 2, 4, 581, 920, 394, 1, 5, 1
106, 2, 3, 577, 924, 397, 1, 5, 1
107, 2, 3, 577, 926, 398, 1, 5, 1
108, 2, 4, 576, 927, 397, 1, 5, 1
109, 2, 3, 575, 929, 398, 1, 5, 1
110, 2, 3, 576, 933, 397, 1, 5, 1
111, 2, 3, 572, 934, 401, 1, 5, 1
112, 2, 2, 570, 935, 403, 1, 5, 1
113, 2, 3, 570, 936, 402, 1, 5, 1
114, 2, 5, 573, 937, 399, 1, 5, 1
115, 2, 4, 573, 939, 399, 1, 5, 1
116, 2, 4, 569, 941, 403, 1, 5, 1
117, 2, 4, 566, 943, 407, 1, 5, 1
118, 2, 5, 566, 941, 405, 1, 5, 1
119, 2, 6, 564, 941, 407, 1, 5, 1
120, 2, 4, 565, 946, 406, 1, 5, 1
121, 2, 8, 563, 945, 409, 1, 5, 1
122, 2, 2, 560, 952, 412, 1, 5, 1
123, 2, 4, 560, 950, 411, 1, 5, 1
124, 2, 4, 557, 950, 415, 1, 5, 1
125, 2, 8, 561, 947, 410, 1, 5, 1
126, 2, 9, 555, 949, 418, 1, 5, 1
127, 2, 10, 562, 949, 411, 1, 5, 1
128, 2, 8, 561, 951, 411, 1, 5, 1
129, 2, 7, 558, 954, 413, 1, 5, 1
130, 2, 5, 556, 955, 417, 1, 5, 1
131, 2, 4, 552, 958, 422, 1, 5, 1
132, 2, 5, 550, 958, 424, 1, 5, 1
133, 2, 6, 555, 957, 417, 1, 5, 1
134, 2, 8, 555, 959, 417, 1, 5, 1
135, 2, 8, 552, 958, 420, 1, 5, 1
136, 2, 9, 549, 958, 424, 1, 5, 1
137, 2, 7, 550, 962, 422, 1, 5, 1
138, 2, 9, 551, 959, 422, 1, 5, 1
139, 2, 10, 550, 959, 423, 1, 5, 1
140, 2, 9, 552, 962, 421, 1, 5, 1
141, 2, 7, 552, 964, 421, 1, 5, 1
142, 2, 6, 551, 965, 422, 1, 5, 1
143, 2, 6, 554, 967, 418, 1, 5, 1
144, 2, 6, 554, 965, 417, 1, 5, 1
145, 2, 4, 555, 967, 418, 1, 5, 1
146, 2, 2, 553, 968, 418, 1, 5, 1
147, 2, 3, 556, 966, 415, 1, 5, 1
148, 2, 3, 554, 966, 418, 1, 5, 1
149, 2, 2, 552, 968, 420, 1, 5, 1
150, 2, 2, 548, 967, 426, 1, 5, 1
151, 2, 4, 550, 968, 423, 1, 5, 1
152, 2, 10, 547, 962, 427, 1, 5, 1
153, 2, 10, 546, 960, 426, 1, 5, 1
154, 2, 12, 548, 960, 425, 1, 5, 1
155, 2, 12, 545, 958, 430, 1, 5, 1
156, 2, 20, 545, 950, 428, 1, 5, 1
157, 2, 32, 543, 937, 430, 1, 5, 1
158, 2, 37, 543, 930, 430, 1, 5, 1
159, 2, 50, 540, 918, 433, 1, 5, 1
160, 2, 54, 541, 914, 433, 1, 5, 1
161, 2, 63, 538, 901, 436, 1, 5, 1
162, 2, 71, 540, 891, 433, 1, 5, 1
163, 2, 78, 540, 884, 434, 1, 5, 1
164, 2, 85, 539, 875, 434, 1, 5, 1
165, 2, 89, 539, 870, 434, 1, 5, 1
166, 2, 95, 537, 859, 437, 1, 5, 1
167, 2, 101, 537, 855, 437, 1, 5, 1
168, 2, 108, 536, 846, 439, 1, 5, 1
169, 2, 115, 535, 837, 440, 1, 5, 1
170, 2, 120, 532, 830, 443, 1, 5, 1
171, 2, 127, 534, 824, 441, 1, 5, 1
172, 2, 134, 535, 817, 440, 1, 5, 1
173, 2, 141, 535, 809, 439, 1, 5, 1
174, 2, 144, 529, 806, 445, 1, 5, 1
175, 2, 156, 531, 793, 444, 1, 5, 1
176, 2, 157, 529, 790, 446, 1, 5, 1
177, 2, 162, 528, 786, 447, 1, 5, 1
178, 2, 168, 529, 778, 446, 1, 5, 1
179, 2, 174, 523, 773, 451, 1, 5, 1
180, 2, 177, 523, 765, 451, 1, 5, 1
181, 2, 186, 522, 759, 453, 1, 5, 1
182, 2, 195, 524, 749, 451, 1, 5, 1
183, 2, 198, 521, 746, 453, 1, 5, 1
184, 2, 208, 520, 737, 453, 1, 5, 1
185, 2, 215, 521, 729, 452, 1, 5, 1
186, 2, 219, 519, 723, 455, 1, 5, 1
187, 2, 223, 517, 719, 455, 1, 5, 1
188, 2, 228, 516, 716, 456, 1, 5, 1
189, 2, 235, 513, 706, 460, 1, 5, 1
190, 2, 238, 509, 703, 463, 1, 5, 1
191, 2, 245, 510, 696, 461, 1, 5, 1
192, 2, 249, 508, 691, 463, 1, 5, 1
193, 2, 255, 508, 684, 463, 1, 5, 1
194, 2, 258, 506, 681, 467, 1, 5, 1
195, 2, 260, 507, 677, 464, 1, 5, 1
196, 2, 266, 508, 670, 465, 1, 5, 1
197, 2, 268, 506, 667, 467, 1, 5, 1
198, 2, 274, 505, 661, 468, 1, 5, 1
199, 2, 280, 505, 655, 468, 1, 5, 1
200, 2, 283, 503, 651, 469, 1, 5, 1
201, 2, 285, 506, 648, 467, 1, 5, 1
202, 2, 289, 506, 641, 468, 1, 5, 1
203, 2, 291, 505, 640, 468, 1, 5, 1
204, 2, 291, 502, 640, 472, 1, 5, 1
205, 2, 298, 501, 631, 473, 1, 5, 1
206, 2, 303, 501, 624, 475, 1, 5, 1
207, 2, 309, 502, 619, 471, 1, 5, 1
208, 2, 310, 501, 617, 471, 1, 5, 1
209, 2, 313, 501, 616, 470, 1, 5, 1
210, 2, 321, 500, 609, 470, 1, 5, 1
211, 2, 323, 500, 606, 469, 1, 5, 1
212, 2, 326, 501, 604, 468, 1, 5, 1
213, 2, 336, 501, 591, 468, 1, 5, 1
214, 2, 339, 501, 587, 470, 1, 5, 1
215, 2, 344, 501, 582, 467, 1, 5, 1
216, 2, 349, 500, 579, 469, 1, 5, 1
217, 2, 354, 500, 573, 470, 1, 5, 1
218, 2, 361, 500, 566, 470, 1, 5, 1
219, 2, 366, 500, 562, 469, 1, 5, 1
220, 2, 370, 499, 560, 470, 1, 5, 1
221, 2, 372, 501, 556, 467, 1, 5, 1
222, 2, 376, 499, 554, 469, 1, 5, 1
223, 2, 379, 499, 550, 469, 1, 5, 1
224, 2, 386, 499, 542, 470, 1, 5, 1
225, 2, 387, 498, 547, 469, 1, 5, 1
226, 2, 392, 496, 543, 472, 1, 5, 1
227, 2, 398, 499, 535, 470, 1, 5, 1
228, 2, 401, 498, 534, 471, 1, 5, 1
229, 2, 405, 496, 531, 475, 1, 5, 1
230, 2, 410, 495, 528, 474, 1, 5, 1
231, 2, 413, 495, 526, 474, 1, 5, 1
232, 2, 420, 495, 520, 475, 1, 5, 1
233, 2, 421, 495, 521, 475, 1, 5, 1
234, 2, 426, 494, 515, 473, 1, 5, 1
235, 2, 427, 493, 518, 476, 1, 5, 1
236, 2, 432, 491, 515, 480, 1, 5, 1
237, 2, 438, 493, 507, 478, 1, 5, 1
238, 2, 441, 491, 504, 480, 1, 5, 1
239, 2, 444, 490, 504, 479, 1, 5, 1
240, 2, 448, 489, 499, 481, 1, 5, 1
241, 2, 449, 490, 496, 479, 1, 5, 1
242, 2, 452, 488, 492, 480, 1, 5, 1
243, 2, 456, 488, 490, 481, 1, 5, 1
244, 2, 459, 489, 484, 480, 1, 5, 1
245, 2, 460, 489, 486, 480, 1, 5, 1
246, 2, 465, 489, 484, 479, 1, 5, 1
247, 2, 466, 486, 481, 482, 1, 5, 1
248, 2, 468, 488, 480, 480, 1, 5, 1
249, 2, 475, 487, 472, 480, 1, 5, 1
250, 2, 476, 486, 473, 481, 1, 5, 1
251, 2, 479, 484, 471, 485, 1, 5, 1
252, 2, 481, 485, 470, 485, 1, 5, 1
253, 2, 485, 485, 463, 482, 1, 5, 1
254, 2, 488, 484, 462, 481, 1, 5, 1
255, 2, 490, 482, 459, 482, 1, 5, 1
256, 2, 491, 482, 459, 484, 1, 5, 1
257, 2, 493, 482, 456, 485, 1, 5, 1
258, 2, 496, 482, 451, 484, 1, 5, 1
259, 2, 499, 481, 447, 484, 1, 5, 1
260, 2, 501, 483, 445, 481, 1, 5, 1
261, 2, 501, 484, 447, 479, 1, 5, 1
262, 2, 501, 483, 444, 477, 1, 5, 1
263, 2, 505, 483, 441, 477, 1, 5, 1
264, 2, 506, 483, 440, 477, 1, 5, 1
265, 2, 507, 482, 439, 478, 1, 5, 1
266, 2, 508, 484, 438, 477, 1, 5, 1
267, 2, 510, 483, 435, 477, 1, 5, 1
268, 2, 510, 484, 437, 475, 1, 5, 1
269, 2, 511, 483, 435, 475, 1, 5, 1
270, 2, 512, 482, 436, 475, 1, 5, 1
271, 2, 516, 481, 432, 474, 1, 5, 1
272, 2, 516, 480, 434, 474, 1, 5, 1
273, 2, 521, 478, 428, 473, 1, 5, 1
274, 2, 521, 476, 430, 472, 1, 5, 1
275, 2, 517, 477, 436, 474, 1, 5, 1
276, 2, 524, 478, 429, 472, 1, 5, 1
277, 2, 524, 475, 427, 473, 1, 5, 1
278, 2, 521, 476, 431, 471, 1, 5, 1
279, 2, 529, 476, 425, 473, 1, 5, 1
280, 2, 533, 475, 422, 471, 1, 5, 1
281, 2, 534, 475, 423, 473, 1, 5, 1
282, 2, 535, 476, 423, 475, 1, 5, 1
283, 2, 536, 474, 422, 472, 1, 5, 1
284, 2, 539, 474, 421, 473, 1, 5, 1
285, 2, 543, 475, 419, 475, 1, 5, 1
286, 2, 543, 474, 419, 473, 1, 5, 1
287, 2, 544, 476, 416, 469, 1, 5, 1
288, 2, 547, 474, 414, 470, 1, 5, 1
289, 2, 550, 476, 412, 465, 1, 5, 1
290, 2, 551, 471, 412, 467, 1, 5, 1
291, 2, 556, 473, 411, 464, 1, 5, 1
292, 2, 557, 470, 406, 464, 1, 5, 1
293, 2, 557, 471, 409, 463, 1, 5, 1
294, 2, 558, 471, 405, 461, 1, 5, 1
295, 2, 558, 471, 409, 461, 1, 5, 1
296, 2, 558, 468, 410, 463, 1, 5, 1
297, 2, 558, 468, 411, 457, 1, 5, 1
298, 2, 560, 468, 412, 457, 1, 5, 1
299, 2, 561, 468, 411, 463, 1, 5, 1
300, 2, 561, 468, 409, 456, 1, 5, 1
301, 2, 563, 468, 408, 458, 1, 5, 1
302, 2, 565, 467, 406, 457, 1, 5, 1
303, 2, 565, 467, 408, 453, 1, 5, 1
304, 2, 566, 467, 407, 453, 1, 5, 1
305, 2, 567, 465, 404, 452, 1, 5, 1
306, 2, 571, 466, 402, 451, 1, 5, 1
307, 2, 574, 467, 401, 446, 1, 5, 1
308, 2, 575, 468, 399, 446, 1, 5, 1
309, 2, 575, 465, 400, 448, 1, 5, 1
310, 2, 577, 467, 401, 445, 1, 5, 1
311, 2, 581, 466, 398, 442, 1, 5, 1
312, 2, 580, 468, 399, 439, 1, 5, 1
313, 2, 582, 468, 395, 436, 1, 5, 1
314, 2, 583, 469, 398, 435, 1, 5, 1
315, 2, 584, 467, 396, 436, 1, 5, 1
316, 2, 584, 466, 397, 438, 1, 5, 1
317, 2, 589, 469, 396, 432, 1, 5, 1
318, 2, 587, 464, 403, 439, 1, 5, 1
319, 2, 588, 467, 400, 434, 1, 5, 1
320, 2, 594, 465, 397, 431, 1, 5, 1
321, 2, 592, 466, 398, 431, 1, 5, 1
322, 2, 592, 465, 394, 430, 1, 5, 1
323, 2, 595, 465, 396, 430, 1, 5, 1
324, 2, 597, 466, 397, 422, 1, 5, 1
325, 2, 595, 466, 396, 429, 1, 5, 1
326, 2, 597, 465, 394, 431, 1, 5, 1
327, 2, 596, 464, 399, 430, 1, 5, 1
328, 2, 595, 464, 400, 435, 1, 5, 1
329, 2, 597, 465, 395, 428, 1, 5, 1
330, 2, 595, 465, 399, 428, 1, 5, 1
331, 2, 596, 465, 397, 423, 1, 5, 1
332, 2, 599, 463, 395, 424, 1, 5, 1
333, 2, 596, 465, 397, 423, 1, 5, 1
334, 2, 605, 466, 391, 424, 1, 5, 1
335, 2, 604, 464, 392, 429, 1, 5, 1
336, 2, 603, 466, 394, 421, 1, 5, 1
337, 2, 600, 464, 404, 419, 1, 5, 1
338, 2, 602, 466, 399, 421, 1, 5, 1
339, 2, 603, 464, 401, 420, 1, 5, 1
340, 2, 607, 466, 400, 421, 1, 5, 1
341, 2, 607, 465, 399, 422, 1, 5, 1
342, 2, 608, 466, 398, 424, 1, 5, 1
343, 2, 609, 463, 399, 425, 1, 5, 1
344, 2, 609, 464, 403, 424, 1, 5, 1
345, 2, 607, 465, 404, 424, 1, 5, 1
346, 2, 616, 466, 396, 421, 1, 5, 1
347, 2, 616, 463, 401, 427, 1, 5, 1
348, 2, 617, 464, 400, 423, 1, 5, 1
349, 2, 618, 464, 399, 419, 1, 5, 1
350, 2, 623, 464, 395, 419, 1, 5, 1
351, 2, 628, 459, 396, 424, 1, 5, 1
352, 2, 626, 458, 397, 426, 1, 5, 1
353, 2, 627, 458, 395, 424, 1, 5, 1
354, 2, 627, 457, 398, 424, 1, 5, 1
355, 2, 626, 457, 399, 424, 1, 5, 1
356, 2, 627, 457, 399, 421, 1, 5, 1
357, 2, 630, 456, 399, 423, 1, 5, 1
358, 2, 629, 455, 401, 418, 1, 5, 1
359, 2, 630, 456, 399, 423, 1, 5, 1
360, 2, 636, 455, 393, 423, 1, 5, 1
361, 2, 633, 456, 396, 420, 1, 5, 1
362, 2, 636, 455, 393, 421, 1, 5, 1
363, 2, 637, 453, 395, 421, 1, 5, 1
364, 2, 640, 455, 392, 419, 1, 5, 1
365, 2, 635, 453, 398, 420, 1, 5, 1
366, 2, 637, 453, 400, 421, 1, 5, 1
367, 2, 643, 454, 395, 420, 1, 5, 1
368, 2, 642, 454, 393, 417, 1, 5, 1
369, 2, 646, 452, 392, 416, 1, 5, 1
370, 2, 647, 454, 393, 418, 1, 5, 1
371, 2, 645, 453, 398, 420, 1, 5, 1
372, 2, 647, 452, 396, 418, 1, 5, 1
373, 2, 647, 455, 394, 416, 1, 5, 1
374, 2, 642, 458, 399, 414, 1, 5, 1
375, 2, 647, 453, 394, 417, 1, 5, 1
376, 2, 649, 455, 394, 412, 1, 5, 1
377, 2, 653, 456, 389, 413, 1, 5, 1
378, 2, 652, 456, 390, 405, 1, 5, 1
379, 2, 653, 454, 389, 408, 1, 5, 1
380, 2, 658, 455, 385, 398, 1, 5, 1
381, 2, 660, 456, 382, 400, 1, 5, 1
382, 2, 661, 456, 380, 389, 1, 5, 1
383, 2, 663, 457, 376, 386, 1, 5, 1
384, 2, 665, 457, 378, 383, 1, 5, 1
385, 2, 665, 456, 377, 383, 1, 5, 1
386, 2, 666, 458, 377, 384, 1, 5, 1
387, 2, 669, 458, 375, 378, 1, 5, 1
388, 2, 670, 457, 374, 384, 1, 5, 1
389, 2, 670, 456, 373, 383, 1, 5, 1
390, 2, 672, 458, 371, 383, 1, 5, 1
391, 2, 673, 456, 372, 386, 1, 5, 1
392, 2, 672, 458, 371, 376, 1, 5, 1
393, 2, 674, 457, 372, 380, 1, 5, 1
394, 2, 676, 458, 370, 384, 1, 5, 1
395, 2, 679, 458, 367, 381, 1, 5, 1
396, 2, 680, 460, 367, 373, 1, 5, 1
397, 2, 683, 458, 365, 372, 1, 5, 1
398, 2, 681, 460, 368, 372, 1, 5, 1
399, 2, 682, 457, 367, 375, 1, 5, 1
400, 2, 683, 459, 368, 374, 1, 5, 1
401, 2, 685, 455, 371, 378, 1, 5, 1
402, 2, 685, 455, 370, 376, 1, 5, 1
403, 2, 686, 454, 370, 374, 1, 5, 1
404, 2, 689, 454, 366, 374, 1, 5, 1
405, 2, 691, 454, 365, 371, 1, 5, 1
406, 2, 692, 453, 363, 377, 1, 5, 1
407, 2, 693, 454, 364, 367, 1, 5, 1
408, 2, 695, 455, 363, 365, 1, 5, 1
409, 2, 695, 454, 361, 367, 1, 5, 1
410, 2, 696, 454, 360, 369, 1, 5, 1
411, 2, 697, 456, 360, 365, 1, 5, 1
412, 2, 698, 456, 359, 359, 1, 5, 1
413, 2, 698, 453, 357, 363, 1, 5, 1
414, 2, 698, 454, 357, 364, 1, 5, 1
415, 2, 701, 452, 355, 371, 1, 5, 1
416, 2, 700, 454, 355, 365, 1, 5, 1
417, 2, 701, 451, 351, 362, 1, 5, 1
418, 2, 704, 453, 351, 362, 1, 5, 1
419, 2, 704, 452, 351, 363, 1, 5, 1
420, 2, 700, 450, 353, 367, 1, 5, 1
421, 2, 706, 451, 347, 365, 1, 5, 1
422, 2, 707, 450, 348, 364, 1, 5, 1
423, 2, 707, 450, 350, 362, 1, 5, 1
424, 2, 708, 450, 349, 365, 1, 5, 1
425, 2, 711, 452, 344, 360, 1, 5, 1
426, 2, 708, 451, 348, 363, 1, 5, 1
427, 2, 710, 452, 345, 356, 1, 5, 1
428, 2, 712, 452, 344, 358, 1, 5, 1
429, 2, 714, 453, 342, 356, 1, 5, 1
430, 2, 713, 452, 342, 355, 1, 5, 1
431, 2, 715, 453, 341, 353, 1, 5, 1
432, 2, 720, 453, 336, 354, 1, 5, 1
433, 2, 717, 453, 339, 353, 1, 5, 1
434, 2, 719, 452, 336, 354, 1, 5, 1
435, 2, 721, 451, 336, 354, 1, 5, 1
436, 2, 720, 450, 339, 354, 1, 5, 1
437, 2, 719, 449, 334, 354, 1, 5, 1
438, 2, 721, 449, 333, 354, 1, 5, 1
439, 2, 723, 451, 335, 353, 1, 5, 1
440, 2, 722, 450, 333, 353, 1, 5, 1
441, 2, 720, 449, 333, 353, 1, 5, 1
442, 2, 723, 450, 334, 349, 1, 5, 1
443, 2, 723, 449, 332, 352, 1, 5, 1
444, 2, 722, 449, 332, 352, 1, 5, 1
445, 2, 725, 450, 330, 347, 1, 5, 1
446, 2, 727, 450, 331, 349, 1, 5, 1
447, 2, 724, 450, 330, 347, 1, 5, 1
448, 2, 725, 451, 329, 344, 1, 5, 1
449, 2, 728, 452, 328, 343, 1, 5, 1
450, 2, 727, 450, 329, 346, 1, 5, 1
451, 2, 729, 448, 327, 348, 1, 5, 1
452, 2, 729, 449, 331, 347, 1, 5, 1
453, 2, 731, 448, 327, 347, 1, 5, 1
454, 2, 730, 446, 327, 346, 1, 5, 1
455, 2, 731, 448, 327, 345, 1, 5, 1
456, 2, 733, 447, 330, 348, 1, 5, 1
457, 2, 732, 447, 327, 345, 1, 5, 1
458, 2, 731, 447, 328, 343, 1, 5, 1
459, 2, 736, 448, 327, 345, 1, 5, 1
460, 2, 737, 446, 325, 344, 1, 5, 1
461, 2, 736, 446, 323, 343, 1, 5, 1
462, 2, 741, 447, 322, 342, 1, 5, 1
463, 2, 742, 447, 321, 341, 1, 5, 1
464, 2, 742, 448, 320, 338, 1, 5, 1
465, 2, 743, 448, 321, 337, 1, 5, 1
466, 2, 747, 446, 321, 341, 1, 5, 1
467, 2, 746, 448, 321, 335, 1, 5, 1
468, 2, 747, 448, 318, 335, 1, 5, 1
469, 2, 748, 447, 320, 337, 1, 5, 1
470, 2, 750, 446, 319, 337, 1, 5, 1
471, 2, 749, 447, 321, 341, 1, 5, 1
472, 2, 751, 448, 317, 341, 1, 5, 1
473, 2, 753, 446, 316, 344, 1, 5, 1
474, 2, 752, 446, 317, 342, 1, 5, 1
475, 2, 753, 445, 318, 339, 1, 5, 1
476, 2, 756, 446, 317, 338, 1, 5, 1
477, 2, 757, 443, 318, 343, 1, 5, 1
478, 2, 756, 443, 319, 342, 1, 5, 1
479, 2, 758, 445, 316, 338, 1, 5, 1
480, 2, 759, 446, 319, 337, 1, 5, 1
481, 2, 759, 445, 319, 337, 1, 5, 1
482, 2, 757, 444, 319, 338, 1, 5, 1
483, 2, 758, 445, 317, 339, 1, 5, 1
484, 2, 759, 445, 319, 339, 1, 5, 1
485, 2, 759, 445, 318, 339, 1, 5, 1
486, 2, 760, 444, 319, 338, 1, 5, 1
487, 2, 761, 446, 319, 335, 1, 5, 1
488, 2, 761, 445, 321, 334, 1, 5, 1
489, 2, 760, 445, 322, 334, 1, 5, 1
490, 2, 761, 445, 324, 333, 1, 5, 1
491, 2, 761, 444, 324, 334, 1, 5, 1
492, 2, 760, 443, 326, 332, 1, 5, 1
493, 2, 763, 443, 323, 334, 1, 5, 1
494, 2, 763, 443, 325, 333, 1, 5, 1
495, 2, 763, 443, 323, 333, 1, 5, 1
496, 2, 763, 441, 328, 333, 1, 5, 1
497, 2, 766, 443, 327, 331, 1, 5, 1
498, 2, 764, 443, 328, 331, 1, 5, 1
499, 2, 763, 441, 331, 335, 1, 5, 1
500, 2, 764, 443, 332, 333, 1, 5, 1
501, 2, 764, 443, 334, 332, 1, 5, 1
502, 2, 763, 444, 335, 331, 1, 5, 1
503, 2, 764, 443, 336, 329, 1, 5, 1
504, 2, 764, 444, 338, 331, 1, 5, 1
505, 2, 765, 443, 338, 327, 1, 5, 1
506, 2, 763, 444, 341, 327, 1, 5, 1
507, 2, 764, 444, 342, 326, 1, 5, 1
508, 2, 764, 443, 343, 325, 1, 5, 1
509, 2, 764, 442, 345, 326, 1, 5, 1
510, 2, 765, 444, 347, 322, 1, 5, 1
511, 2, 765, 444, 347, 326, 1, 5, 1
512, 2, 766, 445, 345, 320, 1, 5, 1
513, 2, 766, 444, 345, 323, 1, 5, 1
514, 2, 766, 443, 347, 322, 1, 5, 1
515, 2, 766, 443, 348, 321, 1, 5, 1
516, 2, 766, 445, 348, 319, 1, 5, 1
517, 2, 768, 444, 348, 319, 1, 5, 1
518, 2, 768, 443, 350, 320, 1, 5, 1
519, 2, 769, 442, 350, 320, 1, 5, 1
520, 2, 769, 443, 350, 317, 1, 5, 1
521, 2, 771, 443, 349, 317, 1, 5, 1
522, 2, 770, 443, 352, 316, 1, 5, 1
523, 2, 770, 443, 353, 315, 1, 5, 1
524, 2, 771, 443, 352, 315, 1, 5, 1
525, 2, 771, 441, 355, 319, 1, 5, 1
526, 2, 771, 443, 355, 317, 1, 5, 1
527, 2, 775, 440, 355, 316, 1, 5, 1
528, 2, 775, 442, 355, 315, 1, 5, 1
529, 2, 775, 441, 354, 315, 1, 5, 1
530, 2, 778, 442, 355, 313, 1, 5, 1
531, 2, 781, 442, 352, 312, 1, 5, 1
532, 2, 779, 441, 356, 314, 1, 5, 1
533, 2, 781, 439, 354, 316, 1, 5, 1
534, 2, 783, 441, 354, 314, 1, 5, 1
535, 2, 785, 439, 352, 316, 1, 5, 1
536, 2, 784, 439, 354, 316, 1, 5, 1
537, 2, 785, 441, 355, 315, 1, 5, 1
538, 2, 788, 441, 352, 315, 1, 5, 1
539, 2, 785, 442, 355, 314, 1, 5, 1
540, 2, 787, 442, 356, 313, 1, 5, 1
541, 2, 789, 442, 356, 314, 1, 5, 1
542, 2, 787, 441, 355, 315, 1, 5, 1
543, 2, 787, 442, 355, 313, 1, 5, 1
544, 2, 789, 442, 356, 313, 1, 5, 1
545, 2, 789, 443, 356, 312, 1, 5, 1
546, 2, 787, 443, 357, 313, 1, 5, 1
547, 2, 789, 443, 358, 311, 1, 5, 1
548, 2, 791, 442, 360, 314, 1, 5, 1
549, 2, 790, 443, 357, 312, 1, 5, 1
550, 2, 789, 444, 356, 311, 1, 5, 1
551, 2, 793, 443, 353, 313, 1, 5, 1
552, 2, 791, 442, 355, 315, 1, 5, 1
553, 2, 791, 442, 355, 313, 1, 5, 1
554, 2, 793, 442, 353, 314, 1, 5, 1
555, 2, 792, 443, 356, 314, 1, 5, 1
556, 2, 791, 443, 354, 313, 1, 5, 1
557, 2, 792, 441, 355, 314, 1, 5, 1
558, 2, 793, 446, 355, 311, 1, 5, 1
559, 2, 793, 445, 354, 312, 1, 5, 1
560, 2, 792, 444, 355, 311, 1, 5, 1
561, 2, 791, 445, 357, 311, 1, 5, 1
562, 2, 793, 446, 355, 310, 1, 5, 1
563, 2, 793, 444, 353, 312, 1, 5, 1
564, 2, 793, 443, 354, 312, 1, 5, 1
565, 2, 794, 444, 354, 312, 1, 5, 1
566, 2, 794, 443, 353, 313, 1, 5, 1
567, 2, 794, 444, 353, 313, 1, 5, 1
568, 2, 794, 443, 353, 313, 1, 5, 1
569, 2, 793, 443, 355, 313, 1, 5, 1
570, 2, 792, 442, 353, 315, 1, 5, 1
571, 2, 794, 443, 354, 313, 1, 5, 1
572, 2, 793, 442, 354, 315, 1, 5, 1
573, 2, 791, 443, 356, 313, 1, 5, 1
574, 2, 792, 443, 355, 312, 1, 5, 1
575, 2, 793, 442, 355, 314, 1, 5, 1
576, 2, 794, 444, 353, 312, 1, 5, 1
577, 2, 793, 442, 354, 315, 1, 5, 1
578, 2, 789, 443, 358, 313, 1, 5, 1
579, 2, 792, 443, 355, 312, 1, 5, 1
580, 2, 790, 443, 355, 313, 1, 5, 1
581, 2, 791, 442, 355, 313, 1, 5, 1
582, 2, 791, 444, 355, 313, 1, 5, 1
583, 2, 793, 444, 353, 312, 1, 5, 1
584, 2, 793, 443, 354, 313, 1, 5, 1
585, 2, 791, 443, 355, 314, 1, 5, 1
586, 2, 791, 443, 355, 313, 1, 5, 1
587, 2, 791, 443, 354, 313, 1, 5, 1
588, 2, 791, 443, 355, 314, 1, 5, 1
589, 2, 793, 442, 354, 315, 1, 5, 1
590, 2, 792, 443, 354, 314, 1, 5, 1
591, 2, 793, 442, 353, 315, 1, 5, 1
592, 2, 792, 442, 354, 314, 1, 5, 1
593, 2, 794, 443, 354, 314, 1, 5, 1
594, 2, 793, 444, 353, 313, 1, 5, 1
595, 2, 793, 444, 354, 312, 1, 5, 1
596, 2, 793, 443, 354, 313, 1, 5, 1
597, 2, 793, 444, 352, 312, 1, 5, 1
598, 2, 792, 443, 354, 312, 1, 5, 1
599, 2, 793, 444, 355, 312, 1, 5, 1
600, 2, 792, 443, 356, 313, 1, 5, 1
601, 2, 794, 446, 352, 309, 1, 5, 1
602, 2, 794, 444, 354, 311, 1, 5, 1
603, 2, 792, 445, 354, 310, 1, 5, 1
604, 2, 792, 445, 354, 311, 1, 5, 1
605, 2, 792, 445, 355, 311, 1, 5, 1
606, 2, 791, 445, 355, 310, 1, 5, 1
607, 2, 793, 444, 354, 311, 1, 5, 1
608, 2, 791, 444, 354, 311, 1, 5, 1
609, 2, 792, 446, 354, 309, 1, 5, 1
610, 2, 793, 444, 353, 311, 1, 5, 1
611, 2, 792, 445, 355, 311, 1, 5, 1
612, 2, 792, 443, 355, 314, 1, 5, 1
613, 2, 790, 443, 355, 312, 1, 5, 1
614, 2, 788, 443, 358, 312, 1, 5, 1
615, 2, 791, 442, 356, 313, 1, 5, 1
616, 2, 789, 443, 357, 313, 1, 5, 1
617, 2, 792, 443, 352, 312, 1, 5, 1
618, 2, 792, 442, 353, 314, 1, 5, 1
619, 2, 790, 441, 356, 314, 1, 5, 1
620, 2, 790, 442, 355, 313, 1, 5, 1
621, 2, 791, 442, 356, 313, 1, 5, 1
622, 2, 793, 441, 355, 315, 1, 5, 1
623, 2, 791, 443, 355, 313, 1, 5, 1
624, 2, 791, 442, 356, 313, 1, 5, 1
625, 2, 792, 442, 356, 313, 1, 5, 1
626, 2, 792, 443, 353, 312, 1, 5, 1
627, 2, 791, 443, 355, 313, 1, 5, 1
628, 2, 792, 443, 354, 312, 1, 5, 1
629, 2, 793, 444, 353, 311, 1, 5, 1
630, 2, 794, 444, 350, 312, 1, 5, 1
631, 2, 792, 444, 353, 312, 1, 5, 1
632, 2, 793, 443, 354, 312, 1, 5, 1
633, 2, 793, 444, 356, 310, 1, 5, 1
634, 2, 791, 445, 355, 311, 1, 5, 1
635, 2, 793, 443, 352, 312, 1, 5, 1
636, 2, 792, 443, 354, 312, 1, 5, 1
637, 2, 792, 445, 352, 310, 1, 5, 1
638, 2, 789, 445, 356, 311, 1, 5, 1
639, 2, 791, 443, 354, 312, 1, 5, 1
640, 2, 790, 444, 354, 312, 1, 5, 1
641, 2, 794, 443, 349, 312, 1, 5, 1
642, 2, 793, 445, 353, 310, 1, 5, 1
643, 2, 796, 445, 349, 310, 1, 5, 1
644, 2, 795, 443, 349, 312, 1, 5, 1
645, 2, 795, 445, 347, 311, 1, 5, 1
646, 2, 793, 444, 350, 311, 1, 5, 1
647, 2, 792, 445, 354, 310, 1, 5, 1
648, 2, 792, 442, 354, 314, 1, 5, 1
649, 2, 792, 442, 356, 312, 1, 5, 1
650, 2, 793, 443, 354, 312, 1, 5, 1
651, 2, 790, 440, 356, 317, 1, 5, 1
652, 2, 792, 441, 353, 315, 1, 5, 1
653, 2, 792, 443, 354, 312, 1, 5, 1
654, 2, 791, 441, 353, 315, 1, 5, 1
655, 2, 789, 443, 357, 313, 1, 5, 1
656, 2, 790, 444, 355, 312, 1, 5, 1
657, 2, 790, 441, 356, 315, 1, 5, 1
658, 2, 792, 442, 354, 313, 1, 5, 1
659, 2, 792, 442, 357, 314, 1, 5, 1
660, 2, 790, 444, 358, 311, 1, 5, 1
661, 2, 792, 442, 355, 314, 1, 5, 1
662, 2, 794, 441, 352, 315, 1, 5, 1
663, 2, 793, 441, 354, 315, 1, 5, 1
664, 2, 791, 441, 356, 314, 1, 5, 1
665, 2, 794, 441, 354, 315, 1, 5, 1
666, 2, 795, 440, 353, 317, 1, 5, 1
667, 2, 793, 441, 357, 315, 1, 5, 1
668, 2, 791, 439, 359, 316, 1, 5, 1
669, 2, 793, 439, 357, 316, 1, 5, 1
670, 2, 791, 442, 356, 313, 1, 5, 1
671, 2, 792, 443, 357, 312, 1, 5, 1
672, 2, 790, 444, 357, 311, 1, 5, 1
673, 2, 792, 440, 357, 315, 1, 5, 1
674, 2, 792, 441, 356, 315, 1, 5, 1
675, 2, 791, 441, 356, 316, 1, 5, 1
676, 2, 793, 440, 354, 316, 1, 5, 1
677, 2, 792, 442, 354, 314, 1, 5, 1
678, 2, 792, 439, 354, 318, 1, 5, 1
679, 2, 794, 442, 354, 314, 1, 5, 1
680, 2, 793, 440, 354, 317, 1, 5, 1
681, 2, 793, 440, 353, 317, 1, 5, 1
682, 2, 793, 440, 353, 316, 1, 5, 1
683, 2, 791, 443, 356, 314, 1, 5, 1
684, 2, 792, 440, 355, 316, 1, 5, 1
685, 2, 793, 440, 354, 316, 1, 5, 1
686, 2, 793, 440, 353, 315, 1, 5, 1
687, 2, 793, 444, 355, 312, 1, 5, 1
688, 2, 792, 440, 354, 317, 1, 5, 1
689, 2, 794, 439, 351, 317, 1, 5, 1
690, 2, 793, 440, 353, 317, 1, 5, 1
691, 2, 793, 440, 354, 316, 1, 5, 1
692, 2, 791, 440, 355, 316, 1, 5, 1
693, 2, 792, 440, 356, 317, 1, 5, 1
694, 2, 793, 440, 354, 316, 1, 5, 1
695, 2, 794, 440, 352, 317, 1, 5, 1
696, 2, 793, 440, 354, 316, 1, 5, 1
697, 2, 791, 443, 357, 314, 1, 5, 1
698, 2, 791, 440, 355, 318, 1, 5, 1
699, 2, 795, 440, 352, 317, 1, 5, 1
700, 2, 793, 449, 355, 307, 1, 5, 1
701, 2, 791, 443, 355, 313, 1, 5, 1
702, 2, 791, 442, 356, 314, 1, 5, 1
703, 2, 790, 441, 358, 315, 1, 5, 1
704, 2, 792, 445, 354, 311, 1, 5, 1
705, 2, 789, 442, 358, 313, 1, 5, 1
706, 2, 788, 441, 360, 315, 1, 5, 1
707, 2, 790, 441, 358, 315, 1, 5, 1
708, 2, 791, 442, 356, 313, 1, 5, 1
709, 2, 790, 441, 356, 315, 1, 5, 1
710, 2, 793, 440, 353, 317, 1, 5, 1
711, 2, 794, 442, 353, 314, 1, 5, 1
712, 2, 792, 442, 355, 315, 1, 5, 1
713, 2, 793, 442, 354, 315, 1, 5, 1
714, 2, 793, 442, 354, 315, 1, 5, 1
715, 2, 792, 442, 354, 313, 1, 5, 1
716, 2, 794, 441, 353, 314, 1, 5, 1
717, 2, 788, 444, 360, 313, 1, 5, 1
718, 2, 789, 441, 357, 316, 1, 5, 1
719, 2, 790, 442, 355, 314, 1, 5, 1
720, 2, 790, 441, 356, 315, 1, 5, 1
721, 2, 793, 443, 356, 313, 1, 5, 1
722, 2, 789, 441, 358, 315, 1, 5, 1
723, 2, 791, 441, 355, 315, 1, 5, 1
724, 2, 793, 441, 354, 315, 1, 5, 1
725, 2, 791, 441, 356, 315, 1, 5, 1
726, 2, 790, 442, 356, 315, 1, 5, 1
727, 2, 789, 443, 357, 312, 1, 5, 1
728, 2, 791, 446, 356, 310, 1, 5, 1
729, 2, 791, 441, 356, 315, 1, 5, 1
730, 2, 791, 442, 355, 314, 1, 5, 1
731, 2, 791, 441, 356, 314, 1, 5, 1
732, 2, 792, 441, 354, 315, 1, 5, 1
733, 2, 792, 441, 355, 314, 1, 5, 1
734, 2, 789, 441, 358, 316, 1, 5, 1
735, 2, 791, 442, 356, 314, 1, 5, 1
736, 2, 793, 441, 354, 315, 1, 5, 1
737, 2, 789, 441, 358, 314, 1, 5, 1
738, 2, 794, 441, 353, 315, 1, 5, 1
739, 2, 792, 441, 354, 314, 1, 5, 1
740, 2, 793, 441, 353, 315, 1, 5, 1
741, 2, 790, 442, 358, 315, 1, 5, 1
742, 2, 793, 442, 353, 314, 1, 5, 1
743, 2, 790, 441, 356, 314, 1, 5, 1
744, 2, 791, 441, 355, 316, 1, 5, 1
745, 2, 791, 442, 356, 315, 1, 5, 1
746, 2, 789, 442, 357, 315, 1, 5, 1
747, 2, 790, 442, 357, 315, 1, 5, 1
748, 2, 793, 444, 354, 312, 1, 5, 1
749, 2, 793, 442, 352, 315, 1, 5, 1
750, 2, 793, 442, 353, 314, 1, 5, 1
751, 2, 794, 441, 354, 316, 1, 5, 1
752, 2, 792, 442, 354, 314, 1, 5, 1
753, 2, 792, 441, 354, 315, 1, 5, 1
754, 2, 792, 442, 354, 314, 1, 5, 1
755, 2, 792, 443, 357, 314, 1, 5, 1
756, 2, 792, 441, 355, 314, 1, 5, 1
757, 2, 792, 441, 355, 315, 1, 5, 1
758, 2, 792, 443, 356, 313, 1, 5, 1
759, 2, 792, 441, 355, 316, 1, 5, 1
760, 2, 790, 441, 357, 315, 1, 5, 1
761, 2, 791, 441, 357, 316, 1, 5, 1
762, 2, 791, 441, 357, 316, 1, 5, 1
763, 2, 791, 441, 356, 316, 1, 5, 1
764, 2, 793, 441, 354, 316, 1, 5, 1
765, 2, 791, 441, 356, 316, 1, 5, 1
766, 2, 792, 442, 355, 315, 1, 5, 1
767, 2, 792, 442, 355, 314, 1, 5, 1
768, 2, 794, 441, 353, 315, 1, 5, 1
769, 2, 793, 441, 354, 317, 1, 5, 1
770, 2, 791, 441, 356, 317, 1, 5, 1
771, 2, 790, 441, 356, 315, 1, 5, 1
772, 2, 789, 441, 358, 317, 1, 5, 1
773, 2, 793, 441, 354, 316, 1, 5, 1
774, 2, 792, 441, 356, 315, 1, 5, 1
775, 2, 792, 441, 355, 315, 1, 5, 1
776, 2, 794, 441, 354, 316, 1, 5, 1
777, 2, 791, 441, 356, 316, 1, 5, 1
778, 2, 792, 441, 356, 315, 1, 5, 1
779, 2, 793, 441, 355, 315, 1, 5, 1
780, 2, 793, 441, 354, 316, 1, 5, 1
781, 2, 794, 441, 353, 315, 1, 5, 1
782, 2, 794, 441, 353, 315, 1, 5, 1
783, 2, 794, 442, 353, 313, 1, 5, 1
784, 2, 795, 441, 352, 315, 1, 5, 1
785, 2, 793, 441, 355, 314, 1, 5, 1
786, 2, 793, 441, 354, 315, 1, 5, 1
787, 2, 793, 441, 355, 314, 1, 5, 1
788, 2, 793, 440, 354, 317, 1, 5, 1
789, 2, 792, 440, 356, 316, 1, 5, 1
790, 2, 793, 440, 355, 315, 1, 5, 1
791, 2, 792, 441, 356, 314, 1, 5, 1
792, 2, 792, 441, 355, 315, 1, 5, 1
793, 2, 792, 441, 356, 314, 1, 5, 1
794, 2, 792, 441, 356, 314, 1, 5, 1
795, 2, 793, 441, 355, 315, 1, 5, 1
796, 2, 792, 441, 355, 315, 1, 5, 1
797, 2, 791, 440, 356, 316, 1, 5, 1
798, 2, 793, 439, 355, 317, 1, 5, 1
799, 2, 793, 440, 354, 316, 1, 5, 1
800, 2, 793, 441, 355, 316, 1, 5, 1