1, 1, 209, 226, 688, 555, 1, 7, 1
2, 1, 215, 228, 681, 553, 1, 7, 1
3, 1, 219, 230, 677, 550, 1, 7, 1
4, 1, 224, 233, 686, 547, 1, 7, 1
5, 1, 228, 233, 681, 545, 1, 7, 1
6, 1, 228, 235, 680, 542, 1, 7, 1
7, 1, 230, 239, 682, 539, 1, 7, 1
8, 1, 233, 245, 695, 532, 1, 7, 1
9, 1, 232, 253, 703, 524, 1, 7, 1
10, 1, 236, 252, 704, 528, 1, 7, 1
11, 1, 235, 251, 707, 529, 1, 7, 1
12, 1, 236, 255, 707, 524, 1, 7, 1
13, 1, 236, 257, 707, 523, 1, 7, 1
14, 1, 235, 256, 704, 522, 1, 7, 1
15, 1, 236, 257, 701, 521, 1, 7, 1
16, 1, 236, 260, 700, 516, 1, 7, 1
17, 1, 236, 266, 699, 510, 1, 7, 1
18, 1, 236, 267, 701, 511, 1, 7, 1
19, 1, 235, 276, 704, 502, 1, 7, 1
20, 1, 234, 278, 708, 501, 1, 7, 1
21, 1, 233, 279, 710, 498, 1, 7, 1
22, 1, 233, 285, 711, 491, 1, 7, 1
23, 1, 235, 286, 711, 491, 1, 7, 1
24, 1, 234, 292, 714, 485, 1, 7, 1
25, 1, 235, 294, 717, 485, 1, 7, 1
26, 1, 234, 297, 718, 480, 1, 7, 1
27, 1, 234, 300, 724, 478, 1, 7, 1
28, 1, 235, 301, 728, 476, 1, 7, 1
29, 1, 234, 305, 727, 469, 1, 7, 1
30, 1, 236, 307, 727, 468, 1, 7, 1
31, 1, 235, 308, 728, 467, 1, 7, 1
32, 1, 235, 311, 735, 462, 1, 7, 1
33, 1, 234, 311, 742, 463, 1, 7, 1
34, 1, 236, 315, 746, 461, 1, 7, 1
35, 1, 236, 317, 750, 457, 1, 7, 1
36, 1, 233, 323, 757, 450, 1, 7, 1
37, 1, 233, 328, 759, 445, 1, 7, 1
38, 1, 234, 335, 760, 439, 1, 7, 1
39, 1, 233, 340, 765, 435, 1, 7, 1
40, 1, 234, 342, 766, 433, 1, 7, 1
41, 1, 234, 341, 768, 433, 1, 7, 1
42, 1, 235, 342, 767, 432, 1, 7, 1
43, 1, 234, 341, 772, 433, 1, 7, 1
44, 1, 234, 342, 769, 431, 1, 7, 1
45, 1, 234, 342, 767, 432, 1, 7, 1
46, 1, 236, 342, 764, 430, 1, 7, 1
47, 1, 236, 341, 758, 432, 1, 7, 1
48, 1, 236, 341, 757, 431, 1, 7, 1
49, 1, 236, 342, 756, 431, 1, 7, 1
50, 1, 238, 342, 752, 431, 1, 7, 1
51, 1, 236, 342, 754, 431, 1, 7, 1
52, 1, 236, 342, 750, 431, 1, 7, 1
53, 1, 236, 342, 753, 431, 1, 7, 1
54, 1, 237, 343, 750, 431, 1, 7, 1
55, 1, 238, 343, 752, 431, 1, 7, 1
56, 1, 237, 343, 750, 432, 1, 7, 1
57, 1, 237, 344, 748, 429, 1, 7, 1
58, 1, 235, 345, 742, 430, 1, 7, 1
59, 1, 236, 344, 739, 430, 1, 7, 1
60, 1, 235, 345, 726, 427, 1, 7, 1
61, 1, 237, 345, 724, 427, 1, 7, 1
62, 1, 235, 346, 725, 429, 1, 7, 1
63, 1, 234, 346, 721, 428, 1, 7, 1
64, 1, 235, 346, 715, 428, 1, 7, 1
65, 1, 236, 347, 707, 428, 1, 7, 1
66, 1, 235, 347, 721, 429, 1, 7, 1
67, 1, 235, 348, 708, 426, 1, 7, 1
68, 1, 235, 348, 706, 426, 1, 7, 1
69, 1, 235, 349, 708, 426, 1, 7, 1
70, 1, 235, 349, 700, 426, 1, 7, 1
71, 1, 235, 349, 690, 425, 1, 7, 1
72, 1, 236, 350, 691, 425, 1, 7, 1
73, 1, 236, 349, 684, 426, 1, 7, 1
74, 1, 237, 350, 676, 423, 1, 7, 1
75, 1, 238, 350, 672, 423, 1, 7, 1
76, 1, 238, 349, 667, 425, 1, 7, 1
77, 1, 234, 350, 670, 424, 1, 7, 1
78, 1, 234, 352, 668, 423, 1, 7, 1
79, 1, 235, 351, 665, 425, 1, 7, 1
80, 1, 233, 353, 666, 422, 1, 7, 1
81, 1, 233, 353, 661, 422, 1, 7, 1
82, 1, 233, 354, 660, 420, 1, 7, 1
83, 1, 232, 355, 658, 420, 1, 7, 1
84, 1, 233, 356, 654, 419, 1, 7, 1
85, 1, 232, 357, 653, 419, 1, 7, 1
86, 1, 233, 356, 649, 419, 1, 7, 1
87, 1, 235, 357, 645, 418, 1, 7, 1
88, 1, 232, 357, 645, 417, 1, 7, 1
89, 1, 233, 357, 640, 418, 1, 7, 1
90, 1, 233, 359, 640, 415, 1, 7, 1
91, 1, 234, 359, 637, 416, 1, 7, 1
92, 1, 235, 359, 636, 418, 1, 7, 1
93, 1, 233, 360, 636, 417, 1, 7, 1
94, 1, 235, 357, 635, 420, 1, 7, 1
95, 1, 234, 354, 635, 423, 1, 7, 1
96, 1, 234, 352, 635, 423, 1, 7, 1
97, 1, 235, 351, 634, 425, 1, 7, 1
98, 1, 235, 349, 636, 426, 1, 7, 1
99, 1, 235, 347, 637, 429, 1, 7, 1
100, 1, 234, 349, 635, 428, 1, 7, 1
101, 1, 236, 348, 638, 429, 1, 7, 1
102, 1, 237, 348, 638, 427, 1, 7, 1
103, 1, 236, 348, 642, 429, 1, 7, 1
104, 1, 233, 348, 647, 428, 1, 7, 1
105, 1, 235, 348, 646, 429, 1, 7, 1
106, 1, 235, 348, 649, 429, 1, 7, 1
107, 1, 233, 348, 657, 428, 1, 7, 1
108, 1, 238, 347, 656, 430, 1, 7, 1
109, 1, 232, 346, 666, 431, 1, 7, 1
110, 1, 232, 346, 668, 430, 1, 7, 1
111, 1, 234, 345, 670, 430, 1, 7, 1
112, 1, 234, 344, 674, 432, 1, 7, 1
113, 1, 232, 344, 682, 432, 1, 7, 1
114, 1, 239, 344, 681, 431, 1, 7, 1
115, 1, 235, 344, 699, 432, 1, 7, 1
116, 1, 234, 343, 705, 433, 1, 7, 1
117, 1, 239, 344, 710, 432, 1, 7, 1
118, 1, 235, 343, 718, 433, 1, 7, 1
119, 1, 236, 343, 720, 432, 1, 7, 1
120, 1, 235, 340, 728, 438, 1, 7, 1
121, 1, 235, 341, 731, 437, 1, 7, 1
122, 1, 235, 341, 735, 435, 1, 7, 1
123, 1, 234, 342, 744, 436, 1, 7, 1
124, 1, 237, 342, 746, 435, 1, 7, 1
125, 1, 233, 343, 753, 434, 1, 7, 1
126, 1, 234, 343, 753, 434, 1, 7, 1
127, 1, 235, 344, 756, 433, 1, 7, 1
128, 1, 234, 347, 760, 430, 1, 7, 1
129, 1, 233, 348, 768, 429, 1, 7, 1
130, 1, 233, 350, 769, 428, 1, 7, 1
131, 1, 232, 352, 769, 428, 1, 7, 1
132, 1, 233, 356, 772, 423, 1, 7, 1
133, 1, 233, 358, 777, 423, 1, 7, 1
134, 1, 231, 362, 784, 418, 1, 7, 1
135, 1, 231, 365, 788, 415, 1, 7, 1
136, 1, 232, 368, 786, 413, 1, 7, 1
137, 1, 232, 371, 798, 410, 1, 7, 1
138, 1, 231, 374, 800, 408, 1, 7, 1
139, 1, 232, 380, 797, 402, 1, 7, 1
140, 1, 232, 383, 800, 398, 1, 7, 1
141, 1, 233, 385, 798, 396, 1, 7, 1
142, 1, 233, 386, 798, 395, 1, 7, 1
143, 1, 232, 387, 794, 393, 1, 7, 1
144, 1, 236, 387, 793, 393, 1, 7, 1
145, 1, 233, 387, 794, 393, 1, 7, 1
146, 1, 234, 389, 792, 392, 1, 7, 1
147, 1, 232, 388, 792, 393, 1, 7, 1
148, 1, 233, 388, 791, 394, 1, 7, 1
149, 1, 237, 389, 787, 391, 1, 7, 1
150, 1, 235, 388, 788, 392, 1, 7, 1
151, 1, 234, 389, 788, 391, 1, 7, 1
152, 1, 235, 389, 784, 391, 1, 7, 1
153, 1, 235, 389, 784, 391, 1, 7, 1
154, 1, 236, 389, 781, 393, 1, 7, 1
155, 1, 235, 388, 777, 392, 1, 7, 1
156, 1, 235, 389, 775, 392, 1, 7, 1
157, 1, 240, 390, 767, 390, 1, 7, 1
158, 1, 233, 390, 775, 390, 1, 7, 1
159, 1, 234, 390, 766, 389, 1, 7, 1
160, 1, 236, 389, 764, 390, 1, 7, 1
161, 1, 239, 389, 760, 389, 1, 7, 1
162, 1, 239, 389, 752, 389, 1, 7, 1
163, 1, 234, 388, 757, 390, 1, 7, 1
164, 1, 235, 389, 750, 390, 1, 7, 1
165, 1, 237, 390, 747, 388, 1, 7, 1
166, 1, 235, 390, 744, 387, 1, 7, 1
167, 1, 233, 390, 744, 387, 1, 7, 1
168, 1, 238, 390, 735, 386, 1, 7, 1
169, 1, 234, 391, 734, 386, 1, 7, 1
170, 1, 233, 391, 730, 387, 1, 7, 1
171, 1, 231, 390, 727, 386, 1, 7, 1
172, 1, 231, 389, 716, 387, 1, 7, 1
173, 1, 231, 391, 716, 386, 1, 7, 1
174, 1, 231, 390, 705, 387, 1, 7, 1
175, 1, 232, 391, 699, 385, 1, 7, 1
176, 1, 231, 390, 694, 385, 1, 7, 1
177, 1, 230, 390, 693, 387, 1, 7, 1
178, 1, 232, 390, 687, 387, 1, 7, 1
179, 1, 233, 391, 679, 385, 1, 7, 1
180, 1, 233, 391, 676, 384, 1, 7, 1
181, 1, 233, 390, 675, 385, 1, 7, 1
182, 1, 232, 390, 671, 385, 1, 7, 1
183, 1, 233, 389, 665, 385, 1, 7, 1
184, 1, 233, 390, 659, 386, 1, 7, 1
185, 1, 233, 390, 654, 384, 1, 7, 1
186, 1, 234, 390, 648, 387, 1, 7, 1
187, 1, 235, 391, 648, 385, 1, 7, 1
188, 1, 235, 389, 646, 388, 1, 7, 1
189, 1, 234, 389, 645, 388, 1, 7, 1
190, 1, 234, 389, 647, 389, 1, 7, 1
191, 1, 235, 389, 645, 387, 1, 7, 1
192, 1, 235, 388, 646, 388, 1, 7, 1
193, 1, 235, 387, 646, 389, 1, 7, 1
194, 1, 234, 387, 648, 389, 1, 7, 1
195, 1, 235, 386, 649, 390, 1, 7, 1
196, 1, 235, 384, 650, 394, 1, 7, 1
197, 1, 235, 383, 651, 394, 1, 7, 1
198, 1, 235, 381, 654, 396, 1, 7, 1
199, 1, 234, 380, 658, 398, 1, 7, 1
200, 1, 235, 381, 661, 395, 1, 7, 1
201, 1, 235, 381, 664, 395, 1, 7, 1
202, 1, 236, 382, 668, 394, 1, 7, 1
203, 1, 235, 383, 670, 391, 1, 7, 1
204, 1, 235, 384, 671, 392, 1, 7, 1
205, 1, 234, 384, 678, 391, 1, 7, 1
206, 1, 233, 384, 678, 392, 1, 7, 1
207, 1, 234, 384, 684, 392, 1, 7, 1
208, 1, 235, 384, 689, 391, 1, 7, 1
209, 1, 233, 383, 692, 392, 1, 7, 1
210, 1, 233, 383, 698, 393, 1, 7, 1
211, 1, 232, 383, 705, 393, 1, 7, 1
212, 1, 234, 383, 711, 393, 1, 7, 1
213, 1, 233, 383, 717, 394, 1, 7, 1
214, 1, 234, 384, 722, 394, 1, 7, 1
215, 1, 234, 385, 724, 392, 1, 7, 1
216, 1, 232, 385, 728, 392, 1, 7, 1
217, 1, 234, 386, 726, 391, 1, 7, 1
218, 1, 236, 388, 733, 389, 1, 7, 1
219, 1, 235, 389, 740, 389, 1, 7, 1
220, 1, 234, 390, 749, 387, 1, 7, 1
221, 1, 234, 390, 749, 389, 1, 7, 1
222, 1, 234, 393, 753, 385, 1, 7, 1
223, 1, 234, 394, 755, 384, 1, 7, 1
224, 1, 234, 395, 758, 385, 1, 7, 1
225, 1, 234, 397, 764, 382, 1, 7, 1
226, 1, 233, 399, 767, 380, 1, 7, 1
227, 1, 234, 401, 765, 378, 1, 7, 1
228, 1, 233, 402, 764, 378, 1, 7, 1
229, 1, 231, 403, 764, 375, 1, 7, 1
230, 1, 231, 405, 765, 373, 1, 7, 1
231, 1, 231, 406, 765, 373, 1, 7, 1
232, 1, 232, 407, 762, 371, 1, 7, 1
233, 1, 231, 409, 764, 368, 1, 7, 1
234, 1, 231, 411, 762, 367, 1, 7, 1
235, 1, 231, 412, 762, 366, 1, 7, 1
236, 1, 231, 414, 762, 365, 1, 7, 1
237, 1, 230, 415, 763, 363, 1, 7, 1
238, 1, 230, 414, 761, 363, 1, 7, 1
239, 1, 230, 415, 760, 363, 1, 7, 1
240, 1, 232, 417, 754, 362, 1, 7, 1
241, 1, 231, 416, 754, 361, 1, 7, 1
242, 1, 231, 416, 753, 362, 1, 7, 1
243, 1, 231, 417, 745, 360, 1, 7, 1
244, 1, 231, 416, 744, 362, 1, 7, 1
245, 1, 231, 415, 740, 363, 1, 7, 1
246, 1, 231, 415, 739, 362, 1, 7, 1
247, 1, 231, 414, 737, 362, 1, 7, 1
248, 1, 230, 415, 738, 361, 1, 7, 1
249, 1, 230, 415, 733, 361, 1, 7, 1
250, 1, 231, 417, 731, 359, 1, 7, 1
251, 1, 230, 416, 732, 360, 1, 7, 1
252, 1, 230, 417, 728, 358, 1, 7, 1
253, 1, 231, 416, 726, 360, 1, 7, 1
254, 1, 230, 415, 718, 360, 1, 7, 1
255, 1, 232, 416, 713, 359, 1, 7, 1
256, 1, 231, 415, 712, 360, 1, 7, 1
257, 1, 232, 415, 713, 360, 1, 7, 1
258, 1, 230, 415, 712, 360, 1, 7, 1
259, 1, 232, 413, 704, 363, 1, 7, 1
260, 1, 231, 414, 704, 362, 1, 7, 1
261, 1, 232, 414, 699, 361, 1, 7, 1
262, 1, 232, 415, 698, 361, 1, 7, 1
263, 1, 233, 415, 693, 360, 1, 7, 1
264, 1, 232, 415, 691, 359, 1, 7, 1
265, 1, 232, 414, 689, 361, 1, 7, 1
266, 1, 233, 414, 685, 361, 1, 7, 1
267, 1, 232, 413, 683, 362, 1, 7, 1
268, 1, 233, 412, 679, 363, 1, 7, 1
269, 1, 234, 411, 676, 364, 1, 7, 1
270, 1, 233, 410, 675, 365, 1, 7, 1
271, 1, 233, 409, 675, 367, 1, 7, 1
272, 1, 233, 409, 674, 368, 1, 7, 1
273, 1, 233, 407, 672, 370, 1, 7, 1
274, 1, 233, 407, 673, 370, 1, 7, 1
275, 1, 233, 406, 673, 369, 1, 7, 1
276, 1, 232, 405, 673, 371, 1, 7, 1
277, 1, 232, 403, 671, 372, 1, 7, 1
278, 1, 233, 402, 669, 373, 1, 7, 1
279, 1, 235, 400, 665, 375, 1, 7, 1
280, 1, 234, 397, 669, 378, 1, 7, 1
281, 1, 235, 396, 671, 380, 1, 7, 1
282, 1, 237, 393, 667, 382, 1, 7, 1
283, 1, 235, 391, 668, 384, 1, 7, 1
284, 1, 235, 389, 669, 387, 1, 7, 1
285, 1, 235, 387, 675, 390, 1, 7, 1
286, 1, 234, 385, 674, 391, 1, 7, 1
287, 1, 236, 382, 669, 394, 1, 7, 1
288, 1, 236, 382, 666, 393, 1, 7, 1
289, 1, 235, 378, 665, 397, 1, 7, 1
290, 1, 236, 373, 671, 403, 1, 7, 1
291, 1, 236, 369, 666, 407, 1, 7, 1
292, 1, 240, 366, 663, 409, 1, 7, 1
293, 1, 241, 364, 661, 410, 1, 7, 1
294, 1, 237, 361, 662, 413, 1, 7, 1
295, 1, 237, 359, 664, 417, 1, 7, 1
296, 1, 237, 356, 675, 418, 1, 7, 1
297, 1, 237, 354, 672, 420, 1, 7, 1
298, 1, 237, 351, 670, 423, 1, 7, 1
299, 1, 236, 350, 669, 426, 1, 7, 1
300, 1, 236, 349, 679, 426, 1, 7, 1
301, 1, 237, 345, 677, 429, 1, 7, 1
302, 1, 237, 343, 679, 431, 1, 7, 1
303, 1, 236, 340, 678, 436, 1, 7, 1
304, 1, 236, 339, 678, 436, 1, 7, 1
305, 1, 236, 336, 677, 442, 1, 7, 1
306, 1, 237, 335, 676, 442, 1, 7, 1
307, 1, 239, 335, 674, 442, 1, 7, 1
308, 1, 239, 334, 676, 443, 1, 7, 1
309, 1, 240, 333, 674, 443, 1, 7, 1
310, 1, 240, 331, 675, 445, 1, 7, 1
311, 1, 242, 332, 674, 445, 1, 7, 1
312, 1, 243, 331, 674, 449, 1, 7, 1
313, 1, 245, 331, 675, 451, 1, 7, 1
314, 1, 248, 330, 673, 451, 1, 7, 1
315, 1, 247, 329, 673, 449, 1, 7, 1
316, 1, 249, 328, 673, 453, 1, 7, 1
317, 1, 250, 327, 671, 456, 1, 7, 1
318, 1, 252, 328, 671, 453, 1, 7, 1
319, 1, 257, 328, 666, 450, 1, 7, 1
320, 1, 258, 330, 668, 450, 1, 7, 1
321, 1, 260, 331, 670, 449, 1, 7, 1
322, 1, 264, 334, 666, 445, 1, 7, 1
323, 1, 266, 333, 666, 448, 1, 7, 1
324, 1, 270, 335, 663, 448, 1, 7, 1
325, 1, 272, 334, 661, 447, 1, 7, 1
326, 1, 276, 336, 659, 444, 1, 7, 1
327, 1, 279, 335, 657, 443, 1, 7, 1
328, 1, 281, 334, 659, 446, 1, 7, 1
329, 1, 284, 336, 655, 444, 1, 7, 1
330, 1, 291, 334, 654, 443, 1, 7, 1
331, 1, 294, 334, 654, 444, 1, 7, 1
332, 1, 296, 335, 652, 441, 1, 7, 1
333, 1, 297, 335, 653, 447, 1, 7, 1
334, 1, 300, 337, 651, 443, 1, 7, 1
335, 1, 301, 337, 652, 443, 1, 7, 1
336, 1, 304, 338, 648, 443, 1, 7, 1
337, 1, 305, 339, 649, 440, 1, 7, 1
338, 1, 306, 338, 648, 445, 1, 7, 1
339, 1, 307, 339, 649, 443, 1, 7, 1
340, 1, 311, 339, 643, 444, 1, 7, 1
341, 1, 309, 339, 646, 443, 1, 7, 1
342, 1, 312, 338, 640, 445, 1, 7, 1
343, 1, 312, 338, 639, 444, 1, 7, 1
344, 1, 314, 338, 635, 441, 1, 7, 1
345, 1, 315, 338, 634, 442, 1, 7, 1
346, 1, 315, 338, 632, 445, 1, 7, 1
347, 1, 315, 338, 627, 444, 1, 7, 1
348, 1, 317, 338, 623, 445, 1, 7, 1
349, 1, 317, 339, 619, 443, 1, 7, 1
350, 1, 321, 340, 615, 443, 1, 7, 1
351, 1, 320, 342, 614, 443, 1, 7, 1
352, 1, 322, 342, 611, 442, 1, 7, 1
353, 1, 324, 341, 602, 440, 1, 7, 1
354, 1, 327, 343, 599, 439, 1, 7, 1
355, 1, 327, 342, 594, 440, 1, 7, 1
356, 1, 329, 342, 590, 443, 1, 7, 1
357, 1, 331, 341, 586, 443, 1, 7, 1
358, 1, 335, 341, 580, 442, 1, 7, 1
359, 1, 334, 341, 577, 442, 1, 7, 1
360, 1, 337, 341, 571, 442, 1, 7, 1
361, 1, 338, 340, 565, 442, 1, 7, 1
362, 1, 339, 342, 560, 441, 1, 7, 1
363, 1, 338, 343, 558, 439, 1, 7, 1
364, 1, 340, 342, 553, 443, 1, 7, 1
365, 1, 343, 343, 547, 439, 1, 7, 1
366, 1, 343, 343, 545, 443, 1, 7, 1
367, 1, 345, 343, 541, 441, 1, 7, 1
368, 1, 347, 344, 535, 443, 1, 7, 1
369, 1, 349, 344, 532, 442, 1, 7, 1
370, 1, 353, 344, 525, 441, 1, 7, 1
371, 1, 354, 344, 523, 440, 1, 7, 1
372, 1, 355, 343, 517, 443, 1, 7, 1
373, 1, 357, 343, 515, 447, 1, 7, 1
374, 1, 357, 345, 512, 443, 1, 7, 1
375, 1, 356, 345, 511, 445, 1, 7, 1
376, 1, 360, 345, 506, 445, 1, 7, 1
377, 1, 361, 345, 502, 442, 1, 7, 1
378, 1, 364, 345, 496, 444, 1, 7, 1
379, 1, 366, 344, 494, 445, 1, 7, 1
380, 1, 368, 344, 489, 446, 1, 7, 1
381, 1, 371, 345, 482, 443, 1, 7, 1
382, 1, 372, 344, 478, 444, 1, 7, 1
383, 1, 375, 344, 474, 441, 1, 7, 1
384, 1, 376, 343, 472, 446, 1, 7, 1
385, 1, 377, 343, 468, 446, 1, 7, 1
386, 1, 379, 342, 465, 446, 1, 7, 1
387, 1, 381, 343, 461, 446, 1, 7, 1
388, 1, 382, 342, 461, 447, 1, 7, 1
389, 1, 384, 341, 459, 452, 1, 7, 1
390, 1, 387, 342, 456, 451, 1, 7, 1
391, 1, 390, 341, 452, 455, 1, 7, 1
392, 1, 389, 340, 455, 453, 1, 7, 1
393, 1, 391, 341, 453, 457, 1, 7, 1
394, 1, 394, 341, 451, 458, 1, 7, 1
395, 1, 396, 340, 451, 454, 1, 7, 1
396, 1, 397, 340, 449, 453, 1, 7, 1
397, 1, 396, 340, 451, 456, 1, 7, 1
398, 1, 404, 339, 443, 455, 1, 7, 1
399, 1, 405, 339, 446, 457, 1, 7, 1
400, 1, 408, 339, 441, 454, 1, 7, 1
401, 1, 411, 339, 440, 457, 1, 7, 1
402, 1, 411, 339, 441, 457, 1, 7, 1
403, 1, 413, 339, 444, 455, 1, 7, 1
404, 1, 414, 340, 444, 453, 1, 7, 1
405, 1, 417, 340, 443, 454, 1, 7, 1
406, 1, 419, 342, 442, 453, 1, 7, 1
407, 1, 422, 342, 441, 455, 1, 7, 1
408, 1, 424, 342, 442, 455, 1, 7, 1
409, 1, 426, 342, 446, 454, 1, 7, 1
410, 1, 427, 342, 446, 452, 1, 7, 1
411, 1, 429, 342, 447, 451, 1, 7, 1
412, 1, 432, 341, 445, 448, 1, 7, 1
413, 1, 434, 341, 444, 449, 1, 7, 1
414, 1, 433, 342, 446, 445, 1, 7, 1
415, 1, 439, 342, 439, 445, 1, 7, 1
416, 1, 439, 341, 441, 445, 1, 7, 1
417, 1, 438, 341, 445, 445, 1, 7, 1
418, 1, 441, 341, 443, 446, 1, 7, 1
419, 1, 445, 342, 440, 447, 1, 7, 1
420, 1, 450, 341, 438, 446, 1, 7, 1
421, 1, 446, 341, 445, 446, 1, 7, 1
422, 1, 449, 340, 444, 447, 1, 7, 1
423, 1, 445, 340, 449, 447, 1, 7, 1
424, 1, 456, 341, 438, 445, 1, 7, 1
425, 1, 451, 340, 448, 446, 1, 7, 1
426, 1, 459, 340, 440, 448, 1, 7, 1
427, 1, 462, 341, 439, 445, 1, 7, 1
428, 1, 459, 340, 444, 446, 1, 7, 1
429, 1, 464, 341, 439, 445, 1, 7, 1
430, 1, 465, 340, 440, 447, 1, 7, 1
431, 1, 468, 340, 440, 446, 1, 7, 1
432, 1, 475, 342, 436, 445, 1, 7, 1
433, 1, 476, 342, 437, 444, 1, 7, 1
434, 1, 474, 342, 440, 445, 1, 7, 1
435, 1, 475, 342, 441, 444, 1, 7, 1
436, 1, 473, 342, 445, 444, 1, 7, 1
437, 1, 477, 342, 443, 442, 1, 7, 1
438, 1, 484, 340, 438, 445, 1, 7, 1
439, 1, 483, 341, 439, 444, 1, 7, 1
440, 1, 482, 341, 441, 444, 1, 7, 1
441, 1, 483, 341, 442, 441, 1, 7, 1
442, 1, 488, 342, 437, 439, 1, 7, 1
443, 1, 482, 341, 446, 440, 1, 7, 1
444, 1, 493, 341, 433, 440, 1, 7, 1
445, 1, 489, 342, 441, 441, 1, 7, 1
446, 1, 485, 342, 445, 441, 1, 7, 1
447, 1, 488, 342, 443, 441, 1, 7, 1
448, 1, 492, 341, 439, 442, 1, 7, 1
449, 1, 487, 341, 446, 440, 1, 7, 1
450, 1, 490, 341, 443, 444, 1, 7, 1
451, 1, 489, 341, 448, 445, 1, 7, 1
452, 1, 488, 342, 450, 442, 1, 7, 1
453, 1, 497, 341, 442, 443, 1, 7, 1
454, 1, 491, 341, 449, 440, 1, 7, 1
455, 1, 502, 341, 440, 442, 1, 7, 1
456, 1, 505, 341, 436, 442, 1, 7, 1
457, 1, 512, 342, 429, 442, 1, 7, 1
458, 1, 515, 341, 429, 441, 1, 7, 1
459, 1, 515, 340, 431, 442, 1, 7, 1
460, 1, 515, 341, 431, 438, 1, 7, 1
461, 1, 515, 341, 432, 442, 1, 7, 1
462, 1, 513, 341, 436, 442, 1, 7, 1
463, 1, 512, 342, 437, 441, 1, 7, 1
464, 1, 518, 341, 431, 441, 1, 7, 1
465, 1, 513, 341, 438, 441, 1, 7, 1
466, 1, 516, 341, 435, 439, 1, 7, 1
467, 1, 516, 341, 436, 443, 1, 7, 1
468, 1, 511, 341, 441, 442, 1, 7, 1
469, 1, 508, 341, 447, 442, 1, 7, 1
470, 1, 509, 341, 447, 442, 1, 7, 1
471, 1, 511, 341, 446, 443, 1, 7, 1
472, 1, 510, 341, 446, 443, 1, 7, 1
473, 1, 509, 342, 448, 443, 1, 7, 1
474, 1, 510, 342, 447, 441, 1, 7, 1
475, 1, 518, 341, 441, 442, 1, 7, 1
476, 1, 515, 342, 444, 442, 1, 7, 1
477, 1, 515, 341, 445, 444, 1, 7, 1
478, 1, 516, 343, 443, 441, 1, 7, 1
479, 1, 517, 343, 445, 440, 1, 7, 1
480, 1, 520, 343, 442, 440, 1, 7, 1
481, 1, 525, 344, 437, 439, 1, 7, 1
482, 1, 522, 345, 441, 438, 1, 7, 1
483, 1, 523, 349, 440, 432, 1, 7, 1
484, 1, 523, 345, 439, 436, 1, 7, 1
485, 1, 532, 347, 431, 436, 1, 7, 1
486, 1, 536, 349, 427, 434, 1, 7, 1
487, 1, 538, 346, 426, 437, 1, 7, 1
488, 1, 533, 350, 431, 430, 1, 7, 1
489, 1, 532, 350, 432, 431, 1, 7, 1
490, 1, 531, 350, 433, 433, 1, 7, 1
491, 1, 538, 350, 426, 433, 1, 7, 1
492, 1, 537, 350, 427, 434, 1, 7, 1
493, 1, 536, 353, 428, 430, 1, 7, 1
494, 1, 543, 350, 421, 433, 1, 7, 1
495, 1, 544, 348, 420, 437, 1, 7, 1
496, 1, 551, 350, 412, 434, 1, 7, 1
497, 1, 542, 351, 423, 433, 1, 7, 1
498, 1, 541, 351, 424, 432, 1, 7, 1
499, 1, 536, 352, 430, 428, 1, 7, 1
500, 1, 535, 351, 431, 430, 1, 7, 1
501, 1, 537, 352, 428, 429, 1, 7, 1
502, 1, 533, 351, 432, 431, 1, 7, 1
503, 1, 534, 349, 432, 432, 1, 7, 1
504, 1, 531, 348, 434, 434, 1, 7, 1
505, 1, 532, 349, 432, 431, 1, 7, 1
506, 1, 532, 347, 432, 433, 1, 7, 1
507, 1, 532, 346, 432, 433, 1, 7, 1
508, 1, 534, 346, 431, 431, 1, 7, 1
509, 1, 535, 346, 429, 434, 1, 7, 1
510, 1, 534, 347, 429, 433, 1, 7, 1
511, 1, 534, 347, 430, 433, 1, 7, 1
512, 1, 533, 345, 431, 434, 1, 7, 1
513, 1, 536, 346, 426, 435, 1, 7, 1
514, 1, 537, 347, 425, 434, 1, 7, 1
515, 1, 536, 345, 427, 438, 1, 7, 1
516, 1, 536, 346, 428, 433, 1, 7, 1
517, 1, 537, 347, 426, 431, 1, 7, 1
518, 1, 536, 347, 428, 431, 1, 7, 1
519, 1, 537, 350, 425, 427, 1, 7, 1
520, 1, 536, 351, 426, 426, 1, 7, 1
521, 1, 537, 352, 426, 425, 1, 7, 1
522, 1, 538, 349, 424, 427, 1, 7, 1
523, 1, 538, 350, 424, 427, 1, 7, 1
524, 1, 538, 349, 424, 425, 1, 7, 1
525, 1, 538, 350, 425, 426, 1, 7, 1
526, 1, 538, 351, 423, 424, 1, 7, 1
527, 1, 537, 351, 424, 425, 1, 7, 1
528, 1, 537, 349, 426, 427, 1, 7, 1
529, 1, 538, 344, 424, 434, 1, 7, 1
530, 1, 536, 345, 425, 432, 1, 7, 1
531, 1, 538, 344, 423, 435, 1, 7, 1
532, 1, 538, 342, 423, 437, 1, 7, 1
533, 1, 537, 346, 423, 431, 1, 7, 1
534, 1, 537, 349, 423, 429, 1, 7, 1
535, 1, 538, 346, 423, 432, 1, 7, 1
536, 1, 538, 342, 421, 436, 1, 7, 1
537, 1, 538, 340, 421, 438, 1, 7, 1
538, 1, 538, 339, 422, 438, 1, 7, 1
539, 1, 537, 342, 423, 436, 1, 7, 1
540, 1, 538, 339, 422, 439, 1, 7, 1
541, 1, 538, 339, 422, 438, 1, 7, 1
542, 1, 538, 339, 421, 438, 1, 7, 1
543, 1, 538, 341, 421, 434, 1, 7, 1
544, 1, 538, 343, 421, 433, 1, 7, 1
545, 1, 538, 343, 420, 433, 1, 7, 1
546, 1, 539, 347, 419, 429, 1, 7, 1
547, 1, 538, 348, 420, 429, 1, 7, 1
548, 1, 538, 348, 420, 427, 1, 7, 1
549, 1, 538, 348, 420, 429, 1, 7, 1
550, 1, 535, 350, 425, 426, 1, 7, 1
551, 1, 537, 353, 422, 424, 1, 7, 1
552, 1, 537, 355, 423, 421, 1, 7, 1
553, 1, 537, 358, 424, 418, 1, 7, 1
554, 1, 538, 358, 421, 418, 1, 7, 1
555, 1, 537, 360, 423, 415, 1, 7, 1
556, 1, 537, 362, 423, 413, 1, 7, 1
557, 1, 538, 364, 422, 412, 1, 7, 1
558, 1, 538, 366, 424, 410, 1, 7, 1
559, 1, 537, 369, 425, 409, 1, 7, 1
560, 1, 537, 373, 432, 404, 1, 7, 1
561, 1, 538, 376, 430, 401, 1, 7, 1
562, 1, 536, 377, 435, 401, 1, 7, 1
563, 1, 536, 381, 438, 397, 1, 7, 1
564, 1, 537, 383, 440, 395, 1, 7, 1
565, 1, 538, 384, 443, 394, 1, 7, 1
566, 1, 536, 385, 452, 393, 1, 7, 1
567, 1, 536, 387, 458, 390, 1, 7, 1
568, 1, 537, 386, 465, 390, 1, 7, 1
569, 1, 536, 386, 475, 391, 1, 7, 1
570, 1, 538, 384, 474, 393, 1, 7, 1
571, 1, 537, 383, 481, 394, 1, 7, 1
572, 1, 537, 383, 491, 394, 1, 7, 1
573, 1, 535, 384, 502, 393, 1, 7, 1
574, 1, 535, 384, 510, 393, 1, 7, 1
575, 1, 534, 384, 520, 395, 1, 7, 1
576, 1, 534, 388, 525, 390, 1, 7, 1
577, 1, 534, 387, 530, 389, 1, 7, 1
578, 1, 535, 386, 535, 392, 1, 7, 1
579, 1, 534, 386, 534, 391, 1, 7, 1
580, 1, 535, 387, 531, 390, 1, 7, 1
581, 1, 534, 386, 544, 391, 1, 7, 1
582, 1, 535, 384, 546, 393, 1, 7, 1
583, 1, 534, 384, 550, 392, 1, 7, 1
584, 1, 535, 383, 547, 394, 1, 7, 1
585, 1, 535, 382, 547, 394, 1, 7, 1
586, 1, 536, 383, 553, 394, 1, 7, 1
587, 1, 535, 380, 555, 398, 1, 7, 1
588, 1, 536, 379, 553, 400, 1, 7, 1
589, 1, 537, 377, 548, 401, 1, 7, 1
590, 1, 536, 376, 551, 403, 1, 7, 1
591, 1, 536, 376, 552, 402, 1, 7, 1
592, 1, 538, 374, 552, 404, 1, 7, 1
593, 1, 536, 374, 552, 406, 1, 7, 1
594, 1, 536, 374, 551, 406, 1, 7, 1
595, 1, 536, 374, 552, 405, 1, 7, 1
596, 1, 536, 375, 553, 404, 1, 7, 1
597, 1, 537, 375, 550, 405, 1, 7, 1
598, 1, 536, 374, 554, 406, 1, 7, 1
599, 1, 536, 375, 553, 404, 1, 7, 1
600, 1, 535, 372, 559, 408, 1, 7, 1
601, 1, 537, 371, 554, 409, 1, 7, 1
602, 1, 537, 369, 556, 411, 1, 7, 1
603, 1, 538, 367, 554, 413, 1, 7, 1
604, 1, 537, 363, 552, 418, 1, 7, 1
605, 1, 537, 361, 556, 420, 1, 7, 1
606, 1, 537, 358, 553, 422, 1, 7, 1
607, 1, 537, 356, 554, 424, 1, 7, 1
608, 1, 538, 353, 551, 427, 1, 7, 1
609, 1, 536, 350, 553, 430, 1, 7, 1
610, 1, 538, 348, 548, 431, 1, 7, 1
611, 1, 538, 347, 548, 434, 1, 7, 1
612, 1, 537, 345, 551, 434, 1, 7, 1
613, 1, 537, 346, 546, 434, 1, 7, 1
614, 1, 538, 344, 535, 437, 1, 7, 1
615, 1, 536, 343, 530, 438, 1, 7, 1
616, 1, 537, 343, 529, 438, 1, 7, 1
617, 1, 535, 345, 533, 436, 1, 7, 1
618, 1, 535, 345, 533, 436, 1, 7, 1
619, 1, 535, 346, 532, 435, 1, 7, 1
620, 1, 534, 345, 519, 438, 1, 7, 1
621, 1, 534, 346, 513, 437, 1, 7, 1
622, 1, 535, 346, 515, 438, 1, 7, 1
623, 1, 534, 346, 511, 438, 1, 7, 1
624, 1, 534, 346, 512, 436, 1, 7, 1
625, 1, 533, 346, 509, 436, 1, 7, 1
626, 1, 533, 346, 506, 438, 1, 7, 1
627, 1, 533, 347, 509, 436, 1, 7, 1
628, 1, 535, 346, 505, 437, 1, 7, 1
629, 1, 534, 346, 504, 436, 1, 7, 1
630, 1, 535, 348, 497, 435, 1, 7, 1
631, 1, 534, 347, 501, 437, 1, 7, 1
632, 1, 535, 347, 489, 437, 1, 7, 1
633, 1, 535, 348, 489, 436, 1, 7, 1
634, 1, 535, 348, 493, 435, 1, 7, 1
635, 1, 536, 348, 494, 436, 1, 7, 1
636, 1, 535, 348, 496, 436, 1, 7, 1
637, 1, 536, 349, 493, 434, 1, 7, 1
638, 1, 534, 350, 497, 433, 1, 7, 1
639, 1, 536, 352, 494, 430, 1, 7, 1
640, 1, 535, 352, 499, 430, 1, 7, 1
641, 1, 536, 354, 497, 428, 1, 7, 1
642, 1, 536, 354, 497, 428, 1, 7, 1
643, 1, 535, 357, 499, 425, 1, 7, 1
644, 1, 535, 359, 501, 422, 1, 7, 1
645, 1, 535, 359, 508, 422, 1, 7, 1
646, 1, 535, 361, 509, 420, 1, 7, 1
647, 1, 537, 362, 510, 419, 1, 7, 1
648, 1, 535, 364, 515, 418, 1, 7, 1
649, 1, 537, 363, 513, 418, 1, 7, 1
650, 1, 538, 361, 515, 420, 1, 7, 1
651, 1, 536, 362, 522, 418, 1, 7, 1
652, 1, 536, 363, 524, 417, 1, 7, 1
653, 1, 538, 365, 526, 416, 1, 7, 1
654, 1, 537, 368, 530, 412, 1, 7, 1
655, 1, 537, 361, 536, 420, 1, 7, 1
656, 1, 537, 361, 538, 420, 1, 7, 1
657, 1, 538, 360, 543, 419, 1, 7, 1
658, 1, 538, 362, 543, 417, 1, 7, 1
659, 1, 537, 363, 542, 417, 1, 7, 1
660, 1, 539, 362, 540, 419, 1, 7, 1
661, 1, 538, 356, 544, 424, 1, 7, 1
662, 1, 538, 353, 542, 427, 1, 7, 1
663, 1, 539, 354, 540, 429, 1, 7, 1
664, 1, 537, 350, 543, 431, 1, 7, 1
665, 1, 537, 349, 539, 433, 1, 7, 1
666, 1, 537, 346, 540, 436, 1, 7, 1
667, 1, 538, 343, 539, 437, 1, 7, 1
668, 1, 538, 340, 532, 440, 1, 7, 1
669, 1, 538, 337, 529, 443, 1, 7, 1
670, 1, 537, 333, 528, 448, 1, 7, 1
671, 1, 537, 331, 530, 448, 1, 7, 1
672, 1, 538, 333, 526, 447, 1, 7, 1
673, 1, 538, 333, 523, 446, 1, 7, 1
674, 1, 537, 326, 520, 453, 1, 7, 1
675, 1, 539, 327, 516, 452, 1, 7, 1
676, 1, 536, 319, 523, 461, 1, 7, 1
677, 1, 536, 316, 518, 464, 1, 7, 1
678, 1, 538, 316, 509, 462, 1, 7, 1
679, 1, 536, 314, 510, 465, 1, 7, 1
680, 1, 536, 308, 508, 472, 1, 7, 1
681, 1, 535, 308, 509, 472, 1, 7, 1
682, 1, 535, 306, 508, 474, 1, 7, 1
683, 1, 535, 306, 508, 474, 1, 7, 1
684, 1, 535, 305, 493, 475, 1, 7, 1
685, 1, 534, 307, 489, 475, 1, 7, 1
686, 1, 536, 309, 478, 472, 1, 7, 1
687, 1, 536, 312, 483, 469, 1, 7, 1
688, 1, 536, 315, 473, 467, 1, 7, 1
689, 1, 536, 316, 465, 465, 1, 7, 1
690, 1, 537, 315, 460, 466, 1, 7, 1
691, 1, 538, 312, 455, 470, 1, 7, 1
692, 1, 539, 309, 450, 473, 1, 7, 1
693, 1, 539, 308, 449, 473, 1, 7, 1
694, 1, 538, 308, 447, 473, 1, 7, 1
695, 1, 538, 308, 443, 473, 1, 7, 1
696, 1, 538, 309, 444, 472, 1, 7, 1
697, 1, 538, 310, 441, 471, 1, 7, 1
698, 1, 538, 310, 439, 470, 1, 7, 1
699, 1, 539, 312, 442, 470, 1, 7, 1
700, 1, 539, 314, 446, 467, 1, 7, 1
701, 1, 539, 314, 446, 468, 1, 7, 1
702, 1, 539, 314, 446, 467, 1, 7, 1
703, 1, 541, 312, 449, 468, 1, 7, 1
704, 1, 541, 311, 450, 473, 1, 7, 1
705, 1, 541, 310, 451, 471, 1, 7, 1
706, 1, 544, 308, 451, 472, 1, 7, 1
707, 1, 546, 306, 450, 475, 1, 7, 1
708, 1, 550, 307, 447, 474, 1, 7, 1
709, 1, 552, 307, 448, 473, 1, 7, 1
710, 1, 553, 309, 448, 468, 1, 7, 1
711, 1, 553, 311, 452, 466, 1, 7, 1
712, 1, 556, 312, 449, 466, 1, 7, 1
713, 1, 558, 313, 448, 465, 1, 7, 1
714, 1, 557, 313, 451, 466, 1, 7, 1
715, 1, 560, 313, 449, 467, 1, 7, 1
716, 1, 562, 313, 447, 464, 1, 7, 1
717, 1, 562, 312, 451, 464, 1, 7, 1
718, 1, 562, 311, 453, 465, 1, 7, 1
719, 1, 566, 310, 446, 467, 1, 7, 1
720, 1, 568, 309, 447, 466, 1, 7, 1
721, 1, 569, 309, 448, 467, 1, 7, 1
722, 1, 569, 309, 451, 467, 1, 7, 1
723, 1, 571, 310, 448, 465, 1, 7, 1
724, 1, 572, 310, 443, 465, 1, 7, 1
725, 1, 575, 311, 440, 464, 1, 7, 1
726, 1, 578, 311, 437, 463, 1, 7, 1
727, 1, 584, 311, 432, 462, 1, 7, 1
728, 1, 584, 311, 434, 461, 1, 7, 1
729, 1, 587, 310, 431, 462, 1, 7, 1
730, 1, 588, 309, 430, 462, 1, 7, 1
731, 1, 588, 309, 429, 461, 1, 7, 1
732, 1, 588, 309, 429, 461, 1, 7, 1
733, 1, 590, 309, 426, 462, 1, 7, 1
734, 1, 590, 309, 434, 459, 1, 7, 1
735, 1, 594, 311, 429, 454, 1, 7, 1
736, 1, 593, 311, 432, 457, 1, 7, 1
737, 1, 598, 312, 425, 456, 1, 7, 1
738, 1, 592, 312, 427, 452, 1, 7, 1
739, 1, 595, 312, 426, 451, 1, 7, 1
740, 1, 594, 312, 430, 451, 1, 7, 1
741, 1, 600, 311, 425, 452, 1, 7, 1
742, 1, 601, 312, 424, 451, 1, 7, 1
743, 1, 607, 313, 417, 450, 1, 7, 1
744, 1, 609, 312, 417, 451, 1, 7, 1
745, 1, 612, 313, 417, 449, 1, 7, 1
746, 1, 611, 313, 416, 449, 1, 7, 1
747, 1, 613, 314, 415, 448, 1, 7, 1
748, 1, 613, 313, 418, 449, 1, 7, 1
749, 1, 613, 313, 417, 448, 1, 7, 1
750, 1, 612, 313, 424, 443, 1, 7, 1