1, 1, 537, 451, 514, 252, 1, 7, 1
2, 1, 539, 447, 515, 258, 1, 7, 1
3, 1, 541, 443, 510, 261, 1, 7, 1
4, 1, 546, 428, 504, 280, 1, 7, 1
5, 1, 542, 449, 510, 261, 1, 7, 1
6, 1, 542, 446, 510, 264, 1, 7, 1
7, 1, 541, 449, 511, 264, 1, 7, 1
8, 1, 540, 443, 512, 272, 1, 7, 1
9, 1, 540, 439, 511, 276, 1, 7, 1
10, 1, 541, 440, 512, 278, 1, 7, 1
11, 1, 542, 440, 511, 282, 1, 7, 1
12, 1, 540, 439, 515, 284, 1, 7, 1
13, 1, 542, 437, 511, 285, 1, 7, 1
14, 1, 542, 437, 513, 286, 1, 7, 1
15, 1, 543, 432, 510, 292, 1, 7, 1
16, 1, 547, 424, 506, 303, 1, 7, 1
17, 1, 545, 424, 504, 301, 1, 7, 1
18, 1, 546, 423, 504, 301, 1, 7, 1
19, 1, 547, 427, 502, 295, 1, 7, 1
20, 1, 547, 425, 501, 301, 1, 7, 1
21, 1, 550, 425, 501, 302, 1, 7, 1
22, 1, 551, 423, 499, 303, 1, 7, 1
23, 1, 550, 421, 501, 306, 1, 7, 1
24, 1, 551, 419, 499, 308, 1, 7, 1
25, 1, 551, 418, 499, 308, 1, 7, 1
26, 1, 552, 418, 498, 309, 1, 7, 1
27, 1, 551, 418, 499, 307, 1, 7, 1
28, 1, 554, 415, 496, 309, 1, 7, 1
29, 1, 554, 412, 495, 315, 1, 7, 1
30, 1, 555, 412, 494, 315, 1, 7, 1
31, 1, 555, 413, 495, 315, 1, 7, 1
32, 1, 554, 410, 494, 319, 1, 7, 1
33, 1, 555, 410, 493, 318, 1, 7, 1
34, 1, 565, 409, 486, 321, 1, 7, 1
35, 1, 562, 409, 488, 322, 1, 7, 1
36, 1, 555, 404, 495, 326, 1, 7, 1
37, 1, 558, 400, 490, 328, 1, 7, 1
38, 1, 560, 401, 492, 327, 1, 7, 1
39, 1, 565, 397, 484, 330, 1, 7, 1
40, 1, 564, 397, 487, 330, 1, 7, 1
41, 1, 559, 393, 490, 335, 1, 7, 1
42, 1, 559, 391, 492, 337, 1, 7, 1
43, 1, 561, 389, 489, 339, 1, 7, 1
44, 1, 563, 385, 486, 343, 1, 7, 1
45, 1, 561, 384, 488, 342, 1, 7, 1
46, 1, 565, 382, 485, 344, 1, 7, 1
47, 1, 565, 378, 485, 347, 1, 7, 1
48, 1, 566, 376, 485, 347, 1, 7, 1
49, 1, 563, 377, 487, 347, 1, 7, 1
50, 1, 569, 373, 479, 348, 1, 7, 1
51, 1, 570, 369, 480, 353, 1, 7, 1
52, 1, 572, 367, 478, 355, 1, 7, 1
53, 1, 579, 366, 471, 357, 1, 7, 1
54, 1, 574, 365, 476, 356, 1, 7, 1
55, 1, 575, 362, 470, 358, 1, 7, 1
56, 1, 574, 358, 474, 359, 1, 7, 1
57, 1, 572, 354, 475, 360, 1, 7, 1
58, 1, 576, 351, 469, 360, 1, 7, 1
59, 1, 581, 347, 466, 367, 1, 7, 1
60, 1, 588, 344, 456, 368, 1, 7, 1
61, 1, 591, 340, 453, 372, 1, 7, 1
62, 1, 591, 341, 453, 372, 1, 7, 1
63, 1, 591, 341, 454, 369, 1, 7, 1
64, 1, 593, 339, 451, 368, 1, 7, 1
65, 1, 595, 337, 449, 372, 1, 7, 1
66, 1, 601, 335, 442, 374, 1, 7, 1
67, 1, 589, 334, 456, 373, 1, 7, 1
68, 1, 597, 332, 448, 374, 1, 7, 1
69, 1, 593, 328, 452, 373, 1, 7, 1
70, 1, 613, 326, 430, 371, 1, 7, 1
71, 1, 619, 322, 425, 374, 1, 7, 1
72, 1, 631, 318, 410, 381, 1, 7, 1
73, 1, 637, 317, 404, 382, 1, 7, 1
74, 1, 637, 317, 404, 381, 1, 7, 1
75, 1, 642, 311, 399, 381, 1, 7, 1
76, 1, 646, 306, 394, 384, 1, 7, 1
77, 1, 651, 304, 387, 388, 1, 7, 1
78, 1, 649, 304, 389, 387, 1, 7, 1
79, 1, 661, 300, 377, 389, 1, 7, 1
80, 1, 665, 297, 373, 392, 1, 7, 1
81, 1, 676, 301, 359, 389, 1, 7, 1
82, 1, 683, 300, 351, 389, 1, 7, 1
83, 1, 681, 298, 346, 392, 1, 7, 1
84, 1, 688, 298, 338, 389, 1, 7, 1
85, 1, 696, 297, 329, 389, 1, 7, 1
86, 1, 699, 294, 324, 388, 1, 7, 1
87, 1, 716, 285, 304, 399, 1, 7, 1
88, 1, 716, 281, 303, 403, 1, 7, 1
89, 1, 722, 279, 294, 401, 1, 7, 1
90, 1, 735, 280, 280, 398, 1, 7, 1
91, 1, 739, 279, 273, 399, 1, 7, 1
92, 1, 741, 274, 269, 403, 1, 7, 1
93, 1, 750, 267, 257, 413, 1, 7, 1
94, 1, 753, 264, 252, 410, 1, 7, 1
95, 1, 756, 262, 247, 412, 1, 7, 1
96, 1, 759, 267, 242, 407, 1, 7, 1
97, 1, 759, 266, 241, 403, 1, 7, 1
98, 1, 763, 266, 237, 403, 1, 7, 1
99, 1, 769, 265, 222, 402, 1, 7, 1
100, 1, 775, 264, 213, 403, 1, 7, 1
101, 1, 787, 265, 201, 400, 1, 7, 1
102, 1, 783, 260, 202, 408, 1, 7, 1
103, 1, 793, 261, 186, 406, 1, 7, 1
104, 1, 796, 258, 180, 410, 1, 7, 1
105, 1, 798, 257, 178, 409, 1, 7, 1
106, 1, 797, 253, 172, 412, 1, 7, 1
107, 1, 798, 258, 171, 411, 1, 7, 1
108, 1, 799, 256, 167, 414, 1, 7, 1
109, 1, 806, 252, 160, 416, 1, 7, 1
110, 1, 801, 251, 162, 414, 1, 7, 1
111, 1, 801, 246, 163, 420, 1, 7, 1
112, 1, 797, 244, 166, 420, 1, 7, 1
113, 1, 795, 250, 173, 419, 1, 7, 1
114, 1, 789, 249, 177, 419, 1, 7, 1
115, 1, 788, 249, 181, 420, 1, 7, 1
116, 1, 783, 249, 186, 422, 1, 7, 1
117, 1, 781, 249, 193, 419, 1, 7, 1
118, 1, 777, 246, 205, 425, 1, 7, 1
119, 1, 776, 249, 224, 421, 1, 7, 1
120, 1, 774, 243, 231, 428, 1, 7, 1
121, 1, 770, 246, 247, 426, 1, 7, 1
122, 1, 767, 248, 252, 425, 1, 7, 1
123, 1, 765, 249, 273, 425, 1, 7, 1
124, 1, 763, 249, 283, 428, 1, 7, 1
125, 1, 761, 251, 276, 428, 1, 7, 1
126, 1, 758, 250, 293, 428, 1, 7, 1
127, 1, 757, 251, 298, 427, 1, 7, 1
128, 1, 754, 255, 307, 422, 1, 7, 1
129, 1, 752, 258, 322, 420, 1, 7, 1
130, 1, 749, 258, 328, 423, 1, 7, 1
131, 1, 745, 260, 342, 422, 1, 7, 1
132, 1, 745, 259, 355, 423, 1, 7, 1
133, 1, 745, 264, 356, 423, 1, 7, 1
134, 1, 743, 262, 362, 422, 1, 7, 1
135, 1, 742, 265, 367, 421, 1, 7, 1
136, 1, 739, 268, 373, 421, 1, 7, 1
137, 1, 739, 269, 384, 416, 1, 7, 1
138, 1, 739, 271, 390, 417, 1, 7, 1
139, 1, 738, 275, 398, 416, 1, 7, 1
140, 1, 737, 275, 401, 419, 1, 7, 1
141, 1, 737, 281, 412, 415, 1, 7, 1
142, 1, 732, 280, 418, 413, 1, 7, 1
143, 1, 735, 280, 428, 418, 1, 7, 1
144, 1, 732, 282, 426, 421, 1, 7, 1
145, 1, 733, 283, 431, 420, 1, 7, 1
146, 1, 734, 284, 434, 420, 1, 7, 1
147, 1, 731, 287, 448, 415, 1, 7, 1
148, 1, 732, 284, 449, 416, 1, 7, 1
149, 1, 732, 288, 455, 415, 1, 7, 1
150, 1, 729, 288, 460, 411, 1, 7, 1
151, 1, 729, 289, 468, 415, 1, 7, 1
152, 1, 727, 293, 470, 415, 1, 7, 1
153, 1, 727, 292, 471, 414, 1, 7, 1
154, 1, 727, 293, 477, 413, 1, 7, 1
155, 1, 725, 295, 487, 412, 1, 7, 1
156, 1, 725, 298, 489, 412, 1, 7, 1
157, 1, 727, 299, 490, 415, 1, 7, 1
158, 1, 729, 299, 490, 414, 1, 7, 1
159, 1, 725, 302, 497, 413, 1, 7, 1
160, 1, 726, 306, 498, 413, 1, 7, 1
161, 1, 727, 308, 499, 409, 1, 7, 1
162, 1, 725, 308, 502, 408, 1, 7, 1
163, 1, 727, 309, 505, 406, 1, 7, 1
164, 1, 724, 311, 507, 405, 1, 7, 1
165, 1, 727, 312, 509, 406, 1, 7, 1
166, 1, 728, 312, 512, 409, 1, 7, 1
167, 1, 726, 310, 511, 411, 1, 7, 1
168, 1, 726, 310, 509, 409, 1, 7, 1
169, 1, 726, 318, 517, 400, 1, 7, 1
170, 1, 724, 322, 516, 398, 1, 7, 1
171, 1, 726, 323, 518, 400, 1, 7, 1
172, 1, 725, 320, 519, 404, 1, 7, 1
173, 1, 724, 319, 520, 402, 1, 7, 1
174, 1, 724, 319, 522, 403, 1, 7, 1
175, 1, 723, 322, 524, 402, 1, 7, 1
176, 1, 723, 322, 522, 403, 1, 7, 1
177, 1, 723, 320, 522, 404, 1, 7, 1
178, 1, 722, 322, 523, 399, 1, 7, 1
179, 1, 722, 323, 525, 399, 1, 7, 1
180, 1, 724, 323, 524, 400, 1, 7, 1
181, 1, 724, 320, 522, 403, 1, 7, 1
182, 1, 723, 323, 524, 397, 1, 7, 1
183, 1, 723, 326, 527, 396, 1, 7, 1
184, 1, 719, 324, 531, 399, 1, 7, 1
185, 1, 721, 323, 531, 400, 1, 7, 1
186, 1, 721, 325, 536, 398, 1, 7, 1
187, 1, 720, 325, 536, 395, 1, 7, 1
188, 1, 721, 325, 537, 395, 1, 7, 1
189, 1, 720, 324, 542, 397, 1, 7, 1
190, 1, 720, 327, 544, 396, 1, 7, 1
191, 1, 720, 326, 547, 395, 1, 7, 1
192, 1, 719, 326, 544, 391, 1, 7, 1
193, 1, 718, 324, 546, 394, 1, 7, 1
194, 1, 722, 324, 543, 394, 1, 7, 1
195, 1, 716, 325, 549, 392, 1, 7, 1
196, 1, 721, 326, 542, 392, 1, 7, 1
197, 1, 727, 326, 528, 392, 1, 7, 1
198, 1, 722, 321, 532, 396, 1, 7, 1
199, 1, 723, 323, 527, 392, 1, 7, 1
200, 1, 721, 321, 530, 391, 1, 7, 1
201, 1, 719, 322, 534, 390, 1, 7, 1
202, 1, 723, 321, 521, 392, 1, 7, 1
203, 1, 719, 318, 529, 394, 1, 7, 1
204, 1, 720, 315, 530, 395, 1, 7, 1
205, 1, 718, 313, 536, 396, 1, 7, 1
206, 1, 719, 312, 534, 396, 1, 7, 1
207, 1, 719, 311, 527, 397, 1, 7, 1
208, 1, 720, 311, 533, 398, 1, 7, 1
209, 1, 718, 307, 532, 401, 1, 7, 1
210, 1, 721, 309, 536, 402, 1, 7, 1
211, 1, 720, 307, 535, 400, 1, 7, 1
212, 1, 718, 305, 537, 400, 1, 7, 1
213, 1, 720, 302, 539, 401, 1, 7, 1
214, 1, 720, 300, 540, 400, 1, 7, 1
215, 1, 716, 298, 538, 400, 1, 7, 1
216, 1, 720, 299, 540, 400, 1, 7, 1
217, 1, 716, 299, 540, 397, 1, 7, 1
218, 1, 722, 300, 534, 396, 1, 7, 1
219, 1, 718, 298, 537, 397, 1, 7, 1
220, 1, 719, 296, 534, 401, 1, 7, 1
221, 1, 720, 295, 539, 401, 1, 7, 1
222, 1, 720, 292, 540, 400, 1, 7, 1
223, 1, 716, 288, 541, 401, 1, 7, 1
224, 1, 721, 289, 539, 402, 1, 7, 1
225, 1, 718, 290, 536, 401, 1, 7, 1
226, 1, 720, 285, 538, 404, 1, 7, 1
227, 1, 722, 282, 534, 407, 1, 7, 1
228, 1, 721, 280, 534, 409, 1, 7, 1
229, 1, 717, 280, 538, 408, 1, 7, 1
230, 1, 722, 280, 534, 408, 1, 7, 1
231, 1, 718, 276, 541, 409, 1, 7, 1
232, 1, 720, 272, 540, 410, 1, 7, 1
233, 1, 718, 272, 539, 408, 1, 7, 1
234, 1, 719, 273, 535, 407, 1, 7, 1
235, 1, 720, 273, 534, 409, 1, 7, 1
236, 1, 720, 271, 543, 409, 1, 7, 1
237, 1, 718, 268, 537, 408, 1, 7, 1
238, 1, 721, 269, 536, 409, 1, 7, 1
239, 1, 720, 267, 538, 412, 1, 7, 1
240, 1, 721, 268, 539, 411, 1, 7, 1
241, 1, 718, 266, 545, 411, 1, 7, 1
242, 1, 720, 267, 545, 410, 1, 7, 1
243, 1, 721, 266, 542, 412, 1, 7, 1
244, 1, 721, 264, 543, 413, 1, 7, 1
245, 1, 720, 263, 546, 413, 1, 7, 1
246, 1, 722, 264, 543, 414, 1, 7, 1
247, 1, 724, 263, 543, 413, 1, 7, 1
248, 1, 723, 263, 546, 414, 1, 7, 1
249, 1, 722, 261, 546, 412, 1, 7, 1
250, 1, 723, 261, 546, 411, 1, 7, 1
251, 1, 725, 263, 544, 411, 1, 7, 1
252, 1, 724, 265, 549, 409, 1, 7, 1
253, 1, 723, 263, 552, 413, 1, 7, 1
254, 1, 725, 260, 550, 416, 1, 7, 1
255, 1, 724, 261, 540, 414, 1, 7, 1
256, 1, 725, 261, 537, 414, 1, 7, 1
257, 1, 725, 261, 542, 415, 1, 7, 1
258, 1, 725, 261, 546, 414, 1, 7, 1
259, 1, 725, 261, 545, 415, 1, 7, 1
260, 1, 726, 260, 546, 416, 1, 7, 1
261, 1, 725, 261, 548, 416, 1, 7, 1
262, 1, 725, 262, 553, 415, 1, 7, 1
263, 1, 727, 262, 557, 415, 1, 7, 1
264, 1, 727, 260, 559, 418, 1, 7, 1
265, 1, 726, 260, 558, 417, 1, 7, 1
266, 1, 730, 260, 558, 416, 1, 7, 1
267, 1, 733, 264, 558, 410, 1, 7, 1
268, 1, 726, 267, 560, 413, 1, 7, 1
269, 1, 728, 268, 562, 418, 1, 7, 1
270, 1, 727, 263, 562, 423, 1, 7, 1
271, 1, 729, 258, 555, 421, 1, 7, 1
272, 1, 728, 256, 560, 421, 1, 7, 1
273, 1, 731, 264, 558, 414, 1, 7, 1
274, 1, 729, 270, 553, 414, 1, 7, 1
275, 1, 731, 270, 557, 418, 1, 7, 1
276, 1, 726, 266, 560, 423, 1, 7, 1
277, 1, 727, 264, 558, 421, 1, 7, 1
278, 1, 728, 261, 553, 424, 1, 7, 1
279, 1, 729, 264, 553, 418, 1, 7, 1
280, 1, 727, 264, 551, 420, 1, 7, 1
281, 1, 728, 271, 548, 417, 1, 7, 1
282, 1, 728, 272, 545, 417, 1, 7, 1
283, 1, 728, 274, 542, 418, 1, 7, 1
284, 1, 728, 276, 539, 414, 1, 7, 1
285, 1, 729, 274, 533, 419, 1, 7, 1
286, 1, 731, 274, 523, 416, 1, 7, 1
287, 1, 728, 273, 514, 422, 1, 7, 1
288, 1, 730, 272, 507, 424, 1, 7, 1
289, 1, 732, 275, 504, 423, 1, 7, 1
290, 1, 731, 278, 497, 422, 1, 7, 1
291, 1, 733, 279, 483, 421, 1, 7, 1
292, 1, 734, 279, 477, 423, 1, 7, 1
293, 1, 736, 279, 465, 422, 1, 7, 1
294, 1, 737, 279, 458, 424, 1, 7, 1
295, 1, 739, 279, 441, 424, 1, 7, 1
296, 1, 742, 278, 429, 423, 1, 7, 1
297, 1, 745, 280, 426, 426, 1, 7, 1
298, 1, 747, 284, 412, 423, 1, 7, 1
299, 1, 749, 286, 398, 421, 1, 7, 1
300, 1, 754, 291, 383, 420, 1, 7, 1
301, 1, 754, 290, 338, 421, 1, 7, 1
302, 1, 757, 289, 330, 421, 1, 7, 1
303, 1, 761, 289, 337, 420, 1, 7, 1
304, 1, 769, 291, 313, 418, 1, 7, 1
305, 1, 773, 290, 298, 421, 1, 7, 1
306, 1, 773, 291, 276, 418, 1, 7, 1
307, 1, 776, 291, 261, 422, 1, 7, 1
308, 1, 783, 296, 243, 417, 1, 7, 1
309, 1, 788, 298, 220, 414, 1, 7, 1
310, 1, 794, 297, 192, 416, 1, 7, 1
311, 1, 799, 301, 180, 414, 1, 7, 1
312, 1, 802, 302, 169, 413, 1, 7, 1
313, 1, 806, 302, 163, 413, 1, 7, 1
314, 1, 812, 302, 162, 415, 1, 7, 1
315, 1, 810, 313, 163, 407, 1, 7, 1
316, 1, 808, 307, 168, 414, 1, 7, 1
317, 1, 809, 311, 172, 410, 1, 7, 1
318, 1, 800, 311, 183, 408, 1, 7, 1
319, 1, 787, 322, 200, 397, 1, 7, 1
320, 1, 771, 323, 219, 397, 1, 7, 1
321, 1, 754, 328, 245, 395, 1, 7, 1
322, 1, 746, 331, 258, 392, 1, 7, 1
323, 1, 722, 331, 284, 390, 1, 7, 1
324, 1, 716, 332, 292, 385, 1, 7, 1
325, 1, 710, 339, 305, 382, 1, 7, 1
326, 1, 675, 345, 342, 378, 1, 7, 1
327, 1, 676, 352, 345, 375, 1, 7, 1
328, 1, 682, 354, 341, 371, 1, 7, 1
329, 1, 656, 358, 373, 365, 1, 7, 1
330, 1, 653, 357, 381, 364, 1, 7, 1
331, 1, 644, 364, 390, 358, 1, 7, 1
332, 1, 630, 370, 407, 352, 1, 7, 1
333, 1, 635, 373, 404, 351, 1, 7, 1
334, 1, 616, 378, 423, 341, 1, 7, 1
335, 1, 583, 380, 459, 338, 1, 7, 1
336, 1, 586, 382, 459, 337, 1, 7, 1
337, 1, 578, 392, 466, 327, 1, 7, 1
338, 1, 565, 400, 480, 320, 1, 7, 1
339, 1, 552, 408, 497, 312, 1, 7, 1
340, 1, 555, 410, 491, 306, 1, 7, 1
341, 1, 542, 416, 505, 301, 1, 7, 1
342, 1, 533, 419, 516, 299, 1, 7, 1
343, 1, 526, 428, 525, 288, 1, 7, 1
344, 1, 535, 431, 514, 287, 1, 7, 1
345, 1, 532, 437, 521, 282, 1, 7, 1
346, 1, 521, 440, 530, 278, 1, 7, 1
347, 1, 496, 446, 556, 272, 1, 7, 1
348, 1, 493, 450, 559, 268, 1, 7, 1
349, 1, 498, 462, 552, 254, 1, 7, 1
350, 1, 488, 463, 562, 257, 1, 7, 1
351, 1, 482, 476, 568, 239, 1, 7, 1
352, 1, 472, 480, 581, 232, 1, 7, 1
353, 1, 473, 482, 578, 230, 1, 7, 1
354, 1, 467, 487, 584, 223, 1, 7, 1
355, 1, 460, 491, 589, 236, 1, 7, 1
356, 1, 461, 492, 590, 238, 1, 7, 1
357, 1, 455, 500, 589, 241, 1, 7, 1
358, 1, 453, 499, 596, 236, 1, 7, 1
359, 1, 459, 502, 592, 235, 1, 7, 1
360, 1, 448, 504, 602, 235, 1, 7, 1
361, 1, 451, 509, 601, 224, 1, 7, 1
362, 1, 452, 510, 597, 232, 1, 7, 1
363, 1, 461, 509, 590, 239, 1, 7, 1
364, 1, 455, 510, 596, 231, 1, 7, 1
365, 1, 487, 513, 562, 208, 1, 7, 1
366, 1, 457, 512, 593, 231, 1, 7, 1
367, 1, 461, 515, 590, 219, 1, 7, 1
368, 1, 455, 515, 596, 231, 1, 7, 1
369, 1, 468, 516, 584, 234, 1, 7, 1
370, 1, 449, 514, 601, 244, 1, 7, 1
371, 1, 454, 516, 597, 230, 1, 7, 1
372, 1, 454, 517, 599, 235, 1, 7, 1
373, 1, 451, 515, 602, 239, 1, 7, 1
374, 1, 468, 516, 584, 220, 1, 7, 1
375, 1, 450, 515, 603, 237, 1, 7, 1
376, 1, 450, 514, 602, 246, 1, 7, 1
377, 1, 458, 516, 595, 239, 1, 7, 1
378, 1, 442, 516, 610, 245, 1, 7, 1
379, 1, 477, 513, 573, 213, 1, 7, 1
380, 1, 476, 513, 574, 224, 1, 7, 1
381, 1, 483, 514, 566, 210, 1, 7, 1
382, 1, 471, 513, 576, 220, 1, 7, 1
383, 1, 476, 512, 571, 208, 1, 7, 1
384, 1, 480, 512, 567, 203, 1, 7, 1
385, 1, 470, 510, 578, 211, 1, 7, 1
386, 1, 470, 509, 579, 220, 1, 7, 1
387, 1, 466, 510, 579, 207, 1, 7, 1
388, 1, 467, 509, 582, 209, 1, 7, 1
389, 1, 463, 510, 584, 208, 1, 7, 1
390, 1, 440, 507, 607, 259, 1, 7, 1
391, 1, 463, 508, 583, 212, 1, 7, 1
392, 1, 444, 506, 601, 261, 1, 7, 1
393, 1, 470, 507, 576, 205, 1, 7, 1
394, 1, 470, 508, 577, 205, 1, 7, 1
395, 1, 443, 505, 602, 268, 1, 7, 1
396, 1, 442, 503, 602, 266, 1, 7, 1
397, 1, 440, 501, 608, 272, 1, 7, 1
398, 1, 445, 499, 603, 272, 1, 7, 1
399, 1, 443, 500, 603, 272, 1, 7, 1
400, 1, 447, 500, 598, 272, 1, 7, 1
401, 1, 442, 499, 599, 274, 1, 7, 1
402, 1, 447, 498, 599, 275, 1, 7, 1
403, 1, 450, 498, 596, 274, 1, 7, 1
404, 1, 453, 498, 592, 274, 1, 7, 1
405, 1, 448, 497, 594, 275, 1, 7, 1
406, 1, 447, 496, 595, 277, 1, 7, 1
407, 1, 446, 496, 597, 278, 1, 7, 1
408, 1, 446, 496, 599, 278, 1, 7, 1
409, 1, 452, 496, 591, 275, 1, 7, 1
410, 1, 455, 496, 587, 269, 1, 7, 1
411, 1, 456, 496, 585, 267, 1, 7, 1
412, 1, 471, 496, 572, 237, 1, 7, 1
413, 1, 457, 496, 585, 266, 1, 7, 1
414, 1, 455, 495, 588, 272, 1, 7, 1
415, 1, 454, 496, 588, 270, 1, 7, 1
416, 1, 460, 496, 584, 265, 1, 7, 1
417, 1, 460, 495, 580, 274, 1, 7, 1
418, 1, 461, 495, 579, 274, 1, 7, 1
419, 1, 461, 496, 579, 271, 1, 7, 1
420, 1, 463, 496, 578, 266, 1, 7, 1
421, 1, 463, 495, 579, 274, 1, 7, 1
422, 1, 467, 496, 574, 261, 1, 7, 1
423, 1, 467, 497, 573, 256, 1, 7, 1
424, 1, 470, 497, 570, 245, 1, 7, 1
425, 1, 469, 499, 573, 219, 1, 7, 1
426, 1, 469, 499, 574, 228, 1, 7, 1
427, 1, 469, 500, 575, 227, 1, 7, 1
428, 1, 471, 501, 569, 230, 1, 7, 1
429, 1, 474, 500, 569, 214, 1, 7, 1
430, 1, 476, 501, 565, 214, 1, 7, 1
431, 1, 477, 502, 568, 219, 1, 7, 1
432, 1, 478, 502, 567, 220, 1, 7, 1
433, 1, 479, 502, 567, 214, 1, 7, 1
434, 1, 476, 504, 569, 217, 1, 7, 1
435, 1, 483, 503, 562, 212, 1, 7, 1
436, 1, 482, 505, 563, 213, 1, 7, 1
437, 1, 481, 506, 565, 216, 1, 7, 1
438, 1, 483, 507, 561, 217, 1, 7, 1
439, 1, 486, 509, 560, 215, 1, 7, 1
440, 1, 488, 508, 558, 217, 1, 7, 1
441, 1, 491, 509, 553, 211, 1, 7, 1
442, 1, 492, 509, 553, 213, 1, 7, 1
443, 1, 496, 510, 546, 209, 1, 7, 1
444, 1, 496, 511, 545, 210, 1, 7, 1
445, 1, 497, 513, 545, 209, 1, 7, 1
446, 1, 496, 513, 546, 211, 1, 7, 1
447, 1, 502, 513, 538, 211, 1, 7, 1
448, 1, 503, 512, 538, 212, 1, 7, 1
449, 1, 508, 513, 533, 210, 1, 7, 1
450, 1, 504, 513, 537, 212, 1, 7, 1
451, 1, 509, 513, 534, 210, 1, 7, 1
452, 1, 510, 514, 534, 209, 1, 7, 1
453, 1, 511, 514, 530, 210, 1, 7, 1
454, 1, 511, 515, 530, 209, 1, 7, 1
455, 1, 508, 515, 534, 209, 1, 7, 1
456, 1, 509, 516, 532, 207, 1, 7, 1
457, 1, 509, 516, 534, 210, 1, 7, 1
458, 1, 514, 516, 528, 207, 1, 7, 1
459, 1, 519, 517, 522, 205, 1, 7, 1
460, 1, 518, 516, 526, 206, 1, 7, 1
461, 1, 518, 517, 526, 207, 1, 7, 1
462, 1, 522, 517, 522, 205, 1, 7, 1
463, 1, 520, 516, 524, 205, 1, 7, 1
464, 1, 521, 518, 522, 204, 1, 7, 1
465, 1, 521, 518, 523, 203, 1, 7, 1
466, 1, 521, 517, 524, 203, 1, 7, 1
467, 1, 521, 518, 524, 203, 1, 7, 1
468, 1, 522, 518, 522, 204, 1, 7, 1
469, 1, 526, 518, 519, 203, 1, 7, 1
470, 1, 527, 518, 517, 205, 1, 7, 1
471, 1, 523, 519, 520, 205, 1, 7, 1
472, 1, 525, 518, 515, 203, 1, 7, 1
473, 1, 524, 519, 521, 204, 1, 7, 1
474, 1, 526, 518, 513, 205, 1, 7, 1
475, 1, 524, 518, 520, 205, 1, 7, 1
476, 1, 526, 518, 518, 205, 1, 7, 1
477, 1, 525, 518, 519, 205, 1, 7, 1
478, 1, 525, 518, 518, 203, 1, 7, 1
479, 1, 526, 516, 519, 205, 1, 7, 1
480, 1, 526, 517, 518, 205, 1, 7, 1
481, 1, 528, 514, 517, 205, 1, 7, 1
482, 1, 528, 514, 518, 203, 1, 7, 1
483, 1, 528, 516, 518, 201, 1, 7, 1
484, 1, 529, 516, 516, 200, 1, 7, 1
485, 1, 530, 516, 516, 200, 1, 7, 1
486, 1, 530, 518, 515, 200, 1, 7, 1
487, 1, 529, 514, 517, 204, 1, 7, 1
488, 1, 529, 512, 519, 206, 1, 7, 1
489, 1, 530, 513, 518, 204, 1, 7, 1
490, 1, 529, 512, 517, 207, 1, 7, 1
491, 1, 529, 512, 519, 204, 1, 7, 1
492, 1, 531, 513, 517, 203, 1, 7, 1
493, 1, 530, 511, 515, 204, 1, 7, 1
494, 1, 530, 510, 516, 206, 1, 7, 1
495, 1, 531, 511, 517, 203, 1, 7, 1
496, 1, 530, 511, 515, 203, 1, 7, 1
497, 1, 528, 513, 523, 198, 1, 7, 1
498, 1, 528, 513, 521, 197, 1, 7, 1
499, 1, 529, 511, 519, 199, 1, 7, 1
500, 1, 529, 510, 521, 202, 1, 7, 1
501, 1, 527, 510, 522, 198, 1, 7, 1
502, 1, 527, 510, 523, 198, 1, 7, 1
503, 1, 528, 509, 520, 199, 1, 7, 1
504, 1, 529, 506, 518, 199, 1, 7, 1
505, 1, 528, 504, 518, 200, 1, 7, 1
506, 1, 529, 504, 520, 199, 1, 7, 1
507, 1, 530, 502, 519, 201, 1, 7, 1
508, 1, 531, 500, 517, 204, 1, 7, 1
509, 1, 529, 500, 521, 202, 1, 7, 1
510, 1, 530, 499, 517, 202, 1, 7, 1
511, 1, 530, 499, 518, 203, 1, 7, 1
512, 1, 530, 498, 517, 207, 1, 7, 1
513, 1, 530, 496, 518, 205, 1, 7, 1
514, 1, 530, 495, 520, 206, 1, 7, 1
515, 1, 531, 492, 517, 212, 1, 7, 1
516, 1, 532, 493, 514, 202, 1, 7, 1
517, 1, 531, 490, 521, 205, 1, 7, 1
518, 1, 533, 490, 516, 209, 1, 7, 1
519, 1, 534, 487, 519, 211, 1, 7, 1
520, 1, 536, 485, 517, 212, 1, 7, 1
521, 1, 534, 484, 519, 220, 1, 7, 1
522, 1, 535, 482, 518, 219, 1, 7, 1
523, 1, 535, 479, 519, 220, 1, 7, 1
524, 1, 538, 478, 515, 221, 1, 7, 1
525, 1, 537, 476, 517, 221, 1, 7, 1
526, 1, 536, 475, 519, 221, 1, 7, 1
527, 1, 536, 473, 519, 228, 1, 7, 1
528, 1, 536, 473, 518, 228, 1, 7, 1
529, 1, 536, 468, 518, 228, 1, 7, 1
530, 1, 533, 466, 520, 224, 1, 7, 1
531, 1, 536, 465, 518, 228, 1, 7, 1
532, 1, 535, 464, 517, 229, 1, 7, 1
533, 1, 536, 463, 516, 232, 1, 7, 1
534, 1, 538, 462, 515, 224, 1, 7, 1
535, 1, 536, 459, 515, 235, 1, 7, 1
536, 1, 537, 456, 517, 236, 1, 7, 1
537, 1, 534, 453, 519, 244, 1, 7, 1
538, 1, 536, 451, 518, 244, 1, 7, 1
539, 1, 537, 448, 516, 245, 1, 7, 1
540, 1, 537, 445, 517, 248, 1, 7, 1
541, 1, 536, 445, 518, 249, 1, 7, 1
542, 1, 537, 444, 516, 250, 1, 7, 1
543, 1, 537, 442, 519, 252, 1, 7, 1
544, 1, 539, 442, 515, 249, 1, 7, 1
545, 1, 536, 440, 517, 246, 1, 7, 1
546, 1, 536, 438, 517, 248, 1, 7, 1
547, 1, 539, 436, 514, 246, 1, 7, 1
548, 1, 541, 436, 510, 248, 1, 7, 1
549, 1, 541, 434, 512, 251, 1, 7, 1
550, 1, 542, 432, 510, 252, 1, 7, 1
551, 1, 541, 427, 512, 256, 1, 7, 1
552, 1, 542, 427, 508, 256, 1, 7, 1
553, 1, 542, 425, 510, 258, 1, 7, 1
554, 1, 542, 425, 509, 259, 1, 7, 1
555, 1, 543, 420, 508, 262, 1, 7, 1
556, 1, 541, 420, 507, 263, 1, 7, 1
557, 1, 543, 419, 507, 264, 1, 7, 1
558, 1, 542, 416, 506, 267, 1, 7, 1
559, 1, 542, 417, 508, 265, 1, 7, 1
560, 1, 539, 415, 509, 267, 1, 7, 1
561, 1, 540, 412, 510, 269, 1, 7, 1
562, 1, 540, 412, 511, 270, 1, 7, 1
563, 1, 539, 412, 511, 269, 1, 7, 1
564, 1, 540, 411, 509, 270, 1, 7, 1
565, 1, 539, 408, 509, 272, 1, 7, 1
566, 1, 537, 406, 511, 275, 1, 7, 1
567, 1, 541, 405, 509, 278, 1, 7, 1
568, 1, 539, 405, 511, 278, 1, 7, 1
569, 1, 539, 403, 513, 280, 1, 7, 1
570, 1, 539, 401, 514, 282, 1, 7, 1
571, 1, 539, 399, 512, 285, 1, 7, 1
572, 1, 540, 399, 511, 285, 1, 7, 1
573, 1, 539, 396, 513, 287, 1, 7, 1
574, 1, 540, 394, 514, 289, 1, 7, 1
575, 1, 539, 395, 514, 290, 1, 7, 1
576, 1, 538, 396, 516, 289, 1, 7, 1
577, 1, 537, 393, 515, 293, 1, 7, 1
578, 1, 537, 391, 511, 294, 1, 7, 1
579, 1, 539, 388, 514, 298, 1, 7, 1
580, 1, 539, 389, 513, 296, 1, 7, 1
581, 1, 532, 387, 520, 299, 1, 7, 1
582, 1, 538, 386, 514, 304, 1, 7, 1
583, 1, 539, 386, 514, 303, 1, 7, 1
584, 1, 537, 385, 516, 306, 1, 7, 1
585, 1, 537, 385, 515, 305, 1, 7, 1
586, 1, 537, 383, 514, 307, 1, 7, 1
587, 1, 539, 382, 512, 307, 1, 7, 1
588, 1, 538, 383, 511, 309, 1, 7, 1
589, 1, 536, 382, 514, 313, 1, 7, 1
590, 1, 538, 381, 512, 314, 1, 7, 1
591, 1, 538, 380, 509, 317, 1, 7, 1
592, 1, 540, 379, 510, 317, 1, 7, 1
593, 1, 537, 379, 513, 320, 1, 7, 1
594, 1, 540, 377, 510, 323, 1, 7, 1
595, 1, 544, 377, 507, 325, 1, 7, 1
596, 1, 543, 376, 507, 325, 1, 7, 1
597, 1, 537, 376, 513, 323, 1, 7, 1
598, 1, 540, 372, 510, 329, 1, 7, 1
599, 1, 540, 370, 506, 331, 1, 7, 1
600, 1, 541, 370, 509, 333, 1, 7, 1
601, 1, 543, 372, 507, 332, 1, 7, 1
602, 1, 545, 371, 505, 333, 1, 7, 1
603, 1, 544, 368, 505, 335, 1, 7, 1
604, 1, 544, 366, 506, 338, 1, 7, 1
605, 1, 547, 365, 503, 341, 1, 7, 1
606, 1, 548, 365, 501, 342, 1, 7, 1
607, 1, 546, 363, 501, 344, 1, 7, 1
608, 1, 549, 363, 501, 345, 1, 7, 1
609, 1, 552, 363, 499, 347, 1, 7, 1
610, 1, 552, 363, 500, 346, 1, 7, 1
611, 1, 554, 362, 495, 347, 1, 7, 1
612, 1, 553, 362, 497, 347, 1, 7, 1
613, 1, 553, 361, 497, 349, 1, 7, 1
614, 1, 555, 360, 496, 352, 1, 7, 1
615, 1, 563, 360, 489, 351, 1, 7, 1
616, 1, 561, 358, 491, 355, 1, 7, 1
617, 1, 561, 355, 488, 356, 1, 7, 1
618, 1, 561, 355, 488, 356, 1, 7, 1
619, 1, 562, 354, 488, 357, 1, 7, 1
620, 1, 564, 351, 485, 362, 1, 7, 1
621, 1, 572, 348, 476, 365, 1, 7, 1
622, 1, 567, 349, 480, 364, 1, 7, 1
623, 1, 569, 349, 477, 364, 1, 7, 1
624, 1, 569, 349, 476, 366, 1, 7, 1
625, 1, 574, 348, 474, 366, 1, 7, 1
626, 1, 579, 347, 469, 368, 1, 7, 1
627, 1, 583, 343, 462, 371, 1, 7, 1
628, 1, 584, 343, 461, 371, 1, 7, 1
629, 1, 586, 344, 458, 372, 1, 7, 1
630, 1, 586, 342, 460, 375, 1, 7, 1
631, 1, 595, 341, 450, 375, 1, 7, 1
632, 1, 596, 338, 449, 378, 1, 7, 1
633, 1, 601, 337, 445, 380, 1, 7, 1
634, 1, 606, 337, 439, 379, 1, 7, 1
635, 1, 608, 337, 435, 379, 1, 7, 1
636, 1, 607, 335, 439, 381, 1, 7, 1
637, 1, 614, 331, 430, 385, 1, 7, 1
638, 1, 618, 328, 422, 385, 1, 7, 1
639, 1, 620, 327, 419, 386, 1, 7, 1
640, 1, 623, 330, 414, 386, 1, 7, 1
641, 1, 633, 326, 403, 390, 1, 7, 1
642, 1, 637, 326, 398, 390, 1, 7, 1
643, 1, 639, 323, 396, 392, 1, 7, 1
644, 1, 642, 326, 390, 387, 1, 7, 1
645, 1, 649, 323, 383, 392, 1, 7, 1
646, 1, 662, 322, 367, 392, 1, 7, 1
647, 1, 655, 320, 376, 390, 1, 7, 1
648, 1, 658, 318, 371, 390, 1, 7, 1
649, 1, 663, 316, 367, 394, 1, 7, 1
650, 1, 678, 315, 349, 394, 1, 7, 1
651, 1, 666, 314, 353, 396, 1, 7, 1
652, 1, 687, 312, 330, 395, 1, 7, 1
653, 1, 704, 306, 311, 403, 1, 7, 1
654, 1, 704, 307, 312, 400, 1, 7, 1
655, 1, 714, 306, 294, 402, 1, 7, 1
656, 1, 723, 306, 288, 403, 1, 7, 1
657, 1, 728, 301, 277, 407, 1, 7, 1
658, 1, 735, 299, 271, 412, 1, 7, 1
659, 1, 739, 297, 263, 414, 1, 7, 1
660, 1, 744, 298, 256, 411, 1, 7, 1
661, 1, 756, 297, 239, 413, 1, 7, 1
662, 1, 757, 295, 236, 414, 1, 7, 1
663, 1, 765, 292, 225, 414, 1, 7, 1
664, 1, 773, 289, 216, 416, 1, 7, 1
665, 1, 778, 289, 205, 414, 1, 7, 1
666, 1, 784, 286, 195, 418, 1, 7, 1
667, 1, 786, 289, 192, 414, 1, 7, 1
668, 1, 787, 289, 191, 412, 1, 7, 1
669, 1, 789, 285, 185, 416, 1, 7, 1
670, 1, 791, 285, 182, 413, 1, 7, 1
671, 1, 796, 283, 172, 414, 1, 7, 1
672, 1, 795, 284, 172, 412, 1, 7, 1
673, 1, 796, 282, 169, 419, 1, 7, 1
674, 1, 795, 284, 170, 413, 1, 7, 1
675, 1, 797, 281, 162, 419, 1, 7, 1
676, 1, 795, 277, 163, 422, 1, 7, 1
677, 1, 795, 274, 165, 424, 1, 7, 1
678, 1, 793, 270, 168, 426, 1, 7, 1
679, 1, 790, 266, 169, 424, 1, 7, 1
680, 1, 789, 265, 172, 421, 1, 7, 1
681, 1, 787, 263, 175, 424, 1, 7, 1
682, 1, 782, 261, 187, 427, 1, 7, 1
683, 1, 777, 261, 200, 427, 1, 7, 1
684, 1, 774, 259, 208, 429, 1, 7, 1
685, 1, 771, 258, 226, 428, 1, 7, 1
686, 1, 770, 258, 235, 430, 1, 7, 1
687, 1, 769, 257, 237, 429, 1, 7, 1
688, 1, 764, 257, 247, 429, 1, 7, 1
689, 1, 762, 253, 258, 433, 1, 7, 1
690, 1, 760, 251, 268, 435, 1, 7, 1
691, 1, 757, 252, 278, 433, 1, 7, 1
692, 1, 754, 250, 288, 437, 1, 7, 1
693, 1, 754, 249, 292, 435, 1, 7, 1
694, 1, 749, 248, 305, 438, 1, 7, 1
695, 1, 748, 248, 313, 437, 1, 7, 1
696, 1, 746, 247, 321, 438, 1, 7, 1
697, 1, 744, 246, 332, 440, 1, 7, 1
698, 1, 740, 247, 339, 440, 1, 7, 1
699, 1, 739, 249, 346, 436, 1, 7, 1
700, 1, 737, 247, 351, 438, 1, 7, 1
701, 1, 734, 248, 363, 437, 1, 7, 1
702, 1, 731, 248, 371, 435, 1, 7, 1
703, 1, 731, 248, 379, 436, 1, 7, 1
704, 1, 731, 248, 382, 436, 1, 7, 1
705, 1, 731, 250, 389, 433, 1, 7, 1
706, 1, 729, 249, 395, 434, 1, 7, 1
707, 1, 729, 252, 402, 430, 1, 7, 1
708, 1, 727, 252, 410, 431, 1, 7, 1
709, 1, 729, 252, 407, 429, 1, 7, 1
710, 1, 726, 253, 420, 429, 1, 7, 1
711, 1, 728, 253, 422, 429, 1, 7, 1
712, 1, 728, 256, 429, 426, 1, 7, 1
713, 1, 724, 256, 437, 427, 1, 7, 1
714, 1, 727, 255, 438, 429, 1, 7, 1
715, 1, 726, 255, 440, 427, 1, 7, 1
716, 1, 724, 257, 451, 426, 1, 7, 1
717, 1, 725, 258, 457, 423, 1, 7, 1
718, 1, 724, 258, 463, 424, 1, 7, 1
719, 1, 725, 259, 465, 422, 1, 7, 1
720, 1, 725, 259, 466, 421, 1, 7, 1
721, 1, 722, 259, 471, 422, 1, 7, 1
722, 1, 722, 258, 474, 423, 1, 7, 1
723, 1, 721, 259, 478, 423, 1, 7, 1
724, 1, 722, 260, 483, 423, 1, 7, 1
725, 1, 723, 261, 483, 421, 1, 7, 1
726, 1, 722, 262, 485, 421, 1, 7, 1
727, 1, 722, 262, 489, 421, 1, 7, 1
728, 1, 723, 262, 490, 423, 1, 7, 1
729, 1, 724, 264, 489, 421, 1, 7, 1
730, 1, 720, 265, 494, 418, 1, 7, 1
731, 1, 720, 265, 495, 420, 1, 7, 1
732, 1, 719, 266, 496, 418, 1, 7, 1
733, 1, 721, 266, 495, 421, 1, 7, 1
734, 1, 721, 267, 497, 421, 1, 7, 1
735, 1, 721, 266, 500, 420, 1, 7, 1
736, 1, 720, 268, 500, 421, 1, 7, 1
737, 1, 720, 269, 506, 420, 1, 7, 1
738, 1, 719, 269, 508, 421, 1, 7, 1
739, 1, 721, 271, 507, 418, 1, 7, 1
740, 1, 722, 274, 506, 416, 1, 7, 1
741, 1, 722, 272, 509, 416, 1, 7, 1
742, 1, 723, 274, 510, 416, 1, 7, 1
743, 1, 723, 276, 511, 413, 1, 7, 1
744, 1, 723, 276, 512, 414, 1, 7, 1
745, 1, 721, 277, 516, 414, 1, 7, 1
746, 1, 727, 278, 513, 414, 1, 7, 1
747, 1, 726, 279, 516, 413, 1, 7, 1
748, 1, 724, 280, 521, 414, 1, 7, 1
749, 1, 726, 280, 521, 413, 1, 7, 1
750, 1, 724, 283, 524, 411, 1, 7, 1
1, 2, 1118, 478, 181, 231, 1, 5, 1
2, 2, 1116, 480, 183, 231, 1, 5, 1
3, 2, 1118, 483, 181, 229, 1, 5, 1
4, 2, 1119, 482, 181, 232, 1, 5, 1
5, 2, 1117, 485, 183, 231, 1, 5, 1
6, 2, 1119, 486, 181, 231, 1, 5, 1
7, 2, 1116, 488, 184, 231, 1, 5, 1
8, 2, 1116, 489, 183, 228, 1, 5, 1
9, 2, 1119, 489, 181, 229, 1, 5, 1
10, 2, 1117, 492, 184, 229, 1, 5, 1
11, 2, 1117, 495, 184, 229, 1, 5, 1
12, 2, 1118, 495, 182, 230, 1, 5, 1
13, 2, 1116, 496, 184, 230, 1, 5, 1
14, 2, 1117, 496, 183, 231, 1, 5, 1
15, 2, 1117, 497, 184, 231, 1, 5, 1
16, 2, 1117, 498, 183, 231, 1, 5, 1
17, 2, 1119, 498, 180, 231, 1, 5, 1
18, 2, 1117, 498, 182, 230, 1, 5, 1
19, 2, 1117, 498, 183, 230, 1, 5, 1
20, 2, 1119, 499, 180, 231, 1, 5, 1
21, 2, 1116, 501, 183, 230, 1, 5, 1
22, 2, 1117, 501, 180, 231, 1, 5, 1
23, 2, 1115, 500, 183, 232, 1, 5, 1
24, 2, 1116, 500, 183, 231, 1, 5, 1
25, 2, 1115, 500, 183, 230, 1, 5, 1
26, 2, 1115, 502, 183, 229, 1, 5, 1
27, 2, 1117, 501, 182, 230, 1, 5, 1
28, 2, 1115, 500, 182, 232, 1, 5, 1
29, 2, 1118, 501, 180, 230, 1, 5, 1
30, 2, 1117, 502, 183, 230, 1, 5, 1
31, 2, 1116, 503, 183, 230, 1, 5, 1
32, 2, 1115, 503, 184, 229, 1, 5, 1
33, 2, 1116, 502, 183, 230, 1, 5, 1
34, 2, 1115, 504, 183, 229, 1, 5, 1
35, 2, 1117, 507, 183, 228, 1, 5, 1
36, 2, 1114, 502, 184, 231, 1, 5, 1
37, 2, 1117, 500, 182, 232, 1, 5, 1
38, 2, 1116, 500, 184, 232, 1, 5, 1
39, 2, 1117, 500, 183, 232, 1, 5, 1
40, 2, 1117, 501, 183, 230, 1, 5, 1
41, 2, 1116, 500, 183, 231, 1, 5, 1
42, 2, 1117, 500, 183, 230, 1, 5, 1
43, 2, 1117, 501, 182, 232, 1, 5, 1
44, 2, 1117, 500, 182, 231, 1, 5, 1
45, 2, 1116, 499, 185, 232, 1, 5, 1
46, 2, 1117, 499, 183, 231, 1, 5, 1
47, 2, 1116, 505, 185, 230, 1, 5, 1
48, 2, 1116, 504, 184, 229, 1, 5, 1
49, 2, 1116, 504, 184, 231, 1, 5, 1
50, 2, 1119, 503, 181, 230, 1, 5, 1
51, 2, 1118, 504, 183, 228, 1, 5, 1
52, 2, 1117, 500, 184, 230, 1, 5, 1
53, 2, 1118, 504, 182, 225, 1, 5, 1
54, 2, 1118, 504, 183, 227, 1, 5, 1
55, 2, 1118, 500, 183, 229, 1, 5, 1
56, 2, 1118, 495, 183, 232, 1, 5, 1
57, 2, 1120, 491, 184, 233, 1, 5, 1
58, 2, 1118, 491, 184, 231, 1, 5, 1
59, 2, 1120, 491, 184, 231, 1, 5, 1
60, 2, 1120, 492, 184, 227, 1, 5, 1
61, 2, 1118, 488, 185, 228, 1, 5, 1
62, 2, 1119, 490, 184, 230, 1, 5, 1
63, 2, 1119, 488, 184, 229, 1, 5, 1
64, 2, 1118, 486, 183, 230, 1, 5, 1
65, 2, 1118, 485, 183, 229, 1, 5, 1
66, 2, 1119, 483, 183, 232, 1, 5, 1
67, 2, 1119, 483, 183, 232, 1, 5, 1
68, 2, 1119, 483, 181, 230, 1, 5, 1
69, 2, 1119, 478, 183, 231, 1, 5, 1
70, 2, 1119, 476, 182, 229, 1, 5, 1
71, 2, 1119, 474, 182, 227, 1, 5, 1
72, 2, 1118, 473, 183, 229, 1, 5, 1
73, 2, 1118, 475, 182, 232, 1, 5, 1
74, 2, 1118, 476, 183, 225, 1, 5, 1
75, 2, 1117, 470, 184, 227, 1, 5, 1
76, 2, 1118, 467, 182, 230, 1, 5, 1
77, 2, 1117, 468, 184, 230, 1, 5, 1
78, 2, 1116, 467, 184, 230, 1, 5, 1
79, 2, 1117, 464, 183, 229, 1, 5, 1
80, 2, 1116, 464, 184, 228, 1, 5, 1
81, 2, 1117, 465, 183, 228, 1, 5, 1
82, 2, 1118, 467, 181, 227, 1, 5, 1
83, 2, 1116, 466, 183, 228, 1, 5, 1
84, 2, 1116, 464, 183, 230, 1, 5, 1
85, 2, 1115, 463, 185, 230, 1, 5, 1
86, 2, 1116, 459, 184, 232, 1, 5, 1
87, 2, 1118, 456, 182, 233, 1, 5, 1
88, 2, 1116, 455, 182, 229, 1, 5, 1
89, 2, 1117, 454, 181, 230, 1, 5, 1
90, 2, 1117, 454, 183, 229, 1, 5, 1
91, 2, 1120, 456, 179, 227, 1, 5, 1
92, 2, 1117, 456, 183, 229, 1, 5, 1
93, 2, 1118, 452, 181, 234, 1, 5, 1
94, 2, 1116, 446, 182, 234, 1, 5, 1
95, 2, 1117, 445, 183, 233, 1, 5, 1
96, 2, 1117, 452, 182, 229, 1, 5, 1
97, 2, 1118, 454, 182, 228, 1, 5, 1
98, 2, 1113, 450, 185, 231, 1, 5, 1
99, 2, 1117, 451, 181, 229, 1, 5, 1
100, 2, 1114, 446, 184, 229, 1, 5, 1
101, 2, 1117, 449, 183, 230, 1, 5, 1
102, 2, 1116, 448, 184, 231, 1, 5, 1
103, 2, 1116, 446, 184, 234, 1, 5, 1
104, 2, 1114, 446, 185, 234, 1, 5, 1
105, 2, 1117, 447, 183, 231, 1, 5, 1
106, 2, 1113, 446, 186, 230, 1, 5, 1
107, 2, 1118, 450, 183, 227, 1, 5, 1
108, 2, 1116, 451, 184, 229, 1, 5, 1
109, 2, 1118, 448, 183, 231, 1, 5, 1
110, 2, 1114, 446, 185, 231, 1, 5, 1
111, 2, 1117, 444, 182, 231, 1, 5, 1
112, 2, 1115, 444, 184, 233, 1, 5, 1
113, 2, 1118, 449, 183, 229, 1, 5, 1
114, 2, 1115, 450, 182, 229, 1, 5, 1
115, 2, 1117, 452, 182, 228, 1, 5, 1
116, 2, 1118, 454, 180, 229, 1, 5, 1
117, 2, 1118, 452, 181, 230, 1, 5, 1
118, 2, 1117, 450, 183, 230, 1, 5, 1
119, 2, 1117, 451, 184, 229, 1, 5, 1
120, 2, 1117, 451, 183, 230, 1, 5, 1
121, 2, 1118, 453, 182, 228, 1, 5, 1
122, 2, 1116, 456, 183, 228, 1, 5, 1
123, 2, 1117, 456, 183, 227, 1, 5, 1
124, 2, 1116, 457, 183, 231, 1, 5, 1
125, 2, 1118, 459, 180, 230, 1, 5, 1
126, 2, 1116, 457, 183, 229, 1, 5, 1
127, 2, 1117, 457, 181, 230, 1, 5, 1
128, 2, 1116, 457, 182, 230, 1, 5, 1
129, 2, 1119, 460, 180, 229, 1, 5, 1
130, 2, 1116, 461, 180, 230, 1, 5, 1
131, 2, 1114, 461, 183, 230, 1, 5, 1
132, 2, 1114, 459, 183, 232, 1, 5, 1
133, 2, 1116, 466, 182, 228, 1, 5, 1
134, 2, 1115, 465, 182, 230, 1, 5, 1
135, 2, 1118, 465, 180, 229, 1, 5, 1
136, 2, 1115, 466, 182, 230, 1, 5, 1
137, 2, 1116, 468, 182, 227, 1, 5, 1
138, 2, 1110, 470, 188, 228, 1, 5, 1
139, 2, 1113, 473, 185, 226, 1, 5, 1
140, 2, 1116, 473, 181, 228, 1, 5, 1
141, 2, 1117, 476, 182, 228, 1, 5, 1
142, 2, 1112, 474, 184, 229, 1, 5, 1
143, 2, 1116, 475, 183, 229, 1, 5, 1
144, 2, 1113, 476, 184, 230, 1, 5, 1
145, 2, 1115, 478, 184, 229, 1, 5, 1
146, 2, 1115, 477, 183, 234, 1, 5, 1
147, 2, 1116, 480, 184, 228, 1, 5, 1
148, 2, 1116, 479, 182, 231, 1, 5, 1
149, 2, 1117, 482, 183, 230, 1, 5, 1
150, 2, 1113, 484, 186, 229, 1, 5, 1
151, 2, 1117, 485, 184, 230, 1, 5, 1
152, 2, 1116, 487, 185, 231, 1, 5, 1
153, 2, 1115, 486, 183, 231, 1, 5, 1
154, 2, 1116, 485, 184, 232, 1, 5, 1
155, 2, 1116, 487, 184, 231, 1, 5, 1
156, 2, 1115, 488, 184, 232, 1, 5, 1
157, 2, 1118, 495, 182, 229, 1, 5, 1
158, 2, 1114, 494, 184, 231, 1, 5, 1
159, 2, 1116, 494, 183, 230, 1, 5, 1
160, 2, 1119, 497, 181, 227, 1, 5, 1
161, 2, 1117, 497, 184, 228, 1, 5, 1
162, 2, 1114, 497, 185, 228, 1, 5, 1
163, 2, 1117, 496, 183, 229, 1, 5, 1
164, 2, 1111, 499, 187, 225, 1, 5, 1
165, 2, 1116, 500, 183, 231, 1, 5, 1
166, 2, 1116, 501, 184, 230, 1, 5, 1
167, 2, 1112, 498, 185, 234, 1, 5, 1
168, 2, 1112, 498, 186, 229, 1, 5, 1
169, 2, 1114, 500, 184, 230, 1, 5, 1
170, 2, 1111, 505, 184, 227, 1, 5, 1
171, 2, 1116, 503, 183, 229, 1, 5, 1
172, 2, 1115, 502, 181, 229, 1, 5, 1
173, 2, 1109, 502, 186, 228, 1, 5, 1
174, 2, 1111, 503, 187, 226, 1, 5, 1
175, 2, 1114, 503, 182, 229, 1, 5, 1
176, 2, 1113, 504, 183, 228, 1, 5, 1
177, 2, 1115, 502, 182, 230, 1, 5, 1
178, 2, 1113, 503, 183, 228, 1, 5, 1
179, 2, 1113, 501, 184, 231, 1, 5, 1
180, 2, 1115, 502, 181, 230, 1, 5, 1
181, 2, 1111, 501, 184, 229, 1, 5, 1
182, 2, 1111, 501, 185, 230, 1, 5, 1
183, 2, 1113, 503, 184, 230, 1, 5, 1
184, 2, 1112, 502, 183, 232, 1, 5, 1
185, 2, 1111, 502, 184, 232, 1, 5, 1
186, 2, 1112, 504, 184, 231, 1, 5, 1
187, 2, 1109, 503, 186, 229, 1, 5, 1
188, 2, 1113, 501, 183, 230, 1, 5, 1
189, 2, 1111, 500, 184, 230, 1, 5, 1
190, 2, 1113, 501, 183, 232, 1, 5, 1
191, 2, 1112, 502, 185, 229, 1, 5, 1
192, 2, 1113, 499, 181, 231, 1, 5, 1
193, 2, 1111, 499, 183, 228, 1, 5, 1
194, 2, 1112, 500, 184, 227, 1, 5, 1
195, 2, 1109, 500, 183, 227, 1, 5, 1
196, 2, 1114, 500, 181, 227, 1, 5, 1
197, 2, 1113, 498, 179, 231, 1, 5, 1
198, 2, 1111, 498, 180, 231, 1, 5, 1
199, 2, 1111, 494, 182, 230, 1, 5, 1
200, 2, 1111, 496, 181, 227, 1, 5, 1
201, 2, 1110, 494, 180, 230, 1, 5, 1
202, 2, 1113, 492, 180, 232, 1, 5, 1
203, 2, 1110, 493, 181, 231, 1, 5, 1
204, 2, 1110, 491, 182, 232, 1, 5, 1
205, 2, 1109, 491, 182, 229, 1, 5, 1
206, 2, 1109, 492, 182, 228, 1, 5, 1
207, 2, 1109, 491, 182, 229, 1, 5, 1
208, 2, 1111, 494, 183, 226, 1, 5, 1
209, 2, 1111, 494, 183, 226, 1, 5, 1
210, 2, 1111, 494, 183, 226, 1, 5, 1
211, 2, 1111, 494, 183, 226, 1, 5, 1
212, 2, 1111, 494, 183, 226, 1, 5, 1
213, 2, 1111, 494, 183, 226, 1, 5, 1
214, 2, 1109, 485, 183, 226, 1, 5, 1
215, 2, 1110, 482, 183, 226, 1, 5, 1
216, 2, 1110, 482, 183, 226, 1, 5, 1
217, 2, 1108, 476, 183, 227, 1, 5, 1
218, 2, 1108, 476, 183, 227, 1, 5, 1
219, 2, 1108, 476, 183, 227, 1, 5, 1
220, 2, 1108, 476, 183, 227, 1, 5, 1
221, 2, 1108, 476, 183, 227, 1, 5, 1
222, 2, 1108, 476, 183, 227, 1, 5, 1
223, 2, 1108, 476, 183, 227, 1, 5, 1
224, 2, 1108, 476, 183, 227, 1, 5, 1
225, 2, 1107, 473, 187, 227, 1, 5, 1
226, 2, 1107, 473, 187, 227, 1, 5, 1
227, 2, 1107, 473, 187, 227, 1, 5, 1
228, 2, 1107, 470, 187, 227, 1, 5, 1
229, 2, 1107, 470, 187, 227, 1, 5, 1
230, 2, 1107, 470, 187, 227, 1, 5, 1
231, 2, 1106, 465, 187, 228, 1, 5, 1
232, 2, 1106, 465, 187, 228, 1, 5, 1
233, 2, 1106, 465, 187, 228, 1, 5, 1
234, 2, 1108, 460, 187, 228, 1, 5, 1
235, 2, 1108, 460, 187, 228, 1, 5, 1
236, 2, 1108, 460, 187, 228, 1, 5, 1
237, 2, 1108, 458, 187, 230, 1, 5, 1
238, 2, 1108, 458, 187, 230, 1, 5, 1
239, 2, 1108, 458, 187, 230, 1, 5, 1
240, 2, 1108, 458, 187, 230, 1, 5, 1
241, 2, 1107, 455, 187, 230, 1, 5, 1
242, 2, 1110, 455, 184, 229, 1, 5, 1
243, 2, 1109, 454, 186, 233, 1, 5, 1
244, 2, 1109, 454, 187, 231, 1, 5, 1
245, 2, 1108, 453, 184, 232, 1, 5, 1
246, 2, 1110, 454, 186, 231, 1, 5, 1
247, 2, 1112, 455, 184, 231, 1, 5, 1
248, 2, 1111, 453, 183, 232, 1, 5, 1
249, 2, 1109, 450, 185, 232, 1, 5, 1
250, 2, 1109, 448, 187, 233, 1, 5, 1
251, 2, 1112, 452, 183, 230, 1, 5, 1
252, 2, 1114, 454, 184, 231, 1, 5, 1
253, 2, 1113, 453, 184, 230, 1, 5, 1
254, 2, 1113, 451, 183, 233, 1, 5, 1
255, 2, 1113, 449, 184, 234, 1, 5, 1
256, 2, 1113, 451, 184, 232, 1, 5, 1
257, 2, 1114, 449, 183, 233, 1, 5, 1
258, 2, 1115, 450, 182, 232, 1, 5, 1
259, 2, 1115, 453, 182, 228, 1, 5, 1
260, 2, 1115, 450, 182, 232, 1, 5, 1
261, 2, 1116, 450, 181, 232, 1, 5, 1
262, 2, 1114, 454, 183, 229, 1, 5, 1
263, 2, 1118, 455, 183, 230, 1, 5, 1
264, 2, 1116, 453, 183, 232, 1, 5, 1
265, 2, 1118, 452, 181, 230, 1, 5, 1
266, 2, 1116, 450, 181, 233, 1, 5, 1
267, 2, 1118, 456, 183, 226, 1, 5, 1
268, 2, 1117, 457, 184, 227, 1, 5, 1
269, 2, 1117, 460, 184, 233, 1, 5, 1
270, 2, 1116, 457, 185, 235, 1, 5, 1
271, 2, 1119, 450, 182, 234, 1, 5, 1
272, 2, 1117, 447, 183, 233, 1, 5, 1
273, 2, 1117, 454, 184, 228, 1, 5, 1
274, 2, 1117, 457, 183, 234, 1, 5, 1
275, 2, 1116, 460, 184, 230, 1, 5, 1
276, 2, 1117, 458, 182, 233, 1, 5, 1
277, 2, 1117, 456, 184, 233, 1, 5, 1
278, 2, 1118, 456, 183, 234, 1, 5, 1
279, 2, 1117, 455, 183, 232, 1, 5, 1
280, 2, 1117, 456, 183, 233, 1, 5, 1
281, 2, 1117, 460, 182, 231, 1, 5, 1
282, 2, 1116, 462, 182, 226, 1, 5, 1
283, 2, 1117, 465, 183, 228, 1, 5, 1
284, 2, 1116, 464, 185, 230, 1, 5, 1
285, 2, 1117, 464, 183, 231, 1, 5, 1
286, 2, 1116, 463, 185, 234, 1, 5, 1
287, 2, 1116, 463, 182, 230, 1, 5, 1
288, 2, 1117, 463, 181, 230, 1, 5, 1
289, 2, 1118, 469, 184, 230, 1, 5, 1
290, 2, 1118, 472, 181, 229, 1, 5, 1
291, 2, 1117, 475, 183, 226, 1, 5, 1
292, 2, 1117, 475, 184, 226, 1, 5, 1
293, 2, 1116, 476, 183, 225, 1, 5, 1
294, 2, 1118, 476, 183, 226, 1, 5, 1
295, 2, 1117, 476, 183, 227, 1, 5, 1
296, 2, 1116, 477, 184, 231, 1, 5, 1
297, 2, 1119, 480, 186, 233, 1, 5, 1
298, 2, 1118, 480, 186, 233, 1, 5, 1
299, 2, 1119, 483, 183, 231, 1, 5, 1
300, 2, 1122, 486, 184, 230, 1, 5, 1
301, 2, 1119, 486, 185, 231, 1, 5, 1
302, 2, 1119, 485, 183, 231, 1, 5, 1
303, 2, 1120, 486, 183, 230, 1, 5, 1
304, 2, 1119, 486, 185, 231, 1, 5, 1
305, 2, 1124, 487, 183, 233, 1, 5, 1
306, 2, 1122, 488, 183, 232, 1, 5, 1
307, 2, 1121, 489, 183, 232, 1, 5, 1
308, 2, 1122, 490, 184, 232, 1, 5, 1
309, 2, 1124, 491, 182, 231, 1, 5, 1
310, 2, 1123, 489, 183, 233, 1, 5, 1
311, 2, 1124, 490, 183, 231, 1, 5, 1
312, 2, 1123, 490, 183, 231, 1, 5, 1
313, 2, 1124, 491, 182, 231, 1, 5, 1
314, 2, 1123, 496, 184, 230, 1, 5, 1
315, 2, 1122, 497, 183, 229, 1, 5, 1
316, 2, 1122, 497, 184, 229, 1, 5, 1
317, 2, 1122, 496, 185, 231, 1, 5, 1
318, 2, 1121, 495, 184, 231, 1, 5, 1
319, 2, 1124, 498, 182, 230, 1, 5, 1
320, 2, 1122, 499, 184, 228, 1, 5, 1
321, 2, 1122, 500, 184, 228, 1, 5, 1
322, 2, 1122, 500, 184, 228, 1, 5, 1
323, 2, 1122, 498, 184, 231, 1, 5, 1
324, 2, 1121, 497, 183, 230, 1, 5, 1
325, 2, 1122, 499, 183, 228, 1, 5, 1
326, 2, 1121, 501, 182, 226, 1, 5, 1
327, 2, 1121, 502, 185, 228, 1, 5, 1
328, 2, 1122, 502, 184, 229, 1, 5, 1
329, 2, 1123, 498, 181, 229, 1, 5, 1
330, 2, 1122, 497, 183, 230, 1, 5, 1
331, 2, 1122, 499, 184, 227, 1, 5, 1
332, 2, 1121, 501, 183, 227, 1, 5, 1
333, 2, 1122, 501, 184, 229, 1, 5, 1
334, 2, 1122, 498, 183, 231, 1, 5, 1
335, 2, 1122, 496, 181, 231, 1, 5, 1
336, 2, 1122, 498, 183, 229, 1, 5, 1
337, 2, 1123, 497, 182, 231, 1, 5, 1
338, 2, 1123, 497, 182, 230, 1, 5, 1
339, 2, 1123, 497, 183, 230, 1, 5, 1
340, 2, 1123, 496, 180, 230, 1, 5, 1
341, 2, 1123, 496, 181, 230, 1, 5, 1
342, 2, 1123, 495, 182, 230, 1, 5, 1
343, 2, 1123, 495, 181, 228, 1, 5, 1
344, 2, 1122, 496, 183, 228, 1, 5, 1
345, 2, 1122, 493, 182, 231, 1, 5, 1
346, 2, 1121, 492, 182, 233, 1, 5, 1
347, 2, 1118, 494, 184, 230, 1, 5, 1
348, 2, 1118, 493, 184, 229, 1, 5, 1
349, 2, 1120, 490, 182, 232, 1, 5, 1
350, 2, 1120, 492, 182, 230, 1, 5, 1
351, 2, 1118, 490, 184, 231, 1, 5, 1
352, 2, 1119, 488, 184, 230, 1, 5, 1
353, 2, 1119, 486, 184, 231, 1, 5, 1
354, 2, 1119, 486, 183, 231, 1, 5, 1
355, 2, 1118, 485, 184, 232, 1, 5, 1
356, 2, 1118, 485, 184, 231, 1, 5, 1
357, 2, 1117, 484, 184, 233, 1, 5, 1
358, 2, 1117, 482, 185, 232, 1, 5, 1
359, 2, 1118, 484, 184, 229, 1, 5, 1
360, 2, 1116, 483, 184, 230, 1, 5, 1
361, 2, 1118, 480, 182, 234, 1, 5, 1
362, 2, 1118, 480, 183, 234, 1, 5, 1
363, 2, 1117, 479, 183, 229, 1, 5, 1
364, 2, 1119, 478, 181, 232, 1, 5, 1
365, 2, 1117, 476, 183, 230, 1, 5, 1
366, 2, 1117, 475, 183, 230, 1, 5, 1
367, 2, 1119, 477, 182, 228, 1, 5, 1
368, 2, 1119, 476, 182, 229, 1, 5, 1
369, 2, 1118, 475, 182, 229, 1, 5, 1
370, 2, 1120, 475, 181, 227, 1, 5, 1
371, 2, 1117, 473, 183, 231, 1, 5, 1
372, 2, 1116, 474, 184, 230, 1, 5, 1
373, 2, 1117, 472, 183, 228, 1, 5, 1
374, 2, 1116, 465, 183, 234, 1, 5, 1
375, 2, 1116, 470, 183, 230, 1, 5, 1
376, 2, 1116, 467, 183, 229, 1, 5, 1
377, 2, 1115, 468, 183, 230, 1, 5, 1
378, 2, 1114, 466, 185, 231, 1, 5, 1
379, 2, 1115, 462, 185, 234, 1, 5, 1
380, 2, 1115, 462, 183, 229, 1, 5, 1
381, 2, 1114, 463, 186, 231, 1, 5, 1
382, 2, 1115, 463, 183, 230, 1, 5, 1
383, 2, 1115, 463, 184, 230, 1, 5, 1
384, 2, 1116, 463, 183, 230, 1, 5, 1
385, 2, 1114, 462, 185, 229, 1, 5, 1
386, 2, 1114, 462, 185, 228, 1, 5, 1
387, 2, 1116, 462, 182, 229, 1, 5, 1
388, 2, 1114, 460, 183, 230, 1, 5, 1
389, 2, 1114, 461, 184, 230, 1, 5, 1
390, 2, 1114, 459, 184, 232, 1, 5, 1
391, 2, 1115, 458, 182, 232, 1, 5, 1
392, 2, 1116, 458, 182, 232, 1, 5, 1
393, 2, 1115, 457, 184, 231, 1, 5, 1
394, 2, 1115, 459, 184, 231, 1, 5, 1
395, 2, 1116, 458, 182, 231, 1, 5, 1
396, 2, 1115, 457, 183, 229, 1, 5, 1
397, 2, 1114, 456, 183, 232, 1, 5, 1
398, 2, 1115, 456, 181, 231, 1, 5, 1
399, 2, 1114, 456, 183, 231, 1, 5, 1
400, 2, 1114, 456, 182, 233, 1, 5, 1
401, 2, 1114, 457, 183, 230, 1, 5, 1
402, 2, 1114, 458, 182, 230, 1, 5, 1
403, 2, 1113, 457, 184, 230, 1, 5, 1
404, 2, 1112, 457, 185, 232, 1, 5, 1
405, 2, 1114, 457, 184, 231, 1, 5, 1
406, 2, 1113, 457, 184, 231, 1, 5, 1
407, 2, 1113, 457, 184, 229, 1, 5, 1
408, 2, 1115, 457, 182, 230, 1, 5, 1
409, 2, 1114, 457, 183, 232, 1, 5, 1
410, 2, 1113, 458, 183, 230, 1, 5, 1
411, 2, 1112, 459, 184, 231, 1, 5, 1
412, 2, 1112, 459, 184, 230, 1, 5, 1
413, 2, 1111, 460, 185, 229, 1, 5, 1
414, 2, 1113, 461, 183, 229, 1, 5, 1
415, 2, 1111, 461, 184, 230, 1, 5, 1
416, 2, 1110, 461, 185, 230, 1, 5, 1
417, 2, 1108, 462, 186, 230, 1, 5, 1
418, 2, 1108, 463, 185, 229, 1, 5, 1
419, 2, 1106, 465, 187, 228, 1, 5, 1
420, 2, 1106, 466, 186, 227, 1, 5, 1
421, 2, 1106, 464, 187, 230, 1, 5, 1
422, 2, 1106, 464, 187, 229, 1, 5, 1
423, 2, 1106, 465, 187, 229, 1, 5, 1
424, 2, 1106, 465, 187, 230, 1, 5, 1
425, 2, 1106, 467, 187, 229, 1, 5, 1
426, 2, 1105, 467, 188, 229, 1, 5, 1
427, 2, 1106, 470, 187, 227, 1, 5, 1
428, 2, 1107, 472, 186, 226, 1, 5, 1
429, 2, 1106, 470, 186, 228, 1, 5, 1
430, 2, 1107, 471, 185, 228, 1, 5, 1
431, 2, 1104, 472, 189, 228, 1, 5, 1
432, 2, 1105, 473, 188, 228, 1, 5, 1
433, 2, 1106, 473, 186, 228, 1, 5, 1
434, 2, 1105, 474, 188, 229, 1, 5, 1
435, 2, 1108, 474, 186, 229, 1, 5, 1
436, 2, 1108, 475, 186, 228, 1, 5, 1
437, 2, 1106, 476, 186, 229, 1, 5, 1
438, 2, 1106, 475, 187, 231, 1, 5, 1
439, 2, 1106, 477, 188, 228, 1, 5, 1
440, 2, 1107, 477, 186, 229, 1, 5, 1
441, 2, 1107, 479, 186, 230, 1, 5, 1
442, 2, 1107, 479, 186, 230, 1, 5, 1
443, 2, 1106, 480, 187, 228, 1, 5, 1
444, 2, 1105, 481, 188, 230, 1, 5, 1
445, 2, 1107, 482, 187, 231, 1, 5, 1
446, 2, 1108, 483, 186, 230, 1, 5, 1
447, 2, 1106, 483, 186, 232, 1, 5, 1
448, 2, 1105, 483, 187, 232, 1, 5, 1
449, 2, 1106, 485, 186, 228, 1, 5, 1
450, 2, 1108, 486, 184, 229, 1, 5, 1
451, 2, 1106, 488, 187, 228, 1, 5, 1
452, 2, 1108, 487, 185, 228, 1, 5, 1
453, 2, 1108, 487, 185, 229, 1, 5, 1
454, 2, 1106, 487, 188, 230, 1, 5, 1
455, 2, 1108, 487, 186, 231, 1, 5, 1
456, 2, 1108, 488, 185, 230, 1, 5, 1
457, 2, 1107, 489, 187, 232, 1, 5, 1
458, 2, 1107, 490, 187, 231, 1, 5, 1
459, 2, 1108, 490, 186, 232, 1, 5, 1
460, 2, 1106, 490, 188, 232, 1, 5, 1
461, 2, 1108, 491, 187, 232, 1, 5, 1
462, 2, 1106, 492, 188, 230, 1, 5, 1
463, 2, 1107, 491, 187, 231, 1, 5, 1
464, 2, 1107, 492, 187, 232, 1, 5, 1
465, 2, 1108, 493, 185, 231, 1, 5, 1
466, 2, 1107, 493, 187, 230, 1, 5, 1
467, 2, 1107, 493, 187, 230, 1, 5, 1
468, 2, 1105, 493, 190, 231, 1, 5, 1
469, 2, 1106, 496, 188, 228, 1, 5, 1
470, 2, 1108, 497, 186, 227, 1, 5, 1
471, 2, 1106, 496, 188, 227, 1, 5, 1
472, 2, 1107, 495, 187, 229, 1, 5, 1
473, 2, 1107, 496, 186, 228, 1, 5, 1
474, 2, 1106, 496, 188, 227, 1, 5, 1
475, 2, 1107, 497, 187, 229, 1, 5, 1
476, 2, 1105, 496, 189, 229, 1, 5, 1
477, 2, 1107, 496, 187, 230, 1, 5, 1
478, 2, 1107, 496, 188, 229, 1, 5, 1
479, 2, 1107, 496, 187, 230, 1, 5, 1
480, 2, 1106, 496, 188, 229, 1, 5, 1
481, 2, 1106, 496, 188, 230, 1, 5, 1
482, 2, 1107, 496, 188, 229, 1, 5, 1
483, 2, 1107, 496, 186, 229, 1, 5, 1
484, 2, 1107, 496, 186, 229, 1, 5, 1
485, 2, 1107, 496, 187, 229, 1, 5, 1
486, 2, 1107, 496, 188, 229, 1, 5, 1
487, 2, 1107, 495, 188, 230, 1, 5, 1
488, 2, 1107, 494, 187, 230, 1, 5, 1
489, 2, 1106, 494, 189, 230, 1, 5, 1
490, 2, 1108, 494, 187, 230, 1, 5, 1
491, 2, 1107, 494, 187, 230, 1, 5, 1
492, 2, 1105, 494, 190, 229, 1, 5, 1
493, 2, 1106, 493, 189, 230, 1, 5, 1
494, 2, 1107, 492, 188, 230, 1, 5, 1
495, 2, 1108, 491, 187, 232, 1, 5, 1
496, 2, 1108, 491, 188, 231, 1, 5, 1
497, 2, 1110, 490, 187, 233, 1, 5, 1
498, 2, 1109, 490, 187, 231, 1, 5, 1
499, 2, 1108, 489, 188, 232, 1, 5, 1
500, 2, 1108, 489, 189, 232, 1, 5, 1
501, 2, 1109, 488, 187, 233, 1, 5, 1
502, 2, 1109, 487, 188, 232, 1, 5, 1
503, 2, 1110, 487, 187, 231, 1, 5, 1
504, 2, 1109, 486, 186, 230, 1, 5, 1
505, 2, 1109, 485, 187, 231, 1, 5, 1
506, 2, 1110, 485, 187, 231, 1, 5, 1
507, 2, 1109, 484, 188, 231, 1, 5, 1
508, 2, 1109, 483, 188, 231, 1, 5, 1
509, 2, 1109, 483, 189, 231, 1, 5, 1
510, 2, 1110, 481, 186, 232, 1, 5, 1
511, 2, 1111, 482, 186, 228, 1, 5, 1
512, 2, 1109, 481, 189, 230, 1, 5, 1
513, 2, 1110, 480, 188, 232, 1, 5, 1
514, 2, 1109, 480, 189, 231, 1, 5, 1
515, 2, 1111, 480, 186, 230, 1, 5, 1
516, 2, 1111, 479, 187, 230, 1, 5, 1
517, 2, 1113, 478, 186, 230, 1, 5, 1
518, 2, 1110, 476, 188, 231, 1, 5, 1
519, 2, 1113, 475, 186, 231, 1, 5, 1
520, 2, 1114, 474, 186, 230, 1, 5, 1
521, 2, 1115, 474, 186, 230, 1, 5, 1
522, 2, 1114, 473, 186, 230, 1, 5, 1
523, 2, 1115, 473, 186, 231, 1, 5, 1
524, 2, 1113, 474, 187, 230, 1, 5, 1
525, 2, 1114, 473, 187, 227, 1, 5, 1
526, 2, 1115, 472, 186, 227, 1, 5, 1
527, 2, 1116, 471, 184, 228, 1, 5, 1
528, 2, 1114, 471, 187, 229, 1, 5, 1
529, 2, 1113, 471, 187, 228, 1, 5, 1
530, 2, 1112, 469, 187, 230, 1, 5, 1
531, 2, 1112, 469, 187, 230, 1, 5, 1
532, 2, 1113, 468, 186, 229, 1, 5, 1
533, 2, 1113, 467, 187, 230, 1, 5, 1
534, 2, 1112, 466, 187, 229, 1, 5, 1
535, 2, 1114, 466, 186, 230, 1, 5, 1
536, 2, 1114, 466, 187, 231, 1, 5, 1
537, 2, 1115, 466, 186, 230, 1, 5, 1
538, 2, 1117, 465, 184, 230, 1, 5, 1
539, 2, 1115, 464, 185, 231, 1, 5, 1
540, 2, 1116, 464, 185, 230, 1, 5, 1
541, 2, 1115, 464, 185, 231, 1, 5, 1
542, 2, 1115, 465, 186, 230, 1, 5, 1
543, 2, 1116, 463, 185, 232, 1, 5, 1
544, 2, 1116, 462, 185, 230, 1, 5, 1
545, 2, 1115, 462, 186, 233, 1, 5, 1
546, 2, 1116, 462, 185, 232, 1, 5, 1
547, 2, 1116, 459, 187, 229, 1, 5, 1
548, 2, 1115, 460, 187, 230, 1, 5, 1
549, 2, 1116, 457, 187, 232, 1, 5, 1
550, 2, 1116, 457, 186, 232, 1, 5, 1
551, 2, 1116, 456, 187, 232, 1, 5, 1
552, 2, 1116, 457, 187, 230, 1, 5, 1
553, 2, 1113, 457, 191, 231, 1, 5, 1
554, 2, 1114, 456, 190, 231, 1, 5, 1
555, 2, 1115, 457, 187, 231, 1, 5, 1
556, 2, 1116, 456, 187, 231, 1, 5, 1
557, 2, 1117, 457, 186, 231, 1, 5, 1
558, 2, 1115, 457, 189, 231, 1, 5, 1
559, 2, 1115, 457, 188, 231, 1, 5, 1
560, 2, 1115, 457, 187, 231, 1, 5, 1
561, 2, 1116, 458, 187, 230, 1, 5, 1
562, 2, 1114, 458, 189, 229, 1, 5, 1
563, 2, 1116, 459, 188, 229, 1, 5, 1
564, 2, 1116, 458, 188, 230, 1, 5, 1
565, 2, 1116, 458, 187, 230, 1, 5, 1
566, 2, 1116, 458, 187, 231, 1, 5, 1
567, 2, 1116, 459, 188, 230, 1, 5, 1
568, 2, 1117, 461, 185, 230, 1, 5, 1
569, 2, 1118, 460, 186, 231, 1, 5, 1
570, 2, 1118, 460, 184, 231, 1, 5, 1
571, 2, 1117, 460, 186, 230, 1, 5, 1
572, 2, 1118, 461, 186, 231, 1, 5, 1
573, 2, 1116, 461, 188, 230, 1, 5, 1
574, 2, 1116, 463, 187, 229, 1, 5, 1
575, 2, 1117, 463, 187, 230, 1, 5, 1
576, 2, 1115, 463, 189, 230, 1, 5, 1
577, 2, 1116, 465, 188, 228, 1, 5, 1
578, 2, 1116, 466, 188, 228, 1, 5, 1
579, 2, 1117, 466, 188, 230, 1, 5, 1
580, 2, 1117, 467, 187, 229, 1, 5, 1
581, 2, 1118, 467, 185, 229, 1, 5, 1
582, 2, 1117, 468, 187, 228, 1, 5, 1
583, 2, 1117, 468, 188, 230, 1, 5, 1
584, 2, 1117, 468, 187, 229, 1, 5, 1
585, 2, 1116, 470, 187, 229, 1, 5, 1
586, 2, 1118, 470, 185, 229, 1, 5, 1
587, 2, 1116, 471, 188, 228, 1, 5, 1
588, 2, 1117, 472, 187, 227, 1, 5, 1
589, 2, 1117, 471, 188, 230, 1, 5, 1
590, 2, 1118, 473, 186, 228, 1, 5, 1
591, 2, 1116, 474, 188, 229, 1, 5, 1
592, 2, 1117, 475, 188, 228, 1, 5, 1
593, 2, 1117, 474, 187, 230, 1, 5, 1
594, 2, 1115, 474, 188, 232, 1, 5, 1
595, 2, 1116, 477, 187, 230, 1, 5, 1
596, 2, 1118, 476, 185, 230, 1, 5, 1
597, 2, 1117, 478, 188, 228, 1, 5, 1
598, 2, 1118, 478, 187, 229, 1, 5, 1
599, 2, 1117, 477, 187, 230, 1, 5, 1
600, 2, 1116, 478, 189, 230, 1, 5, 1
601, 2, 1116, 480, 188, 230, 1, 5, 1
602, 2, 1117, 480, 188, 230, 1, 5, 1
603, 2, 1117, 480, 189, 230, 1, 5, 1
604, 2, 1119, 481, 186, 229, 1, 5, 1
605, 2, 1118, 482, 186, 228, 1, 5, 1
606, 2, 1117, 482, 188, 228, 1, 5, 1
607, 2, 1116, 482, 189, 230, 1, 5, 1
608, 2, 1116, 484, 188, 228, 1, 5, 1
609, 2, 1117, 484, 188, 229, 1, 5, 1
610, 2, 1117, 484, 187, 229, 1, 5, 1
611, 2, 1117, 484, 185, 230, 1, 5, 1
612, 2, 1117, 485, 185, 229, 1, 5, 1
613, 2, 1116, 485, 188, 233, 1, 5, 1
614, 2, 1116, 488, 187, 232, 1, 5, 1
615, 2, 1116, 488, 189, 232, 1, 5, 1
616, 2, 1116, 489, 187, 231, 1, 5, 1
617, 2, 1116, 489, 187, 231, 1, 5, 1
618, 2, 1115, 490, 187, 232, 1, 5, 1
619, 2, 1115, 490, 187, 232, 1, 5, 1
620, 2, 1116, 491, 187, 232, 1, 5, 1
621, 2, 1114, 492, 188, 231, 1, 5, 1
622, 2, 1114, 492, 188, 233, 1, 5, 1
623, 2, 1114, 493, 188, 231, 1, 5, 1
624, 2, 1115, 494, 187, 229, 1, 5, 1
625, 2, 1113, 494, 188, 231, 1, 5, 1
626, 2, 1114, 493, 187, 230, 1, 5, 1
627, 2, 1114, 493, 188, 232, 1, 5, 1
628, 2, 1114, 493, 186, 232, 1, 5, 1
629, 2, 1112, 495, 188, 229, 1, 5, 1
630, 2, 1113, 495, 186, 230, 1, 5, 1
631, 2, 1113, 495, 187, 229, 1, 5, 1
632, 2, 1111, 494, 187, 231, 1, 5, 1
633, 2, 1109, 495, 190, 230, 1, 5, 1
634, 2, 1110, 495, 189, 231, 1, 5, 1
635, 2, 1109, 495, 189, 231, 1, 5, 1
636, 2, 1110, 495, 189, 231, 1, 5, 1
637, 2, 1110, 495, 187, 230, 1, 5, 1
638, 2, 1110, 494, 188, 231, 1, 5, 1
639, 2, 1108, 494, 190, 230, 1, 5, 1
640, 2, 1109, 494, 189, 231, 1, 5, 1
641, 2, 1109, 493, 188, 232, 1, 5, 1
642, 2, 1109, 493, 188, 232, 1, 5, 1
643, 2, 1108, 493, 188, 231, 1, 5, 1
644, 2, 1108, 493, 189, 231, 1, 5, 1
645, 2, 1107, 492, 190, 231, 1, 5, 1
646, 2, 1108, 491, 189, 231, 1, 5, 1
647, 2, 1109, 492, 188, 232, 1, 5, 1
648, 2, 1108, 492, 188, 231, 1, 5, 1
649, 2, 1108, 492, 187, 231, 1, 5, 1
650, 2, 1106, 491, 189, 232, 1, 5, 1
651, 2, 1107, 490, 189, 233, 1, 5, 1
652, 2, 1107, 489, 188, 234, 1, 5, 1
653, 2, 1108, 488, 187, 234, 1, 5, 1
654, 2, 1107, 488, 188, 232, 1, 5, 1
655, 2, 1105, 488, 190, 230, 1, 5, 1
656, 2, 1107, 488, 187, 229, 1, 5, 1
657, 2, 1104, 487, 191, 230, 1, 5, 1
658, 2, 1106, 488, 188, 229, 1, 5, 1
659, 2, 1103, 485, 191, 231, 1, 5, 1
660, 2, 1106, 484, 187, 232, 1, 5, 1
661, 2, 1106, 484, 187, 231, 1, 5, 1
662, 2, 1105, 484, 188, 230, 1, 5, 1
663, 2, 1102, 484, 190, 230, 1, 5, 1
664, 2, 1104, 483, 188, 231, 1, 5, 1
665, 2, 1103, 481, 190, 232, 1, 5, 1
666, 2, 1104, 481, 189, 232, 1, 5, 1
667, 2, 1103, 481, 191, 231, 1, 5, 1
668, 2, 1105, 480, 188, 232, 1, 5, 1
669, 2, 1104, 479, 188, 232, 1, 5, 1
670, 2, 1103, 479, 189, 231, 1, 5, 1
671, 2, 1104, 478, 188, 231, 1, 5, 1
672, 2, 1104, 478, 190, 229, 1, 5, 1
673, 2, 1103, 477, 190, 230, 1, 5, 1
674, 2, 1105, 476, 187, 230, 1, 5, 1
675, 2, 1104, 476, 189, 229, 1, 5, 1
676, 2, 1104, 475, 188, 230, 1, 5, 1
677, 2, 1104, 475, 188, 229, 1, 5, 1
678, 2, 1104, 475, 188, 228, 1, 5, 1
679, 2, 1103, 474, 189, 229, 1, 5, 1
680, 2, 1101, 473, 190, 230, 1, 5, 1
681, 2, 1103, 473, 189, 229, 1, 5, 1
682, 2, 1103, 472, 188, 229, 1, 5, 1
683, 2, 1104, 472, 188, 229, 1, 5, 1
684, 2, 1104, 472, 187, 229, 1, 5, 1
685, 2, 1106, 471, 186, 229, 1, 5, 1
686, 2, 1103, 470, 188, 230, 1, 5, 1
687, 2, 1104, 470, 188, 230, 1, 5, 1
688, 2, 1104, 469, 188, 230, 1, 5, 1
689, 2, 1105, 469, 187, 230, 1, 5, 1
690, 2, 1104, 469, 189, 229, 1, 5, 1
691, 2, 1103, 467, 188, 231, 1, 5, 1
692, 2, 1102, 465, 190, 232, 1, 5, 1
693, 2, 1104, 465, 188, 233, 1, 5, 1
694, 2, 1104, 465, 188, 231, 1, 5, 1
695, 2, 1104, 464, 187, 230, 1, 5, 1
696, 2, 1104, 464, 187, 232, 1, 5, 1
697, 2, 1104, 466, 187, 228, 1, 5, 1
698, 2, 1105, 465, 186, 229, 1, 5, 1
699, 2, 1103, 466, 187, 228, 1, 5, 1
700, 2, 1104, 465, 187, 229, 1, 5, 1
701, 2, 1105, 466, 185, 226, 1, 5, 1
702, 2, 1104, 465, 187, 228, 1, 5, 1
703, 2, 1104, 465, 187, 228, 1, 5, 1
704, 2, 1104, 464, 187, 228, 1, 5, 1
705, 2, 1102, 464, 188, 229, 1, 5, 1
706, 2, 1103, 464, 187, 228, 1, 5, 1
707, 2, 1103, 464, 187, 229, 1, 5, 1
708, 2, 1103, 463, 188, 230, 1, 5, 1
709, 2, 1105, 464, 185, 229, 1, 5, 1
710, 2, 1104, 463, 186, 230, 1, 5, 1
711, 2, 1102, 463, 189, 229, 1, 5, 1
712, 2, 1103, 463, 188, 229, 1, 5, 1
713, 2, 1104, 464, 186, 230, 1, 5, 1
714, 2, 1103, 464, 188, 229, 1, 5, 1
715, 2, 1105, 465, 185, 228, 1, 5, 1
716, 2, 1106, 462, 185, 230, 1, 5, 1
717, 2, 1106, 464, 185, 230, 1, 5, 1
718, 2, 1105, 464, 187, 230, 1, 5, 1
719, 2, 1106, 464, 186, 230, 1, 5, 1
720, 2, 1105, 464, 188, 230, 1, 5, 1
721, 2, 1105, 466, 187, 226, 1, 5, 1
722, 2, 1106, 464, 187, 229, 1, 5, 1
723, 2, 1107, 465, 185, 228, 1, 5, 1
724, 2, 1107, 465, 186, 229, 1, 5, 1
725, 2, 1106, 463, 187, 229, 1, 5, 1
726, 2, 1106, 464, 187, 229, 1, 5, 1
727, 2, 1106, 464, 188, 231, 1, 5, 1
728, 2, 1107, 463, 186, 231, 1, 5, 1
729, 2, 1105, 465, 189, 227, 1, 5, 1
730, 2, 1107, 466, 188, 229, 1, 5, 1
731, 2, 1107, 467, 187, 229, 1, 5, 1
732, 2, 1108, 467, 187, 228, 1, 5, 1
733, 2, 1107, 468, 188, 228, 1, 5, 1
734, 2, 1107, 469, 187, 228, 1, 5, 1
735, 2, 1108, 469, 186, 229, 1, 5, 1
736, 2, 1107, 469, 187, 229, 1, 5, 1
737, 2, 1108, 468, 187, 231, 1, 5, 1
738, 2, 1108, 470, 187, 231, 1, 5, 1
739, 2, 1109, 471, 185, 229, 1, 5, 1
740, 2, 1108, 473, 186, 228, 1, 5, 1
741, 2, 1108, 470, 186, 232, 1, 5, 1
742, 2, 1108, 474, 187, 229, 1, 5, 1
743, 2, 1110, 472, 185, 232, 1, 5, 1
744, 2, 1109, 474, 186, 230, 1, 5, 1
745, 2, 1109, 475, 187, 229, 1, 5, 1
746, 2, 1110, 476, 187, 229, 1, 5, 1
747, 2, 1111, 477, 187, 230, 1, 5, 1
748, 2, 1111, 479, 187, 229, 1, 5, 1
749, 2, 1111, 477, 187, 230, 1, 5, 1
750, 2, 1112, 479, 185, 230, 1, 5, 1
301, 3, 1055, 4, 253, 50, 1, 5, 1
302, 3, 1053, 4, 252, 50, 1, 5, 1
303, 3, 1054, 3, 252, 52, 1, 5, 1
304, 3, 1046, 3, 285, 56, 1, 5, 1
305, 3, 1045, 4, 258, 57, 1, 5, 1
306, 3, 1039, 3, 291, 58, 1, 5, 1
307, 3, 1031, 3, 260, 60, 1, 5, 1
308, 3, 1026, 2, 275, 65, 1, 5, 1
309, 3, 1023, 2, 266, 65, 1, 5, 1
310, 3, 1014, 2, 314, 66, 1, 5, 1
311, 3, 1011, 2, 319, 69, 1, 5, 1
312, 3, 1002, 1, 320, 70, 1, 5, 1
313, 3, 1002, 2, 316, 70, 1, 5, 1
314, 3, 998, 1, 319, 76, 1, 5, 1
315, 3, 997, 1, 317, 76, 1, 5, 1
316, 3, 987, 1, 327, 77, 1, 5, 1
317, 3, 988, 2, 317, 77, 1, 5, 1
318, 3, 983, 3, 316, 79, 1, 5, 1
319, 3, 979, 4, 316, 83, 1, 5, 1
320, 3, 974, 3, 317, 89, 1, 5, 1
321, 3, 968, 2, 321, 88, 1, 5, 1
322, 3, 965, 3, 319, 88, 1, 5, 1
323, 3, 961, 2, 320, 88, 1, 5, 1
324, 3, 954, 3, 320, 89, 1, 5, 1
325, 3, 952, 3, 319, 94, 1, 5, 1
326, 3, 945, 3, 323, 96, 1, 5, 1
327, 3, 943, 4, 319, 95, 1, 5, 1
328, 3, 937, 3, 323, 97, 1, 5, 1
329, 3, 934, 2, 320, 96, 1, 5, 1
330, 3, 931, 4, 318, 96, 1, 5, 1
331, 3, 928, 4, 321, 99, 1, 5, 1
332, 3, 922, 4, 320, 98, 1, 5, 1
333, 3, 920, 5, 317, 98, 1, 5, 1
334, 3, 915, 5, 322, 95, 1, 5, 1
335, 3, 912, 6, 317, 94, 1, 5, 1
336, 3, 908, 5, 323, 97, 1, 5, 1
337, 3, 902, 5, 323, 97, 1, 5, 1
338, 3, 897, 5, 322, 98, 1, 5, 1
339, 3, 893, 5, 320, 98, 1, 5, 1
340, 3, 888, 6, 322, 95, 1, 5, 1
341, 3, 883, 5, 324, 99, 1, 5, 1
342, 3, 882, 5, 323, 98, 1, 5, 1
343, 3, 877, 5, 323, 105, 1, 5, 1
344, 3, 873, 4, 321, 109, 1, 5, 1
345, 3, 869, 5, 323, 105, 1, 5, 1
346, 3, 865, 5, 321, 107, 1, 5, 1
347, 3, 859, 6, 333, 109, 1, 5, 1
348, 3, 856, 7, 333, 110, 1, 5, 1
349, 3, 850, 6, 326, 113, 1, 5, 1
350, 3, 846, 8, 326, 111, 1, 5, 1
351, 3, 841, 4, 323, 114, 1, 5, 1
352, 3, 835, 5, 321, 113, 1, 5, 1
353, 3, 833, 5, 320, 115, 1, 5, 1
354, 3, 829, 5, 321, 117, 1, 5, 1
355, 3, 823, 5, 329, 117, 1, 5, 1
356, 3, 822, 4, 327, 120, 1, 5, 1
357, 3, 817, 4, 325, 120, 1, 5, 1
358, 3, 812, 4, 322, 121, 1, 5, 1
359, 3, 809, 3, 336, 122, 1, 5, 1
360, 3, 807, 4, 330, 122, 1, 5, 1
361, 3, 802, 3, 330, 123, 1, 5, 1
362, 3, 795, 3, 334, 127, 1, 5, 1
363, 3, 789, 3, 330, 124, 1, 5, 1
364, 3, 787, 3, 332, 127, 1, 5, 1
365, 3, 786, 4, 323, 125, 1, 5, 1
366, 3, 781, 4, 319, 126, 1, 5, 1
367, 3, 773, 4, 333, 130, 1, 5, 1
368, 3, 769, 4, 328, 131, 1, 5, 1
369, 3, 765, 5, 321, 128, 1, 5, 1
370, 3, 762, 4, 322, 131, 1, 5, 1
371, 3, 755, 5, 319, 130, 1, 5, 1
372, 3, 751, 4, 324, 136, 1, 5, 1
373, 3, 748, 4, 321, 134, 1, 5, 1
374, 3, 741, 5, 319, 135, 1, 5, 1
375, 3, 740, 4, 318, 133, 1, 5, 1
376, 3, 736, 5, 312, 135, 1, 5, 1
377, 3, 728, 5, 322, 135, 1, 5, 1
378, 3, 722, 5, 326, 137, 1, 5, 1
379, 3, 720, 5, 317, 136, 1, 5, 1
380, 3, 715, 5, 320, 137, 1, 5, 1
381, 3, 710, 5, 318, 139, 1, 5, 1
382, 3, 707, 5, 320, 140, 1, 5, 1
383, 3, 699, 5, 326, 141, 1, 5, 1
384, 3, 695, 6, 323, 142, 1, 5, 1
385, 3, 692, 5, 325, 141, 1, 5, 1
386, 3, 686, 5, 330, 144, 1, 5, 1
387, 3, 678, 5, 336, 146, 1, 5, 1
388, 3, 675, 4, 334, 149, 1, 5, 1
389, 3, 672, 3, 340, 154, 1, 5, 1
390, 3, 669, 2, 342, 155, 1, 5, 1
391, 3, 661, 2, 336, 157, 1, 5, 1
392, 3, 657, 2, 334, 158, 1, 5, 1
393, 3, 651, 2, 335, 161, 1, 5, 1
394, 3, 644, 2, 354, 163, 1, 5, 1
395, 3, 642, 2, 329, 163, 1, 5, 1
396, 3, 634, 2, 336, 165, 1, 5, 1
397, 3, 630, 2, 341, 168, 1, 5, 1
398, 3, 626, 3, 344, 170, 1, 5, 1
399, 3, 620, 3, 338, 173, 1, 5, 1
400, 3, 615, 3, 338, 172, 1, 5, 1
401, 3, 609, 3, 330, 174, 1, 5, 1
402, 3, 605, 3, 338, 176, 1, 5, 1
403, 3, 598, 4, 336, 176, 1, 5, 1
404, 3, 593, 5, 339, 178, 1, 5, 1
405, 3, 587, 5, 337, 178, 1, 5, 1
406, 3, 582, 6, 338, 180, 1, 5, 1
407, 3, 573, 6, 338, 181, 1, 5, 1
408, 3, 569, 6, 337, 183, 1, 5, 1
409, 3, 562, 5, 339, 185, 1, 5, 1
410, 3, 558, 5, 342, 188, 1, 5, 1
411, 3, 549, 5, 343, 191, 1, 5, 1
412, 3, 546, 4, 347, 194, 1, 5, 1
413, 3, 541, 5, 339, 195, 1, 5, 1
414, 3, 537, 5, 344, 197, 1, 5, 1
415, 3, 530, 5, 335, 199, 1, 5, 1
416, 3, 525, 6, 340, 201, 1, 5, 1
417, 3, 519, 6, 342, 201, 1, 5, 1
418, 3, 514, 5, 339, 204, 1, 5, 1
419, 3, 509, 7, 337, 206, 1, 5, 1
420, 3, 505, 9, 338, 207, 1, 5, 1
421, 3, 498, 12, 339, 206, 1, 5, 1
422, 3, 492, 15, 341, 204, 1, 5, 1
423, 3, 489, 22, 335, 198, 1, 5, 1
424, 3, 481, 24, 342, 200, 1, 5, 1
425, 3, 473, 24, 343, 203, 1, 5, 1
426, 3, 469, 25, 344, 204, 1, 5, 1
427, 3, 460, 29, 346, 203, 1, 5, 1
428, 3, 455, 32, 351, 202, 1, 5, 1
429, 3, 450, 37, 342, 198, 1, 5, 1
430, 3, 444, 43, 340, 195, 1, 5, 1
431, 3, 436, 46, 345, 194, 1, 5, 1
432, 3, 428, 47, 344, 196, 1, 5, 1
433, 3, 424, 51, 343, 194, 1, 5, 1
434, 3, 417, 54, 348, 193, 1, 5, 1
435, 3, 413, 56, 347, 193, 1, 5, 1
436, 3, 406, 60, 345, 190, 1, 5, 1
437, 3, 399, 64, 349, 188, 1, 5, 1
438, 3, 395, 68, 344, 187, 1, 5, 1
439, 3, 386, 68, 346, 188, 1, 5, 1
440, 3, 380, 70, 346, 189, 1, 5, 1
441, 3, 374, 71, 345, 192, 1, 5, 1
442, 3, 366, 72, 348, 196, 1, 5, 1
443, 3, 359, 77, 348, 191, 1, 5, 1
444, 3, 354, 80, 347, 190, 1, 5, 1
445, 3, 345, 83, 345, 192, 1, 5, 1
446, 3, 338, 84, 347, 193, 1, 5, 1
447, 3, 330, 86, 350, 192, 1, 5, 1
448, 3, 324, 87, 350, 194, 1, 5, 1
449, 3, 318, 90, 350, 193, 1, 5, 1
450, 3, 313, 95, 345, 191, 1, 5, 1
451, 3, 302, 96, 350, 192, 1, 5, 1
452, 3, 296, 99, 351, 193, 1, 5, 1
453, 3, 292, 102, 346, 190, 1, 5, 1
454, 3, 287, 104, 344, 191, 1, 5, 1
455, 3, 279, 105, 348, 194, 1, 5, 1
456, 3, 272, 106, 349, 195, 1, 5, 1
457, 3, 270, 110, 344, 192, 1, 5, 1
458, 3, 261, 110, 345, 195, 1, 5, 1
459, 3, 254, 112, 349, 197, 1, 5, 1
460, 3, 248, 115, 347, 196, 1, 5, 1
461, 3, 242, 117, 347, 195, 1, 5, 1
462, 3, 236, 118, 346, 197, 1, 5, 1
463, 3, 228, 121, 348, 196, 1, 5, 1
464, 3, 222, 122, 346, 198, 1, 5, 1
465, 3, 212, 125, 351, 197, 1, 5, 1
466, 3, 209, 127, 347, 197, 1, 5, 1
467, 3, 204, 129, 344, 199, 1, 5, 1
468, 3, 193, 130, 350, 201, 1, 5, 1
469, 3, 189, 132, 348, 201, 1, 5, 1
470, 3, 181, 135, 345, 199, 1, 5, 1
471, 3, 178, 136, 344, 199, 1, 5, 1
472, 3, 167, 136, 350, 201, 1, 5, 1
473, 3, 164, 138, 346, 201, 1, 5, 1
474, 3, 157, 142, 346, 198, 1, 5, 1
475, 3, 149, 144, 348, 199, 1, 5, 1
476, 3, 140, 146, 354, 198, 1, 5, 1
477, 3, 135, 146, 348, 199, 1, 5, 1
478, 3, 129, 150, 349, 197, 1, 5, 1
479, 3, 124, 151, 345, 199, 1, 5, 1
480, 3, 119, 152, 343, 198, 1, 5, 1
481, 3, 114, 154, 344, 199, 1, 5, 1
482, 3, 106, 153, 346, 202, 1, 5, 1
483, 3, 99, 154, 345, 205, 1, 5, 1
484, 3, 91, 156, 347, 204, 1, 5, 1
485, 3, 85, 157, 344, 204, 1, 5, 1
486, 3, 79, 158, 344, 207, 1, 5, 1
487, 3, 71, 159, 348, 206, 1, 5, 1
488, 3, 64, 159, 352, 208, 1, 5, 1
489, 3, 58, 162, 348, 208, 1, 5, 1
490, 3, 48, 163, 349, 206, 1, 5, 1
491, 3, 42, 165, 348, 205, 1, 5, 1
492, 3, 34, 166, 350, 205, 1, 5, 1
493, 3, 29, 168, 345, 204, 1, 5, 1
494, 3, 22, 170, 349, 204, 1, 5, 1
495, 3, 17, 173, 347, 202, 1, 5, 1
496, 3, 13, 174, 346, 205, 1, 5, 1
497, 3, 9, 175, 345, 205, 1, 5, 1
498, 3, 4, 175, 345, 203, 1, 5, 1
499, 3, 5, 178, 334, 201, 1, 5, 1
500, 3, 6, 179, 325, 201, 1, 5, 1
501, 3, 5, 183, 321, 199, 1, 5, 1
502, 3, 4, 183, 316, 200, 1, 5, 1
503, 3, 4, 188, 312, 195, 1, 5, 1
504, 3, 6, 191, 303, 193, 1, 5, 1
505, 3, 5, 192, 293, 194, 1, 5, 1
506, 3, 3, 194, 294, 195, 1, 5, 1
507, 3, 4, 195, 284, 192, 1, 5, 1
508, 3, 5, 193, 279, 196, 1, 5, 1
509, 3, 5, 197, 272, 191, 1, 5, 1
510, 3, 5, 196, 264, 191, 1, 5, 1
511, 3, 5, 202, 261, 188, 1, 5, 1
512, 3, 5, 205, 257, 184, 1, 5, 1
513, 3, 5, 201, 247, 191, 1, 5, 1
514, 3, 5, 208, 244, 184, 1, 5, 1
515, 3, 5, 209, 239, 176, 1, 5, 1
516, 3, 5, 208, 227, 177, 1, 5, 1
517, 3, 5, 210, 228, 172, 1, 5, 1
518, 3, 6, 211, 213, 155, 1, 5, 1
519, 3, 5, 215, 213, 150, 1, 5, 1
520, 3, 6, 220, 203, 148, 1, 5, 1
521, 3, 5, 214, 201, 155, 1, 5, 1
522, 3, 6, 221, 191, 151, 1, 5, 1
523, 3, 6, 215, 183, 156, 1, 5, 1
524, 3, 7, 216, 177, 156, 1, 5, 1
525, 3, 6, 211, 169, 165, 1, 5, 1
526, 3, 5, 215, 166, 160, 1, 5, 1
527, 3, 5, 214, 161, 161, 1, 5, 1
528, 3, 5, 212, 155, 163, 1, 5, 1
529, 3, 6, 214, 142, 158, 1, 5, 1
530, 3, 5, 213, 140, 159, 1, 5, 1
531, 3, 6, 217, 130, 157, 1, 5, 1
532, 3, 7, 221, 127, 155, 1, 5, 1
533, 3, 6, 220, 119, 154, 1, 5, 1
534, 3, 7, 220, 112, 154, 1, 5, 1
535, 3, 6, 220, 106, 156, 1, 5, 1
536, 3, 6, 221, 99, 154, 1, 5, 1
537, 3, 7, 222, 95, 153, 1, 5, 1
538, 3, 7, 224, 90, 151, 1, 5, 1
539, 3, 6, 225, 83, 149, 1, 5, 1
540, 3, 7, 222, 79, 151, 1, 5, 1
541, 3, 6, 220, 74, 156, 1, 5, 1
542, 3, 5, 228, 68, 148, 1, 5, 1
543, 3, 5, 221, 65, 153, 1, 5, 1
609, 4, 1043, 3, 302, 51, 1, 5, 1
610, 4, 1040, 3, 301, 55, 1, 5, 1
611, 4, 1036, 3, 301, 58, 1, 5, 1
612, 4, 1029, 3, 301, 57, 1, 5, 1
613, 4, 1023, 3, 304, 62, 1, 5, 1
614, 4, 1019, 3, 305, 62, 1, 5, 1
615, 4, 1011, 3, 315, 63, 1, 5, 1
616, 4, 1007, 3, 312, 63, 1, 5, 1
617, 4, 1003, 3, 312, 65, 1, 5, 1
618, 4, 995, 3, 315, 68, 1, 5, 1
619, 4, 996, 3, 311, 71, 1, 5, 1
620, 4, 992, 3, 310, 72, 1, 5, 1
621, 4, 983, 3, 310, 72, 1, 5, 1
622, 4, 979, 4, 310, 74, 1, 5, 1
623, 4, 976, 4, 306, 76, 1, 5, 1
624, 4, 971, 4, 305, 80, 1, 5, 1
625, 4, 971, 4, 300, 81, 1, 5, 1
626, 4, 958, 4, 311, 81, 1, 5, 1
627, 4, 957, 4, 309, 82, 1, 5, 1
628, 4, 956, 4, 306, 85, 1, 5, 1
629, 4, 948, 4, 306, 88, 1, 5, 1
630, 4, 941, 4, 309, 88, 1, 5, 1
631, 4, 938, 4, 307, 89, 1, 5, 1
632, 4, 932, 4, 309, 89, 1, 5, 1
633, 4, 929, 4, 312, 90, 1, 5, 1
634, 4, 923, 4, 316, 93, 1, 5, 1
635, 4, 920, 4, 310, 93, 1, 5, 1
636, 4, 914, 4, 315, 94, 1, 5, 1
637, 4, 912, 4, 316, 93, 1, 5, 1
638, 4, 906, 4, 319, 95, 1, 5, 1
639, 4, 902, 5, 315, 93, 1, 5, 1
640, 4, 897, 4, 312, 95, 1, 5, 1
641, 4, 889, 5, 316, 94, 1, 5, 1
642, 4, 885, 5, 316, 94, 1, 5, 1
643, 4, 881, 4, 311, 96, 1, 5, 1
644, 4, 875, 4, 318, 96, 1, 5, 1
645, 4, 872, 4, 310, 97, 1, 5, 1
646, 4, 867, 5, 311, 97, 1, 5, 1
647, 4, 860, 5, 317, 104, 1, 5, 1
648, 4, 858, 5, 312, 104, 1, 5, 1
649, 4, 850, 4, 314, 107, 1, 5, 1
650, 4, 846, 4, 314, 109, 1, 5, 1
651, 4, 841, 5, 318, 110, 1, 5, 1
652, 4, 837, 5, 316, 110, 1, 5, 1
653, 4, 832, 5, 316, 113, 1, 5, 1
654, 4, 828, 4, 317, 115, 1, 5, 1
655, 4, 821, 4, 321, 117, 1, 5, 1
656, 4, 817, 3, 323, 119, 1, 5, 1
657, 4, 812, 3, 327, 119, 1, 5, 1
658, 4, 813, 3, 320, 121, 1, 5, 1
659, 4, 812, 3, 320, 122, 1, 5, 1
660, 4, 803, 2, 319, 122, 1, 5, 1
661, 4, 796, 3, 325, 126, 1, 5, 1
662, 4, 791, 3, 324, 129, 1, 5, 1
663, 4, 785, 3, 326, 131, 1, 5, 1
664, 4, 781, 3, 324, 130, 1, 5, 1
665, 4, 774, 3, 328, 132, 1, 5, 1
666, 4, 771, 3, 325, 133, 1, 5, 1
667, 4, 765, 3, 326, 134, 1, 5, 1
668, 4, 761, 4, 325, 134, 1, 5, 1
669, 4, 756, 3, 323, 136, 1, 5, 1
670, 4, 751, 4, 321, 135, 1, 5, 1
671, 4, 744, 4, 333, 135, 1, 5, 1
672, 4, 738, 5, 334, 135, 1, 5, 1
673, 4, 736, 4, 320, 136, 1, 5, 1
674, 4, 729, 5, 321, 136, 1, 5, 1
675, 4, 723, 5, 334, 137, 1, 5, 1
676, 4, 720, 5, 334, 138, 1, 5, 1
677, 4, 717, 3, 329, 141, 1, 5, 1
678, 4, 709, 4, 331, 141, 1, 5, 1
679, 4, 708, 4, 328, 141, 1, 5, 1
680, 4, 701, 4, 331, 141, 1, 5, 1
681, 4, 695, 3, 333, 146, 1, 5, 1
682, 4, 692, 3, 328, 148, 1, 5, 1
683, 4, 688, 3, 333, 151, 1, 5, 1
684, 4, 681, 2, 333, 152, 1, 5, 1
685, 4, 675, 2, 341, 153, 1, 5, 1
686, 4, 671, 2, 341, 155, 1, 5, 1
687, 4, 665, 1, 342, 158, 1, 5, 1
688, 4, 661, 1, 344, 160, 1, 5, 1
689, 4, 658, 2, 341, 160, 1, 5, 1
690, 4, 654, 3, 343, 160, 1, 5, 1
691, 4, 650, 2, 339, 163, 1, 5, 1
692, 4, 645, 3, 336, 163, 1, 5, 1
693, 4, 639, 4, 338, 164, 1, 5, 1
694, 4, 636, 3, 352, 166, 1, 5, 1
695, 4, 630, 5, 337, 168, 1, 5, 1
696, 4, 627, 4, 341, 170, 1, 5, 1
697, 4, 622, 3, 343, 169, 1, 5, 1
698, 4, 617, 4, 343, 169, 1, 5, 1
699, 4, 612, 4, 342, 174, 1, 5, 1
700, 4, 608, 3, 342, 176, 1, 5, 1
701, 4, 602, 4, 343, 176, 1, 5, 1
702, 4, 595, 4, 341, 177, 1, 5, 1
703, 4, 593, 5, 335, 178, 1, 5, 1
704, 4, 588, 6, 336, 177, 1, 5, 1
705, 4, 584, 5, 338, 179, 1, 5, 1
706, 4, 577, 6, 346, 179, 1, 5, 1
707, 4, 572, 6, 352, 179, 1, 5, 1
708, 4, 569, 5, 339, 182, 1, 5, 1
709, 4, 563, 5, 339, 184, 1, 5, 1
710, 4, 558, 4, 337, 188, 1, 5, 1
711, 4, 554, 5, 335, 188, 1, 5, 1
712, 4, 548, 5, 342, 191, 1, 5, 1
713, 4, 542, 5, 341, 193, 1, 5, 1
714, 4, 538, 4, 339, 196, 1, 5, 1
715, 4, 533, 5, 343, 193, 1, 5, 1
716, 4, 530, 6, 340, 194, 1, 5, 1
717, 4, 527, 5, 338, 197, 1, 5, 1
718, 4, 523, 6, 339, 197, 1, 5, 1
719, 4, 520, 7, 340, 197, 1, 5, 1
720, 4, 516, 5, 342, 201, 1, 5, 1
721, 4, 511, 8, 336, 199, 1, 5, 1
722, 4, 506, 7, 336, 204, 1, 5, 1
723, 4, 502, 8, 339, 203, 1, 5, 1
724, 4, 497, 8, 340, 208, 1, 5, 1
725, 4, 497, 11, 332, 205, 1, 5, 1
726, 4, 489, 13, 335, 208, 1, 5, 1
727, 4, 487, 12, 339, 210, 1, 5, 1
728, 4, 481, 16, 337, 208, 1, 5, 1
729, 4, 476, 17, 341, 208, 1, 5, 1
730, 4, 473, 19, 336, 206, 1, 5, 1
731, 4, 468, 23, 338, 204, 1, 5, 1
732, 4, 462, 25, 344, 205, 1, 5, 1
733, 4, 460, 26, 346, 205, 1, 5, 1
734, 4, 454, 29, 348, 203, 1, 5, 1
735, 4, 448, 31, 351, 202, 1, 5, 1
736, 4, 444, 34, 348, 202, 1, 5, 1
737, 4, 439, 35, 347, 200, 1, 5, 1
738, 4, 434, 39, 347, 201, 1, 5, 1
739, 4, 430, 41, 345, 201, 1, 5, 1
740, 4, 424, 44, 346, 201, 1, 5, 1
741, 4, 422, 50, 345, 195, 1, 5, 1
742, 4, 417, 51, 347, 196, 1, 5, 1
743, 4, 411, 53, 348, 195, 1, 5, 1
744, 4, 407, 57, 346, 192, 1, 5, 1
745, 4, 404, 60, 346, 190, 1, 5, 1
746, 4, 398, 62, 347, 190, 1, 5, 1
747, 4, 391, 60, 352, 198, 1, 5, 1
748, 4, 386, 68, 350, 190, 1, 5, 1
749, 4, 383, 65, 348, 195, 1, 5, 1
750, 4, 383, 68, 346, 194, 1, 5, 1