1, 1, 610, 286, 368, 352, 1, 9, 1
2, 1, 607, 283, 368, 358, 1, 9, 1
3, 1, 606, 278, 369, 354, 1, 9, 1
4, 1, 609, 278, 366, 357, 1, 9, 1
5, 1, 610, 281, 367, 357, 1, 9, 1
6, 1, 609, 277, 369, 357, 1, 9, 1
7, 1, 611, 282, 366, 351, 1, 9, 1
8, 1, 611, 285, 361, 347, 1, 9, 1
9, 1, 614, 283, 362, 354, 1, 9, 1
10, 1, 612, 278, 362, 355, 1, 9, 1
11, 1, 610, 271, 362, 358, 1, 9, 1
12, 1, 611, 273, 357, 352, 1, 9, 1
13, 1, 612, 275, 363, 350, 1, 9, 1
14, 1, 610, 275, 364, 351, 1, 9, 1
15, 1, 610, 274, 365, 348, 1, 9, 1
16, 1, 609, 269, 365, 354, 1, 9, 1
17, 1, 609, 279, 361, 350, 1, 9, 1
18, 1, 610, 280, 357, 348, 1, 9, 1
19, 1, 608, 277, 361, 347, 1, 9, 1
20, 1, 608, 268, 367, 362, 1, 9, 1
21, 1, 610, 271, 363, 360, 1, 9, 1
22, 1, 610, 270, 359, 356, 1, 9, 1
23, 1, 611, 267, 366, 360, 1, 9, 1
24, 1, 609, 266, 364, 358, 1, 9, 1
25, 1, 608, 268, 365, 357, 1, 9, 1
26, 1, 609, 266, 362, 360, 1, 9, 1
27, 1, 608, 265, 361, 359, 1, 9, 1
28, 1, 602, 264, 368, 354, 1, 9, 1
29, 1, 605, 259, 365, 348, 1, 9, 1
30, 1, 603, 263, 365, 360, 1, 9, 1
31, 1, 605, 267, 370, 359, 1, 9, 1
32, 1, 602, 262, 368, 356, 1, 9, 1
33, 1, 602, 265, 367, 349, 1, 9, 1
34, 1, 602, 264, 368, 353, 1, 9, 1
35, 1, 603, 262, 365, 357, 1, 9, 1
36, 1, 600, 264, 369, 355, 1, 9, 1
37, 1, 598, 260, 366, 355, 1, 9, 1
38, 1, 597, 260, 370, 355, 1, 9, 1
39, 1, 597, 263, 368, 354, 1, 9, 1
40, 1, 595, 263, 367, 354, 1, 9, 1
41, 1, 595, 258, 364, 356, 1, 9, 1
42, 1, 594, 258, 366, 364, 1, 9, 1
43, 1, 592, 261, 377, 359, 1, 9, 1
44, 1, 593, 256, 378, 361, 1, 9, 1
45, 1, 591, 258, 377, 362, 1, 9, 1
46, 1, 590, 256, 383, 362, 1, 9, 1
47, 1, 590, 256, 383, 364, 1, 9, 1
48, 1, 588, 259, 385, 362, 1, 9, 1
49, 1, 587, 255, 387, 363, 1, 9, 1
50, 1, 584, 254, 390, 362, 1, 9, 1
51, 1, 586, 255, 392, 366, 1, 9, 1
52, 1, 583, 253, 393, 366, 1, 9, 1
53, 1, 581, 253, 395, 366, 1, 9, 1
54, 1, 579, 253, 397, 364, 1, 9, 1
55, 1, 579, 250, 398, 363, 1, 9, 1
56, 1, 577, 250, 399, 366, 1, 9, 1
57, 1, 574, 249, 402, 365, 1, 9, 1
58, 1, 569, 252, 406, 359, 1, 9, 1
59, 1, 566, 253, 412, 360, 1, 9, 1
60, 1, 561, 256, 418, 356, 1, 9, 1
61, 1, 558, 257, 421, 353, 1, 9, 1
62, 1, 554, 256, 429, 356, 1, 9, 1
63, 1, 554, 257, 427, 352, 1, 9, 1
64, 1, 548, 258, 434, 355, 1, 9, 1
65, 1, 548, 261, 437, 351, 1, 9, 1
66, 1, 539, 261, 447, 351, 1, 9, 1
67, 1, 537, 258, 448, 352, 1, 9, 1
68, 1, 539, 257, 447, 354, 1, 9, 1
69, 1, 528, 259, 461, 353, 1, 9, 1
70, 1, 533, 260, 457, 352, 1, 9, 1
71, 1, 531, 260, 456, 351, 1, 9, 1
72, 1, 532, 261, 455, 349, 1, 9, 1
73, 1, 528, 263, 460, 348, 1, 9, 1
74, 1, 528, 266, 461, 345, 1, 9, 1
75, 1, 520, 267, 470, 343, 1, 9, 1
76, 1, 520, 268, 471, 345, 1, 9, 1
77, 1, 517, 269, 475, 345, 1, 9, 1
78, 1, 510, 263, 483, 350, 1, 9, 1
79, 1, 508, 262, 485, 350, 1, 9, 1
80, 1, 507, 262, 487, 349, 1, 9, 1
81, 1, 506, 265, 490, 347, 1, 9, 1
82, 1, 503, 263, 496, 352, 1, 9, 1
83, 1, 502, 259, 497, 352, 1, 9, 1
84, 1, 498, 258, 501, 356, 1, 9, 1
85, 1, 504, 260, 498, 354, 1, 9, 1
86, 1, 499, 262, 503, 350, 1, 9, 1
87, 1, 497, 264, 510, 350, 1, 9, 1
88, 1, 490, 262, 517, 352, 1, 9, 1
89, 1, 492, 269, 516, 347, 1, 9, 1
90, 1, 491, 270, 519, 344, 1, 9, 1
91, 1, 487, 272, 522, 343, 1, 9, 1
92, 1, 488, 270, 520, 343, 1, 9, 1
93, 1, 486, 273, 528, 341, 1, 9, 1
94, 1, 490, 272, 525, 342, 1, 9, 1
95, 1, 488, 272, 528, 342, 1, 9, 1
96, 1, 487, 268, 531, 346, 1, 9, 1
97, 1, 485, 267, 534, 347, 1, 9, 1
98, 1, 485, 267, 536, 352, 1, 9, 1
99, 1, 485, 264, 536, 352, 1, 9, 1
100, 1, 483, 262, 542, 352, 1, 9, 1
101, 1, 473, 261, 553, 348, 1, 9, 1
102, 1, 468, 261, 561, 349, 1, 9, 1
103, 1, 468, 262, 563, 348, 1, 9, 1
104, 1, 467, 261, 564, 346, 1, 9, 1
105, 1, 464, 262, 568, 347, 1, 9, 1
106, 1, 465, 263, 569, 345, 1, 9, 1
107, 1, 467, 262, 567, 352, 1, 9, 1
108, 1, 462, 266, 572, 346, 1, 9, 1
109, 1, 465, 267, 571, 343, 1, 9, 1
110, 1, 463, 272, 577, 339, 1, 9, 1
111, 1, 460, 274, 581, 341, 1, 9, 1
112, 1, 455, 273, 588, 340, 1, 9, 1
113, 1, 450, 273, 591, 336, 1, 9, 1
114, 1, 451, 274, 595, 336, 1, 9, 1
115, 1, 461, 274, 588, 340, 1, 9, 1
116, 1, 448, 272, 601, 338, 1, 9, 1
117, 1, 448, 271, 603, 335, 1, 9, 1
118, 1, 442, 270, 607, 337, 1, 9, 1
119, 1, 445, 270, 610, 340, 1, 9, 1
120, 1, 445, 266, 610, 341, 1, 9, 1
121, 1, 442, 264, 613, 342, 1, 9, 1
122, 1, 441, 264, 613, 342, 1, 9, 1
123, 1, 443, 267, 614, 341, 1, 9, 1
124, 1, 442, 268, 615, 339, 1, 9, 1
125, 1, 446, 267, 609, 340, 1, 9, 1
126, 1, 444, 264, 615, 343, 1, 9, 1
127, 1, 444, 268, 618, 338, 1, 9, 1
128, 1, 440, 269, 624, 339, 1, 9, 1
129, 1, 444, 264, 621, 343, 1, 9, 1
130, 1, 440, 267, 624, 339, 1, 9, 1
131, 1, 442, 268, 626, 340, 1, 9, 1
132, 1, 441, 267, 626, 342, 1, 9, 1
133, 1, 435, 267, 629, 342, 1, 9, 1
134, 1, 436, 264, 634, 343, 1, 9, 1
135, 1, 433, 269, 639, 337, 1, 9, 1
136, 1, 431, 269, 642, 339, 1, 9, 1
137, 1, 430, 270, 647, 338, 1, 9, 1
138, 1, 426, 272, 650, 336, 1, 9, 1
139, 1, 426, 273, 652, 336, 1, 9, 1
140, 1, 424, 271, 654, 339, 1, 9, 1
141, 1, 424, 271, 656, 337, 1, 9, 1
142, 1, 422, 270, 654, 339, 1, 9, 1
143, 1, 421, 270, 660, 339, 1, 9, 1
144, 1, 424, 270, 660, 339, 1, 9, 1
145, 1, 422, 271, 658, 336, 1, 9, 1
146, 1, 420, 271, 664, 336, 1, 9, 1
147, 1, 420, 270, 665, 335, 1, 9, 1
148, 1, 423, 271, 662, 334, 1, 9, 1
149, 1, 420, 272, 665, 336, 1, 9, 1
150, 1, 415, 272, 669, 338, 1, 9, 1
151, 1, 412, 269, 681, 335, 1, 9, 1
152, 1, 408, 268, 684, 334, 1, 9, 1
153, 1, 408, 268, 685, 335, 1, 9, 1
154, 1, 409, 267, 683, 335, 1, 9, 1
155, 1, 408, 263, 685, 337, 1, 9, 1
156, 1, 406, 263, 688, 336, 1, 9, 1
157, 1, 408, 267, 689, 333, 1, 9, 1
158, 1, 406, 265, 689, 334, 1, 9, 1
159, 1, 407, 269, 689, 330, 1, 9, 1
160, 1, 407, 274, 688, 327, 1, 9, 1
161, 1, 405, 273, 692, 329, 1, 9, 1
162, 1, 404, 272, 694, 331, 1, 9, 1
163, 1, 402, 267, 695, 333, 1, 9, 1
164, 1, 400, 266, 695, 333, 1, 9, 1
165, 1, 398, 268, 697, 331, 1, 9, 1
166, 1, 399, 268, 697, 333, 1, 9, 1
167, 1, 402, 270, 694, 333, 1, 9, 1
168, 1, 398, 265, 697, 336, 1, 9, 1
169, 1, 398, 260, 694, 341, 1, 9, 1
170, 1, 398, 262, 693, 340, 1, 9, 1
171, 1, 393, 260, 699, 344, 1, 9, 1
172, 1, 392, 258, 698, 342, 1, 9, 1
173, 1, 387, 259, 697, 340, 1, 9, 1
174, 1, 387, 259, 697, 340, 1, 9, 1
175, 1, 390, 258, 696, 340, 1, 9, 1
176, 1, 386, 256, 695, 341, 1, 9, 1
177, 1, 386, 255, 695, 343, 1, 9, 1
178, 1, 386, 255, 694, 344, 1, 9, 1
179, 1, 385, 258, 696, 341, 1, 9, 1
180, 1, 386, 258, 692, 340, 1, 9, 1
181, 1, 390, 257, 688, 342, 1, 9, 1
182, 1, 391, 260, 685, 339, 1, 9, 1
183, 1, 384, 260, 695, 338, 1, 9, 1
184, 1, 389, 265, 687, 332, 1, 9, 1
185, 1, 387, 264, 687, 335, 1, 9, 1
186, 1, 386, 263, 684, 334, 1, 9, 1
187, 1, 379, 262, 690, 336, 1, 9, 1
188, 1, 383, 254, 682, 341, 1, 9, 1
189, 1, 382, 253, 683, 339, 1, 9, 1
190, 1, 377, 253, 688, 337, 1, 9, 1
191, 1, 386, 254, 674, 340, 1, 9, 1
192, 1, 372, 255, 688, 339, 1, 9, 1
193, 1, 367, 254, 691, 341, 1, 9, 1
194, 1, 372, 252, 685, 340, 1, 9, 1
195, 1, 375, 258, 685, 333, 1, 9, 1
196, 1, 367, 262, 692, 331, 1, 9, 1
197, 1, 371, 273, 691, 322, 1, 9, 1
198, 1, 369, 262, 690, 328, 1, 9, 1
199, 1, 361, 252, 703, 337, 1, 9, 1
200, 1, 366, 263, 699, 326, 1, 9, 1
201, 1, 365, 266, 697, 322, 1, 9, 1
202, 1, 359, 260, 705, 329, 1, 9, 1
203, 1, 361, 262, 700, 329, 1, 9, 1
204, 1, 361, 253, 705, 336, 1, 9, 1
205, 1, 349, 269, 722, 324, 1, 9, 1
206, 1, 353, 262, 721, 330, 1, 9, 1
207, 1, 353, 262, 721, 330, 1, 9, 1
208, 1, 368, 255, 701, 334, 1, 9, 1
209, 1, 365, 253, 702, 334, 1, 9, 1
210, 1, 365, 253, 702, 334, 1, 9, 1
211, 1, 365, 253, 702, 334, 1, 9, 1
212, 1, 365, 253, 702, 334, 1, 9, 1
213, 1, 365, 253, 702, 334, 1, 9, 1
214, 1, 365, 253, 702, 334, 1, 9, 1
215, 1, 345, 253, 719, 334, 1, 9, 1
216, 1, 345, 253, 719, 334, 1, 9, 1
217, 1, 345, 253, 719, 334, 1, 9, 1
218, 1, 342, 257, 723, 330, 1, 9, 1
219, 1, 345, 259, 721, 324, 1, 9, 1
220, 1, 343, 260, 724, 325, 1, 9, 1
221, 1, 343, 265, 723, 318, 1, 9, 1
222, 1, 351, 272, 721, 313, 1, 9, 1
223, 1, 350, 273, 717, 314, 1, 9, 1
224, 1, 350, 270, 719, 315, 1, 9, 1
225, 1, 345, 272, 724, 312, 1, 9, 1
226, 1, 341, 272, 724, 309, 1, 9, 1
227, 1, 346, 271, 720, 311, 1, 9, 1
228, 1, 345, 275, 723, 308, 1, 9, 1
229, 1, 346, 275, 722, 311, 1, 9, 1
230, 1, 344, 272, 726, 312, 1, 9, 1
231, 1, 350, 266, 717, 314, 1, 9, 1
232, 1, 350, 264, 714, 317, 1, 9, 1
233, 1, 346, 269, 719, 311, 1, 9, 1
234, 1, 352, 270, 715, 312, 1, 9, 1
235, 1, 355, 267, 713, 317, 1, 9, 1
236, 1, 344, 268, 721, 314, 1, 9, 1
237, 1, 348, 266, 720, 315, 1, 9, 1
238, 1, 352, 265, 715, 315, 1, 9, 1
239, 1, 344, 267, 721, 313, 1, 9, 1
240, 1, 339, 266, 726, 314, 1, 9, 1
241, 1, 346, 267, 722, 314, 1, 9, 1
242, 1, 346, 267, 721, 311, 1, 9, 1
243, 1, 337, 267, 731, 312, 1, 9, 1
244, 1, 340, 268, 726, 311, 1, 9, 1
245, 1, 338, 268, 729, 312, 1, 9, 1
246, 1, 338, 269, 726, 312, 1, 9, 1
247, 1, 336, 268, 729, 313, 1, 9, 1
248, 1, 340, 267, 722, 313, 1, 9, 1
249, 1, 339, 269, 723, 310, 1, 9, 1
250, 1, 339, 270, 723, 311, 1, 9, 1
251, 1, 338, 268, 731, 313, 1, 9, 1
252, 1, 339, 268, 728, 311, 1, 9, 1
253, 1, 341, 267, 726, 311, 1, 9, 1
254, 1, 338, 267, 731, 312, 1, 9, 1
255, 1, 340, 268, 728, 310, 1, 9, 1
256, 1, 340, 268, 727, 309, 1, 9, 1
257, 1, 338, 268, 730, 310, 1, 9, 1
258, 1, 340, 268, 729, 311, 1, 9, 1
259, 1, 339, 268, 729, 312, 1, 9, 1
260, 1, 338, 268, 729, 312, 1, 9, 1
261, 1, 339, 269, 727, 310, 1, 9, 1
262, 1, 342, 270, 723, 310, 1, 9, 1
263, 1, 335, 271, 727, 310, 1, 9, 1
264, 1, 338, 269, 725, 310, 1, 9, 1
265, 1, 336, 270, 726, 308, 1, 9, 1
266, 1, 335, 270, 726, 308, 1, 9, 1
267, 1, 336, 272, 724, 307, 1, 9, 1
268, 1, 330, 272, 731, 309, 1, 9, 1
269, 1, 331, 273, 729, 308, 1, 9, 1
270, 1, 329, 272, 730, 309, 1, 9, 1
271, 1, 329, 273, 729, 307, 1, 9, 1
272, 1, 328, 273, 730, 309, 1, 9, 1
273, 1, 332, 274, 725, 308, 1, 9, 1
274, 1, 327, 273, 730, 309, 1, 9, 1
275, 1, 329, 273, 730, 310, 1, 9, 1
276, 1, 328, 274, 731, 309, 1, 9, 1
277, 1, 325, 274, 733, 310, 1, 9, 1
278, 1, 327, 274, 730, 310, 1, 9, 1
279, 1, 329, 274, 728, 309, 1, 9, 1
280, 1, 326, 273, 732, 309, 1, 9, 1
281, 1, 328, 272, 730, 309, 1, 9, 1
282, 1, 331, 272, 727, 309, 1, 9, 1
283, 1, 328, 273, 732, 308, 1, 9, 1
284, 1, 329, 274, 731, 308, 1, 9, 1
285, 1, 331, 275, 730, 307, 1, 9, 1
286, 1, 328, 273, 731, 307, 1, 9, 1
287, 1, 331, 273, 729, 310, 1, 9, 1
288, 1, 335, 274, 725, 308, 1, 9, 1
289, 1, 335, 274, 728, 309, 1, 9, 1
290, 1, 334, 273, 729, 309, 1, 9, 1
291, 1, 333, 273, 730, 307, 1, 9, 1
292, 1, 335, 273, 729, 309, 1, 9, 1
293, 1, 338, 273, 724, 308, 1, 9, 1
294, 1, 336, 272, 730, 310, 1, 9, 1
295, 1, 338, 273, 729, 310, 1, 9, 1
296, 1, 339, 273, 727, 309, 1, 9, 1
297, 1, 342, 272, 726, 310, 1, 9, 1
298, 1, 344, 271, 727, 313, 1, 9, 1
299, 1, 346, 271, 725, 312, 1, 9, 1
300, 1, 347, 270, 724, 312, 1, 9, 1
301, 1, 343, 267, 729, 317, 1, 9, 1
302, 1, 351, 268, 729, 315, 1, 9, 1
303, 1, 349, 271, 732, 313, 1, 9, 1
304, 1, 351, 270, 732, 314, 1, 9, 1
305, 1, 352, 270, 734, 312, 1, 9, 1
306, 1, 355, 271, 733, 312, 1, 9, 1
307, 1, 356, 271, 732, 311, 1, 9, 1
308, 1, 355, 268, 735, 313, 1, 9, 1
309, 1, 360, 267, 730, 313, 1, 9, 1
310, 1, 365, 268, 727, 313, 1, 9, 1
311, 1, 363, 270, 730, 312, 1, 9, 1
312, 1, 364, 269, 730, 311, 1, 9, 1
313, 1, 365, 268, 729, 315, 1, 9, 1
314, 1, 369, 269, 726, 313, 1, 9, 1
315, 1, 369, 270, 728, 314, 1, 9, 1
316, 1, 378, 268, 720, 313, 1, 9, 1
317, 1, 375, 268, 726, 315, 1, 9, 1
318, 1, 377, 270, 725, 314, 1, 9, 1
319, 1, 381, 270, 723, 314, 1, 9, 1
320, 1, 384, 268, 722, 315, 1, 9, 1
321, 1, 379, 268, 731, 315, 1, 9, 1
322, 1, 385, 269, 730, 314, 1, 9, 1
323, 1, 385, 269, 731, 315, 1, 9, 1
324, 1, 388, 266, 730, 317, 1, 9, 1
325, 1, 390, 267, 727, 317, 1, 9, 1
326, 1, 392, 268, 724, 315, 1, 9, 1
327, 1, 395, 268, 724, 313, 1, 9, 1
328, 1, 398, 268, 723, 312, 1, 9, 1
329, 1, 399, 267, 724, 315, 1, 9, 1
330, 1, 403, 268, 723, 313, 1, 9, 1
331, 1, 404, 267, 721, 314, 1, 9, 1
332, 1, 406, 265, 720, 318, 1, 9, 1
333, 1, 405, 264, 722, 316, 1, 9, 1
334, 1, 407, 265, 720, 316, 1, 9, 1
335, 1, 405, 266, 724, 316, 1, 9, 1
336, 1, 409, 266, 721, 315, 1, 9, 1
337, 1, 410, 264, 719, 316, 1, 9, 1
338, 1, 415, 263, 717, 317, 1, 9, 1
339, 1, 417, 261, 715, 319, 1, 9, 1
340, 1, 421, 262, 711, 317, 1, 9, 1
341, 1, 418, 264, 714, 316, 1, 9, 1
342, 1, 420, 263, 714, 316, 1, 9, 1
343, 1, 434, 266, 700, 315, 1, 9, 1
344, 1, 433, 264, 702, 316, 1, 9, 1
345, 1, 433, 262, 706, 319, 1, 9, 1
346, 1, 432, 262, 709, 318, 1, 9, 1
347, 1, 434, 258, 708, 324, 1, 9, 1
348, 1, 432, 259, 713, 322, 1, 9, 1
349, 1, 434, 261, 712, 315, 1, 9, 1
350, 1, 436, 261, 712, 315, 1, 9, 1
351, 1, 444, 260, 701, 323, 1, 9, 1
352, 1, 442, 260, 705, 324, 1, 9, 1
353, 1, 443, 259, 705, 325, 1, 9, 1
354, 1, 439, 258, 712, 323, 1, 9, 1
355, 1, 449, 258, 704, 321, 1, 9, 1
356, 1, 453, 262, 701, 320, 1, 9, 1
357, 1, 457, 260, 701, 322, 1, 9, 1
358, 1, 458, 258, 698, 324, 1, 9, 1
359, 1, 455, 255, 705, 322, 1, 9, 1
360, 1, 462, 255, 700, 322, 1, 9, 1
361, 1, 461, 257, 702, 319, 1, 9, 1
362, 1, 463, 256, 699, 320, 1, 9, 1
363, 1, 462, 253, 704, 325, 1, 9, 1
364, 1, 465, 255, 704, 323, 1, 9, 1
365, 1, 464, 256, 705, 324, 1, 9, 1
366, 1, 468, 255, 700, 324, 1, 9, 1
367, 1, 470, 255, 701, 324, 1, 9, 1
368, 1, 476, 255, 698, 324, 1, 9, 1
369, 1, 479, 256, 696, 325, 1, 9, 1
370, 1, 473, 254, 703, 325, 1, 9, 1
371, 1, 475, 252, 702, 326, 1, 9, 1
372, 1, 479, 253, 701, 325, 1, 9, 1
373, 1, 482, 251, 698, 326, 1, 9, 1
374, 1, 479, 252, 706, 325, 1, 9, 1
375, 1, 496, 252, 690, 327, 1, 9, 1
376, 1, 489, 252, 699, 324, 1, 9, 1
377, 1, 500, 252, 688, 325, 1, 9, 1
378, 1, 501, 250, 690, 326, 1, 9, 1
379, 1, 503, 253, 691, 323, 1, 9, 1
380, 1, 493, 252, 702, 325, 1, 9, 1
381, 1, 507, 250, 689, 326, 1, 9, 1
382, 1, 510, 250, 691, 326, 1, 9, 1
383, 1, 500, 250, 704, 325, 1, 9, 1
384, 1, 517, 252, 689, 325, 1, 9, 1
385, 1, 518, 251, 693, 324, 1, 9, 1
386, 1, 517, 250, 695, 325, 1, 9, 1
387, 1, 519, 251, 695, 322, 1, 9, 1
388, 1, 523, 249, 693, 326, 1, 9, 1
389, 1, 520, 249, 697, 323, 1, 9, 1
390, 1, 525, 251, 692, 324, 1, 9, 1
391, 1, 530, 250, 689, 322, 1, 9, 1
392, 1, 529, 250, 692, 324, 1, 9, 1
393, 1, 523, 247, 701, 328, 1, 9, 1
394, 1, 525, 247, 703, 329, 1, 9, 1
395, 1, 531, 250, 698, 326, 1, 9, 1
396, 1, 528, 250, 705, 326, 1, 9, 1
397, 1, 515, 249, 719, 327, 1, 9, 1
398, 1, 527, 250, 708, 329, 1, 9, 1
399, 1, 512, 249, 725, 327, 1, 9, 1
400, 1, 511, 251, 727, 324, 1, 9, 1
401, 1, 509, 252, 734, 325, 1, 9, 1
402, 1, 513, 249, 731, 329, 1, 9, 1
403, 1, 522, 250, 723, 322, 1, 9, 1
404, 1, 519, 250, 731, 324, 1, 9, 1
405, 1, 515, 252, 736, 325, 1, 9, 1
406, 1, 513, 252, 737, 327, 1, 9, 1
407, 1, 515, 250, 736, 330, 1, 9, 1
408, 1, 523, 249, 730, 328, 1, 9, 1
409, 1, 518, 248, 736, 329, 1, 9, 1
410, 1, 519, 247, 732, 332, 1, 9, 1
411, 1, 528, 244, 730, 329, 1, 9, 1
412, 1, 534, 244, 725, 331, 1, 9, 1
413, 1, 530, 242, 731, 332, 1, 9, 1
414, 1, 532, 241, 729, 329, 1, 9, 1
415, 1, 536, 243, 730, 324, 1, 9, 1
416, 1, 532, 246, 736, 318, 1, 9, 1
417, 1, 533, 247, 737, 328, 1, 9, 1
418, 1, 534, 247, 739, 325, 1, 9, 1
419, 1, 529, 248, 746, 327, 1, 9, 1
420, 1, 538, 247, 739, 322, 1, 9, 1
421, 1, 534, 245, 749, 323, 1, 9, 1
422, 1, 555, 242, 735, 326, 1, 9, 1
423, 1, 565, 245, 727, 325, 1, 9, 1
424, 1, 567, 246, 724, 318, 1, 9, 1
425, 1, 565, 246, 727, 320, 1, 9, 1
426, 1, 577, 246, 719, 321, 1, 9, 1
427, 1, 574, 247, 725, 325, 1, 9, 1
428, 1, 577, 246, 723, 324, 1, 9, 1
429, 1, 582, 248, 717, 320, 1, 9, 1
430, 1, 584, 248, 721, 323, 1, 9, 1
431, 1, 584, 249, 723, 324, 1, 9, 1
432, 1, 581, 246, 726, 326, 1, 9, 1
433, 1, 585, 246, 720, 321, 1, 9, 1
434, 1, 584, 247, 725, 316, 1, 9, 1
435, 1, 596, 251, 714, 317, 1, 9, 1
436, 1, 609, 252, 706, 325, 1, 9, 1
437, 1, 604, 248, 715, 322, 1, 9, 1
438, 1, 594, 245, 727, 319, 1, 9, 1
439, 1, 605, 245, 719, 312, 1, 9, 1
440, 1, 610, 248, 717, 313, 1, 9, 1
441, 1, 610, 251, 718, 311, 1, 9, 1
442, 1, 612, 249, 715, 320, 1, 9, 1
443, 1, 614, 247, 718, 318, 1, 9, 1
444, 1, 614, 246, 721, 319, 1, 9, 1
445, 1, 618, 246, 723, 315, 1, 9, 1
446, 1, 619, 247, 722, 316, 1, 9, 1
447, 1, 619, 247, 725, 316, 1, 9, 1
448, 1, 622, 247, 722, 319, 1, 9, 1
449, 1, 619, 245, 732, 318, 1, 9, 1
450, 1, 622, 246, 730, 318, 1, 9, 1
451, 1, 613, 249, 737, 318, 1, 9, 1
452, 1, 618, 250, 735, 321, 1, 9, 1
453, 1, 616, 247, 737, 323, 1, 9, 1
454, 1, 619, 246, 735, 318, 1, 9, 1
455, 1, 621, 247, 735, 315, 1, 9, 1
456, 1, 619, 250, 740, 319, 1, 9, 1
457, 1, 627, 251, 733, 316, 1, 9, 1
458, 1, 627, 251, 733, 317, 1, 9, 1
459, 1, 622, 248, 742, 321, 1, 9, 1
460, 1, 624, 247, 743, 321, 1, 9, 1
461, 1, 621, 248, 748, 321, 1, 9, 1
462, 1, 632, 248, 739, 321, 1, 9, 1
463, 1, 638, 249, 735, 321, 1, 9, 1
464, 1, 630, 248, 745, 321, 1, 9, 1
465, 1, 635, 248, 740, 321, 1, 9, 1
466, 1, 641, 249, 737, 319, 1, 9, 1
467, 1, 638, 248, 743, 322, 1, 9, 1
468, 1, 657, 248, 724, 321, 1, 9, 1
469, 1, 659, 247, 726, 323, 1, 9, 1
470, 1, 662, 246, 723, 320, 1, 9, 1
471, 1, 659, 246, 730, 316, 1, 9, 1
472, 1, 667, 249, 724, 313, 1, 9, 1
473, 1, 665, 249, 726, 315, 1, 9, 1
474, 1, 660, 249, 731, 317, 1, 9, 1
475, 1, 665, 252, 729, 318, 1, 9, 1
476, 1, 665, 252, 734, 316, 1, 9, 1
477, 1, 680, 250, 719, 319, 1, 9, 1
478, 1, 685, 249, 717, 320, 1, 9, 1
479, 1, 683, 251, 722, 317, 1, 9, 1
480, 1, 680, 249, 726, 319, 1, 9, 1
481, 1, 680, 248, 727, 318, 1, 9, 1
482, 1, 683, 245, 728, 317, 1, 9, 1
483, 1, 685, 247, 725, 316, 1, 9, 1
484, 1, 689, 247, 723, 314, 1, 9, 1
485, 1, 688, 246, 727, 317, 1, 9, 1
486, 1, 696, 246, 723, 315, 1, 9, 1
487, 1, 707, 247, 713, 312, 1, 9, 1
488, 1, 711, 247, 713, 311, 1, 9, 1
489, 1, 698, 246, 729, 315, 1, 9, 1
490, 1, 700, 247, 725, 316, 1, 9, 1
491, 1, 708, 247, 722, 316, 1, 9, 1
492, 1, 707, 246, 725, 316, 1, 9, 1
493, 1, 705, 243, 729, 316, 1, 9, 1
494, 1, 712, 246, 725, 315, 1, 9, 1
495, 1, 713, 247, 727, 315, 1, 9, 1
496, 1, 717, 242, 723, 320, 1, 9, 1
497, 1, 713, 242, 730, 316, 1, 9, 1
498, 1, 719, 242, 725, 317, 1, 9, 1
499, 1, 720, 240, 728, 317, 1, 9, 1
500, 1, 722, 239, 726, 317, 1, 9, 1
501, 1, 737, 237, 716, 320, 1, 9, 1
502, 1, 738, 239, 718, 318, 1, 9, 1
503, 1, 732, 235, 726, 321, 1, 9, 1
504, 1, 734, 234, 724, 322, 1, 9, 1
505, 1, 745, 234, 718, 318, 1, 9, 1
506, 1, 747, 236, 717, 319, 1, 9, 1
507, 1, 745, 235, 724, 318, 1, 9, 1
508, 1, 752, 236, 716, 317, 1, 9, 1
509, 1, 742, 233, 728, 319, 1, 9, 1
510, 1, 745, 233, 723, 320, 1, 9, 1
511, 1, 747, 231, 726, 321, 1, 9, 1
512, 1, 749, 232, 725, 322, 1, 9, 1
513, 1, 759, 232, 717, 320, 1, 9, 1
514, 1, 768, 230, 711, 323, 1, 9, 1
515, 1, 764, 230, 716, 323, 1, 9, 1
516, 1, 760, 231, 722, 322, 1, 9, 1
517, 1, 760, 229, 725, 323, 1, 9, 1
518, 1, 762, 228, 723, 323, 1, 9, 1
519, 1, 761, 227, 728, 323, 1, 9, 1
520, 1, 755, 227, 735, 325, 1, 9, 1
521, 1, 772, 227, 719, 321, 1, 9, 1
522, 1, 779, 226, 715, 324, 1, 9, 1
523, 1, 791, 226, 707, 324, 1, 9, 1
524, 1, 793, 226, 706, 324, 1, 9, 1
525, 1, 786, 226, 717, 321, 1, 9, 1
526, 1, 788, 227, 718, 320, 1, 9, 1
527, 1, 794, 226, 712, 325, 1, 9, 1
528, 1, 794, 225, 712, 326, 1, 9, 1
529, 1, 796, 224, 721, 324, 1, 9, 1
530, 1, 795, 224, 719, 323, 1, 9, 1
531, 1, 799, 225, 719, 318, 1, 9, 1
532, 1, 800, 225, 717, 321, 1, 9, 1
533, 1, 810, 226, 710, 319, 1, 9, 1
534, 1, 810, 224, 713, 322, 1, 9, 1
535, 1, 812, 223, 714, 320, 1, 9, 1
536, 1, 813, 221, 714, 323, 1, 9, 1
537, 1, 819, 223, 710, 322, 1, 9, 1
538, 1, 812, 223, 720, 323, 1, 9, 1
539, 1, 822, 223, 712, 322, 1, 9, 1
540, 1, 823, 224, 714, 322, 1, 9, 1
541, 1, 821, 223, 721, 320, 1, 9, 1
542, 1, 824, 219, 717, 325, 1, 9, 1
543, 1, 834, 217, 713, 327, 1, 9, 1
544, 1, 830, 220, 715, 325, 1, 9, 1
545, 1, 841, 219, 711, 325, 1, 9, 1
546, 1, 845, 217, 706, 328, 1, 9, 1
547, 1, 845, 214, 711, 329, 1, 9, 1
548, 1, 847, 217, 710, 325, 1, 9, 1
549, 1, 840, 216, 717, 327, 1, 9, 1
550, 1, 852, 215, 707, 325, 1, 9, 1
551, 1, 858, 210, 711, 326, 1, 9, 1
552, 1, 855, 210, 713, 325, 1, 9, 1
553, 1, 863, 210, 709, 325, 1, 9, 1
554, 1, 858, 212, 716, 325, 1, 9, 1
555, 1, 853, 213, 722, 323, 1, 9, 1
556, 1, 852, 213, 722, 324, 1, 9, 1
557, 1, 854, 213, 725, 325, 1, 9, 1
558, 1, 869, 212, 711, 326, 1, 9, 1
559, 1, 865, 211, 717, 324, 1, 9, 1
560, 1, 866, 209, 724, 326, 1, 9, 1
561, 1, 875, 210, 717, 326, 1, 9, 1
562, 1, 877, 211, 717, 322, 1, 9, 1
563, 1, 876, 210, 721, 323, 1, 9, 1
564, 1, 877, 208, 721, 325, 1, 9, 1
565, 1, 879, 208, 718, 324, 1, 9, 1
566, 1, 879, 208, 720, 318, 1, 9, 1
567, 1, 879, 209, 722, 321, 1, 9, 1
568, 1, 879, 210, 729, 322, 1, 9, 1
569, 1, 884, 209, 728, 322, 1, 9, 1
570, 1, 889, 207, 725, 324, 1, 9, 1
571, 1, 893, 206, 720, 325, 1, 9, 1
572, 1, 901, 206, 715, 325, 1, 9, 1
573, 1, 897, 205, 722, 323, 1, 9, 1
574, 1, 895, 204, 725, 326, 1, 9, 1
575, 1, 899, 205, 720, 324, 1, 9, 1
576, 1, 907, 205, 717, 323, 1, 9, 1
577, 1, 903, 206, 724, 323, 1, 9, 1
578, 1, 915, 205, 716, 323, 1, 9, 1
579, 1, 909, 205, 728, 324, 1, 9, 1
580, 1, 916, 205, 721, 320, 1, 9, 1
581, 1, 917, 204, 720, 320, 1, 9, 1
582, 1, 913, 206, 729, 319, 1, 9, 1
583, 1, 914, 206, 730, 319, 1, 9, 1
584, 1, 918, 207, 726, 315, 1, 9, 1
585, 1, 927, 207, 722, 320, 1, 9, 1
586, 1, 926, 205, 727, 318, 1, 9, 1
587, 1, 928, 206, 727, 317, 1, 9, 1
588, 1, 932, 205, 725, 316, 1, 9, 1
589, 1, 942, 206, 717, 319, 1, 9, 1
590, 1, 936, 205, 720, 319, 1, 9, 1
591, 1, 947, 205, 715, 316, 1, 9, 1
592, 1, 939, 204, 726, 319, 1, 9, 1
593, 1, 946, 204, 721, 318, 1, 9, 1
594, 1, 947, 206, 724, 318, 1, 9, 1
595, 1, 955, 205, 719, 319, 1, 9, 1
596, 1, 955, 205, 723, 317, 1, 9, 1
597, 1, 966, 201, 715, 318, 1, 9, 1
598, 1, 971, 201, 711, 316, 1, 9, 1
599, 1, 970, 203, 716, 314, 1, 9, 1
600, 1, 963, 206, 723, 313, 1, 9, 1
601, 1, 970, 207, 724, 311, 1, 9, 1
602, 1, 965, 208, 730, 313, 1, 9, 1
603, 1, 968, 207, 734, 314, 1, 9, 1
604, 1, 969, 205, 737, 314, 1, 9, 1
605, 1, 976, 205, 733, 311, 1, 9, 1
606, 1, 972, 206, 741, 310, 1, 9, 1
607, 1, 976, 206, 734, 311, 1, 9, 1
608, 1, 985, 206, 727, 311, 1, 9, 1
609, 1, 988, 207, 724, 309, 1, 9, 1
610, 1, 980, 208, 735, 309, 1, 9, 1
611, 1, 984, 206, 729, 310, 1, 9, 1
612, 1, 996, 207, 723, 308, 1, 9, 1
613, 1, 988, 207, 736, 308, 1, 9, 1
614, 1, 997, 207, 729, 309, 1, 9, 1
615, 1, 998, 207, 727, 309, 1, 9, 1
616, 1, 1003, 207, 722, 309, 1, 9, 1
617, 1, 1011, 207, 718, 308, 1, 9, 1
618, 1, 1003, 206, 725, 309, 1, 9, 1
619, 1, 1000, 207, 729, 310, 1, 9, 1
620, 1, 1000, 207, 730, 311, 1, 9, 1
621, 1, 1012, 206, 725, 311, 1, 9, 1
622, 1, 1015, 205, 724, 310, 1, 9, 1
623, 1, 1014, 206, 729, 310, 1, 9, 1
624, 1, 1012, 205, 735, 309, 1, 9, 1
625, 1, 1032, 206, 714, 309, 1, 9, 1
626, 1, 1031, 207, 712, 309, 1, 9, 1
627, 1, 1030, 207, 715, 311, 1, 9, 1
628, 1, 1032, 206, 717, 309, 1, 9, 1
629, 1, 1037, 204, 717, 310, 1, 9, 1
630, 1, 1035, 204, 719, 311, 1, 9, 1
631, 1, 1030, 205, 726, 309, 1, 9, 1
632, 1, 1041, 205, 715, 310, 1, 9, 1
633, 1, 1040, 205, 719, 311, 1, 9, 1
634, 1, 1041, 205, 719, 312, 1, 9, 1
635, 1, 1049, 206, 712, 309, 1, 9, 1
636, 1, 1047, 203, 719, 311, 1, 9, 1
637, 1, 1051, 204, 717, 311, 1, 9, 1
638, 1, 1056, 205, 710, 311, 1, 9, 1
639, 1, 1059, 203, 711, 312, 1, 9, 1
640, 1, 1059, 203, 714, 311, 1, 9, 1
641, 1, 1052, 205, 719, 308, 1, 9, 1
642, 1, 1056, 205, 716, 309, 1, 9, 1
643, 1, 1062, 205, 712, 308, 1, 9, 1
644, 1, 1064, 205, 716, 310, 1, 9, 1
645, 1, 1068, 204, 714, 311, 1, 9, 1
646, 1, 1073, 203, 716, 310, 1, 9, 1
647, 1, 1072, 203, 712, 309, 1, 9, 1
648, 1, 1076, 203, 710, 310, 1, 9, 1
649, 1, 1078, 204, 712, 309, 1, 9, 1
650, 1, 1076, 204, 717, 310, 1, 9, 1
651, 1, 1076, 204, 711, 311, 1, 9, 1
652, 1, 1080, 204, 711, 311, 1, 9, 1
653, 1, 1085, 204, 705, 309, 1, 9, 1
654, 1, 1088, 203, 709, 310, 1, 9, 1
655, 1, 1090, 203, 706, 312, 1, 9, 1
656, 1, 1092, 203, 709, 311, 1, 9, 1
657, 1, 1093, 202, 708, 311, 1, 9, 1
658, 1, 1088, 201, 713, 312, 1, 9, 1
659, 1, 1098, 202, 706, 310, 1, 9, 1
660, 1, 1097, 202, 712, 309, 1, 9, 1
661, 1, 1094, 203, 715, 310, 1, 9, 1
662, 1, 1099, 202, 707, 310, 1, 9, 1
663, 1, 1106, 202, 707, 310, 1, 9, 1
664, 1, 1108, 201, 702, 309, 1, 9, 1
665, 1, 1114, 200, 700, 312, 1, 9, 1
666, 1, 1113, 199, 701, 311, 1, 9, 1
667, 1, 1122, 199, 691, 312, 1, 9, 1
668, 1, 1122, 198, 689, 314, 1, 9, 1
669, 1, 1119, 198, 692, 313, 1, 9, 1
670, 1, 1123, 198, 690, 312, 1, 9, 1
671, 1, 1130, 197, 684, 315, 1, 9, 1
672, 1, 1131, 196, 681, 315, 1, 9, 1
673, 1, 1127, 196, 684, 314, 1, 9, 1
674, 1, 1135, 195, 680, 314, 1, 9, 1
675, 1, 1135, 195, 682, 313, 1, 9, 1
676, 1, 1141, 196, 676, 313, 1, 9, 1
677, 1, 1140, 195, 674, 313, 1, 9, 1
678, 1, 1137, 194, 677, 314, 1, 9, 1
679, 1, 1141, 193, 675, 318, 1, 9, 1
680, 1, 1147, 193, 668, 316, 1, 9, 1
681, 1, 1141, 193, 673, 316, 1, 9, 1
682, 1, 1139, 192, 675, 318, 1, 9, 1
683, 1, 1144, 192, 671, 318, 1, 9, 1
684, 1, 1147, 191, 669, 317, 1, 9, 1
685, 1, 1148, 192, 667, 317, 1, 9, 1
686, 1, 1147, 191, 669, 318, 1, 9, 1
687, 1, 1155, 190, 663, 318, 1, 9, 1
688, 1, 1156, 189, 660, 319, 1, 9, 1
689, 1, 1164, 189, 653, 319, 1, 9, 1
690, 1, 1162, 187, 652, 321, 1, 9, 1
691, 1, 1163, 186, 652, 323, 1, 9, 1
692, 1, 1160, 187, 655, 321, 1, 9, 1
693, 1, 1166, 187, 649, 322, 1, 9, 1
694, 1, 1160, 185, 655, 324, 1, 9, 1
695, 1, 1168, 186, 646, 322, 1, 9, 1
696, 1, 1167, 185, 649, 321, 1, 9, 1
697, 1, 1173, 185, 644, 320, 1, 9, 1
698, 1, 1175, 185, 643, 317, 1, 9, 1
699, 1, 1182, 184, 633, 320, 1, 9, 1
700, 1, 1180, 184, 634, 318, 1, 9, 1
701, 1, 1185, 182, 630, 320, 1, 9, 1
702, 1, 1187, 182, 629, 321, 1, 9, 1
703, 1, 1180, 183, 635, 318, 1, 9, 1
704, 1, 1180, 182, 635, 319, 1, 9, 1
705, 1, 1183, 182, 634, 319, 1, 9, 1
706, 1, 1183, 183, 633, 316, 1, 9, 1
707, 1, 1183, 183, 633, 318, 1, 9, 1
708, 1, 1191, 182, 623, 318, 1, 9, 1
709, 1, 1191, 181, 622, 317, 1, 9, 1
710, 1, 1194, 181, 618, 317, 1, 9, 1
711, 1, 1189, 179, 625, 320, 1, 9, 1
712, 1, 1192, 179, 621, 319, 1, 9, 1
713, 1, 1193, 178, 619, 319, 1, 9, 1
714, 1, 1189, 178, 627, 320, 1, 9, 1
715, 1, 1195, 178, 622, 320, 1, 9, 1
716, 1, 1196, 177, 621, 321, 1, 9, 1
717, 1, 1197, 176, 614, 322, 1, 9, 1
718, 1, 1201, 175, 616, 323, 1, 9, 1
719, 1, 1200, 176, 616, 318, 1, 9, 1
720, 1, 1197, 172, 618, 323, 1, 9, 1
721, 1, 1198, 174, 616, 322, 1, 9, 1
722, 1, 1200, 173, 617, 325, 1, 9, 1
723, 1, 1217, 171, 598, 324, 1, 9, 1
724, 1, 1226, 170, 590, 324, 1, 9, 1
725, 1, 1225, 168, 589, 327, 1, 9, 1
726, 1, 1224, 169, 591, 325, 1, 9, 1
727, 1, 1229, 167, 584, 326, 1, 9, 1
728, 1, 1228, 167, 583, 326, 1, 9, 1
729, 1, 1230, 168, 581, 324, 1, 9, 1
730, 1, 1230, 165, 581, 327, 1, 9, 1
731, 1, 1231, 167, 583, 325, 1, 9, 1
732, 1, 1233, 167, 581, 326, 1, 9, 1
733, 1, 1229, 166, 586, 325, 1, 9, 1
734, 1, 1242, 166, 572, 327, 1, 9, 1
735, 1, 1240, 164, 573, 328, 1, 9, 1
736, 1, 1241, 165, 574, 328, 1, 9, 1
737, 1, 1243, 165, 570, 327, 1, 9, 1
738, 1, 1247, 164, 562, 330, 1, 9, 1
739, 1, 1242, 165, 575, 325, 1, 9, 1
740, 1, 1246, 163, 571, 325, 1, 9, 1
741, 1, 1247, 163, 567, 325, 1, 9, 1
742, 1, 1248, 163, 569, 326, 1, 9, 1
743, 1, 1248, 164, 569, 325, 1, 9, 1
744, 1, 1247, 161, 571, 327, 1, 9, 1
745, 1, 1247, 163, 571, 322, 1, 9, 1
746, 1, 1249, 162, 569, 322, 1, 9, 1
747, 1, 1249, 163, 564, 321, 1, 9, 1
748, 1, 1247, 162, 570, 323, 1, 9, 1
749, 1, 1248, 162, 565, 323, 1, 9, 1
750, 1, 1250, 161, 566, 324, 1, 9, 1
751, 1, 1247, 160, 568, 332, 1, 9, 1
752, 1, 1249, 159, 567, 332, 1, 9, 1
753, 1, 1249, 160, 566, 330, 1, 9, 1
754, 1, 1247, 160, 568, 331, 1, 9, 1
755, 1, 1252, 160, 561, 331, 1, 9, 1
756, 1, 1249, 160, 565, 331, 1, 9, 1
757, 1, 1249, 159, 566, 332, 1, 9, 1
758, 1, 1251, 160, 564, 330, 1, 9, 1
759, 1, 1251, 160, 563, 331, 1, 9, 1
760, 1, 1254, 160, 561, 327, 1, 9, 1
761, 1, 1255, 160, 560, 328, 1, 9, 1
762, 1, 1253, 161, 560, 328, 1, 9, 1
763, 1, 1255, 160, 560, 330, 1, 9, 1
764, 1, 1255, 160, 559, 329, 1, 9, 1
765, 1, 1254, 160, 561, 330, 1, 9, 1
766, 1, 1255, 160, 560, 329, 1, 9, 1
767, 1, 1253, 160, 561, 330, 1, 9, 1
768, 1, 1253, 160, 563, 329, 1, 9, 1
769, 1, 1253, 160, 563, 329, 1, 9, 1
770, 1, 1251, 160, 563, 330, 1, 9, 1
771, 1, 1251, 161, 564, 329, 1, 9, 1
772, 1, 1254, 161, 561, 329, 1, 9, 1
773, 1, 1254, 160, 561, 330, 1, 9, 1
774, 1, 1253, 161, 563, 330, 1, 9, 1
775, 1, 1250, 161, 564, 329, 1, 9, 1
776, 1, 1249, 162, 566, 329, 1, 9, 1
777, 1, 1252, 162, 562, 330, 1, 9, 1
778, 1, 1250, 162, 566, 330, 1, 9, 1
779, 1, 1249, 162, 566, 328, 1, 9, 1
780, 1, 1252, 163, 564, 329, 1, 9, 1
781, 1, 1252, 162, 565, 329, 1, 9, 1
782, 1, 1249, 163, 569, 330, 1, 9, 1
783, 1, 1248, 163, 567, 330, 1, 9, 1
784, 1, 1249, 164, 564, 329, 1, 9, 1
785, 1, 1248, 164, 564, 330, 1, 9, 1
786, 1, 1244, 164, 568, 330, 1, 9, 1
787, 1, 1245, 166, 566, 331, 1, 9, 1
788, 1, 1247, 166, 569, 331, 1, 9, 1
789, 1, 1245, 166, 572, 330, 1, 9, 1
790, 1, 1247, 166, 568, 328, 1, 9, 1
791, 1, 1245, 166, 571, 331, 1, 9, 1
792, 1, 1246, 167, 570, 330, 1, 9, 1
793, 1, 1242, 167, 573, 329, 1, 9, 1
794, 1, 1237, 167, 578, 330, 1, 9, 1
795, 1, 1238, 168, 577, 331, 1, 9, 1
796, 1, 1237, 168, 578, 330, 1, 9, 1
797, 1, 1238, 168, 577, 331, 1, 9, 1
798, 1, 1232, 168, 584, 330, 1, 9, 1
799, 1, 1232, 169, 578, 330, 1, 9, 1
800, 1, 1231, 169, 580, 330, 1, 9, 1