1, 1, 728, 436, 353, 443, 1, 7, 1
2, 1, 729, 436, 352, 442, 1, 7, 1
3, 1, 728, 436, 352, 444, 1, 7, 1
4, 1, 729, 436, 351, 446, 1, 7, 1
5, 1, 728, 436, 352, 447, 1, 7, 1
6, 1, 727, 436, 353, 446, 1, 7, 1
7, 1, 724, 436, 357, 447, 1, 7, 1
8, 1, 724, 436, 356, 447, 1, 7, 1
9, 1, 724, 436, 356, 446, 1, 7, 1
10, 1, 721, 435, 358, 447, 1, 7, 1
11, 1, 722, 435, 358, 447, 1, 7, 1
12, 1, 724, 435, 355, 446, 1, 7, 1
13, 1, 726, 434, 354, 449, 1, 7, 1
14, 1, 725, 434, 354, 448, 1, 7, 1
15, 1, 725, 435, 355, 448, 1, 7, 1
16, 1, 726, 434, 353, 448, 1, 7, 1
17, 1, 726, 435, 353, 449, 1, 7, 1
18, 1, 726, 435, 353, 449, 1, 7, 1
19, 1, 726, 435, 354, 449, 1, 7, 1
20, 1, 727, 435, 352, 449, 1, 7, 1
21, 1, 727, 435, 352, 451, 1, 7, 1
22, 1, 727, 434, 352, 452, 1, 7, 1
23, 1, 726, 435, 353, 451, 1, 7, 1
24, 1, 727, 435, 353, 451, 1, 7, 1
25, 1, 727, 435, 352, 452, 1, 7, 1
26, 1, 725, 435, 355, 450, 1, 7, 1
27, 1, 727, 436, 352, 450, 1, 7, 1
28, 1, 726, 436, 354, 451, 1, 7, 1
29, 1, 727, 435, 352, 453, 1, 7, 1
30, 1, 727, 435, 352, 454, 1, 7, 1
31, 1, 728, 436, 352, 455, 1, 7, 1
32, 1, 728, 435, 352, 457, 1, 7, 1
33, 1, 728, 435, 351, 459, 1, 7, 1
34, 1, 727, 435, 354, 461, 1, 7, 1
35, 1, 727, 436, 353, 462, 1, 7, 1
36, 1, 728, 436, 352, 461, 1, 7, 1
37, 1, 728, 436, 352, 460, 1, 7, 1
38, 1, 728, 437, 352, 457, 1, 7, 1
39, 1, 728, 437, 353, 458, 1, 7, 1
40, 1, 728, 437, 351, 462, 1, 7, 1
41, 1, 727, 437, 352, 461, 1, 7, 1
42, 1, 727, 437, 352, 461, 1, 7, 1
43, 1, 728, 437, 352, 458, 1, 7, 1
44, 1, 727, 437, 353, 460, 1, 7, 1
45, 1, 727, 437, 354, 460, 1, 7, 1
46, 1, 728, 437, 351, 460, 1, 7, 1
47, 1, 728, 437, 353, 459, 1, 7, 1
48, 1, 728, 437, 352, 459, 1, 7, 1
49, 1, 727, 437, 352, 459, 1, 7, 1
50, 1, 727, 437, 352, 461, 1, 7, 1
51, 1, 728, 437, 351, 460, 1, 7, 1
52, 1, 729, 437, 351, 461, 1, 7, 1
53, 1, 727, 437, 353, 461, 1, 7, 1
54, 1, 727, 437, 353, 461, 1, 7, 1
55, 1, 727, 438, 354, 459, 1, 7, 1
56, 1, 727, 438, 353, 459, 1, 7, 1
57, 1, 728, 437, 352, 459, 1, 7, 1
58, 1, 728, 437, 353, 460, 1, 7, 1
59, 1, 730, 437, 350, 459, 1, 7, 1
60, 1, 730, 437, 350, 459, 1, 7, 1
61, 1, 730, 437, 351, 459, 1, 7, 1
62, 1, 729, 436, 352, 459, 1, 7, 1
63, 1, 730, 436, 350, 455, 1, 7, 1
64, 1, 731, 436, 349, 454, 1, 7, 1
65, 1, 732, 436, 348, 450, 1, 7, 1
66, 1, 732, 436, 349, 450, 1, 7, 1
67, 1, 732, 436, 349, 448, 1, 7, 1
68, 1, 731, 436, 350, 446, 1, 7, 1
69, 1, 732, 436, 349, 448, 1, 7, 1
70, 1, 731, 436, 351, 446, 1, 7, 1
71, 1, 733, 435, 348, 447, 1, 7, 1
72, 1, 732, 435, 349, 446, 1, 7, 1
73, 1, 733, 435, 348, 447, 1, 7, 1
74, 1, 732, 435, 349, 446, 1, 7, 1
75, 1, 732, 435, 349, 448, 1, 7, 1
76, 1, 732, 435, 349, 448, 1, 7, 1
77, 1, 733, 435, 349, 449, 1, 7, 1
78, 1, 733, 435, 348, 450, 1, 7, 1
79, 1, 732, 435, 350, 449, 1, 7, 1
80, 1, 734, 435, 347, 449, 1, 7, 1
81, 1, 732, 434, 351, 451, 1, 7, 1
82, 1, 732, 435, 349, 447, 1, 7, 1
83, 1, 732, 435, 348, 445, 1, 7, 1
84, 1, 732, 435, 350, 446, 1, 7, 1
85, 1, 732, 434, 350, 445, 1, 7, 1
86, 1, 732, 435, 350, 445, 1, 7, 1
87, 1, 730, 435, 351, 445, 1, 7, 1
88, 1, 730, 435, 351, 444, 1, 7, 1
89, 1, 729, 435, 352, 443, 1, 7, 1
90, 1, 730, 435, 351, 443, 1, 7, 1
91, 1, 730, 435, 352, 447, 1, 7, 1
92, 1, 728, 435, 353, 447, 1, 7, 1
93, 1, 726, 435, 352, 445, 1, 7, 1
94, 1, 725, 436, 355, 445, 1, 7, 1
95, 1, 725, 436, 355, 444, 1, 7, 1
96, 1, 724, 435, 357, 445, 1, 7, 1
97, 1, 720, 436, 362, 444, 1, 7, 1
98, 1, 721, 436, 360, 445, 1, 7, 1
99, 1, 719, 435, 361, 445, 1, 7, 1
100, 1, 719, 436, 361, 443, 1, 7, 1
101, 1, 720, 436, 360, 442, 1, 7, 1
102, 1, 715, 436, 365, 442, 1, 7, 1
103, 1, 712, 436, 369, 441, 1, 7, 1
104, 1, 712, 435, 369, 442, 1, 7, 1
105, 1, 712, 435, 368, 442, 1, 7, 1
106, 1, 706, 435, 373, 440, 1, 7, 1
107, 1, 706, 435, 372, 442, 1, 7, 1
108, 1, 706, 435, 374, 442, 1, 7, 1
109, 1, 704, 435, 374, 445, 1, 7, 1
110, 1, 703, 435, 376, 446, 1, 7, 1
111, 1, 703, 435, 375, 446, 1, 7, 1
112, 1, 701, 436, 376, 448, 1, 7, 1
113, 1, 701, 436, 379, 448, 1, 7, 1
114, 1, 700, 435, 379, 450, 1, 7, 1
115, 1, 699, 435, 381, 449, 1, 7, 1
116, 1, 700, 436, 380, 451, 1, 7, 1
117, 1, 699, 435, 380, 455, 1, 7, 1
118, 1, 700, 436, 379, 453, 1, 7, 1
119, 1, 700, 436, 380, 453, 1, 7, 1
120, 1, 699, 436, 381, 454, 1, 7, 1
121, 1, 698, 436, 382, 453, 1, 7, 1
122, 1, 697, 437, 383, 452, 1, 7, 1
123, 1, 698, 437, 382, 452, 1, 7, 1
124, 1, 698, 437, 383, 457, 1, 7, 1
125, 1, 698, 437, 382, 457, 1, 7, 1
126, 1, 700, 437, 380, 460, 1, 7, 1
127, 1, 700, 437, 379, 459, 1, 7, 1
128, 1, 700, 437, 379, 460, 1, 7, 1
129, 1, 701, 437, 378, 461, 1, 7, 1
130, 1, 701, 437, 378, 461, 1, 7, 1
131, 1, 703, 437, 377, 462, 1, 7, 1
132, 1, 700, 437, 380, 460, 1, 7, 1
133, 1, 703, 436, 377, 463, 1, 7, 1
134, 1, 705, 437, 375, 459, 1, 7, 1
135, 1, 704, 436, 376, 453, 1, 7, 1
136, 1, 705, 436, 375, 454, 1, 7, 1
137, 1, 707, 436, 373, 451, 1, 7, 1
138, 1, 704, 436, 376, 446, 1, 7, 1
139, 1, 707, 436, 373, 443, 1, 7, 1
140, 1, 707, 436, 374, 438, 1, 7, 1
141, 1, 704, 436, 376, 436, 1, 7, 1
142, 1, 703, 436, 377, 435, 1, 7, 1
143, 1, 706, 436, 374, 431, 1, 7, 1
144, 1, 701, 436, 379, 430, 1, 7, 1
145, 1, 697, 436, 384, 427, 1, 7, 1
146, 1, 697, 436, 384, 426, 1, 7, 1
147, 1, 695, 436, 385, 423, 1, 7, 1
148, 1, 694, 436, 387, 418, 1, 7, 1
149, 1, 691, 436, 389, 414, 1, 7, 1
150, 1, 688, 436, 387, 405, 1, 7, 1
151, 1, 689, 436, 386, 405, 1, 7, 1
152, 1, 684, 436, 395, 403, 1, 7, 1
153, 1, 679, 437, 402, 395, 1, 7, 1
154, 1, 677, 436, 403, 396, 1, 7, 1
155, 1, 673, 437, 405, 394, 1, 7, 1
156, 1, 671, 437, 408, 392, 1, 7, 1
157, 1, 669, 437, 410, 393, 1, 7, 1
158, 1, 667, 438, 413, 386, 1, 7, 1
159, 1, 662, 438, 419, 385, 1, 7, 1
160, 1, 656, 438, 423, 378, 1, 7, 1
161, 1, 656, 438, 425, 378, 1, 7, 1
162, 1, 648, 439, 433, 367, 1, 7, 1
163, 1, 647, 439, 434, 367, 1, 7, 1
164, 1, 643, 440, 437, 364, 1, 7, 1
165, 1, 641, 438, 439, 363, 1, 7, 1
166, 1, 638, 439, 441, 359, 1, 7, 1
167, 1, 635, 441, 444, 353, 1, 7, 1
168, 1, 633, 440, 446, 353, 1, 7, 1
169, 1, 632, 440, 448, 354, 1, 7, 1
170, 1, 632, 439, 447, 356, 1, 7, 1
171, 1, 632, 440, 448, 352, 1, 7, 1
172, 1, 628, 441, 451, 353, 1, 7, 1
173, 1, 624, 440, 452, 355, 1, 7, 1
174, 1, 624, 440, 456, 353, 1, 7, 1
175, 1, 624, 440, 457, 353, 1, 7, 1
176, 1, 620, 441, 461, 349, 1, 7, 1
177, 1, 619, 440, 463, 349, 1, 7, 1
178, 1, 617, 441, 466, 345, 1, 7, 1
179, 1, 615, 440, 471, 345, 1, 7, 1
180, 1, 613, 440, 472, 339, 1, 7, 1
181, 1, 611, 439, 475, 337, 1, 7, 1
182, 1, 608, 439, 480, 335, 1, 7, 1
183, 1, 608, 439, 480, 335, 1, 7, 1
184, 1, 609, 437, 478, 334, 1, 7, 1
185, 1, 602, 436, 485, 328, 1, 7, 1
186, 1, 598, 436, 491, 319, 1, 7, 1
187, 1, 595, 436, 494, 320, 1, 7, 1
188, 1, 591, 435, 500, 323, 1, 7, 1
189, 1, 591, 434, 499, 322, 1, 7, 1
190, 1, 590, 434, 503, 321, 1, 7, 1
191, 1, 591, 432, 501, 316, 1, 7, 1
192, 1, 582, 431, 511, 318, 1, 7, 1
193, 1, 581, 429, 512, 319, 1, 7, 1
194, 1, 576, 428, 518, 319, 1, 7, 1
195, 1, 576, 428, 518, 319, 1, 7, 1
196, 1, 567, 427, 529, 320, 1, 7, 1
197, 1, 562, 426, 535, 322, 1, 7, 1
198, 1, 562, 424, 535, 324, 1, 7, 1
199, 1, 561, 423, 537, 325, 1, 7, 1
200, 1, 554, 421, 542, 327, 1, 7, 1
201, 1, 553, 421, 543, 327, 1, 7, 1
202, 1, 551, 418, 546, 331, 1, 7, 1
203, 1, 545, 411, 553, 338, 1, 7, 1
204, 1, 538, 408, 559, 343, 1, 7, 1
205, 1, 535, 406, 563, 343, 1, 7, 1
206, 1, 533, 403, 564, 347, 1, 7, 1
207, 1, 533, 403, 565, 346, 1, 7, 1
208, 1, 528, 401, 568, 348, 1, 7, 1
209, 1, 526, 400, 568, 350, 1, 7, 1
210, 1, 519, 397, 575, 355, 1, 7, 1
211, 1, 518, 396, 575, 356, 1, 7, 1
212, 1, 516, 394, 575, 359, 1, 7, 1
213, 1, 515, 394, 576, 358, 1, 7, 1
214, 1, 514, 391, 576, 363, 1, 7, 1
215, 1, 512, 388, 576, 363, 1, 7, 1
216, 1, 510, 385, 577, 367, 1, 7, 1
217, 1, 507, 383, 580, 369, 1, 7, 1
218, 1, 502, 378, 583, 375, 1, 7, 1
219, 1, 502, 378, 583, 374, 1, 7, 1
220, 1, 501, 375, 585, 380, 1, 7, 1
221, 1, 497, 370, 588, 383, 1, 7, 1
222, 1, 496, 370, 588, 383, 1, 7, 1
223, 1, 496, 369, 586, 385, 1, 7, 1
224, 1, 496, 369, 587, 386, 1, 7, 1
225, 1, 494, 369, 588, 386, 1, 7, 1
226, 1, 492, 366, 589, 389, 1, 7, 1
227, 1, 490, 360, 591, 394, 1, 7, 1
228, 1, 490, 357, 588, 397, 1, 7, 1
229, 1, 489, 348, 590, 409, 1, 7, 1
230, 1, 487, 343, 591, 414, 1, 7, 1
231, 1, 488, 343, 590, 414, 1, 7, 1
232, 1, 487, 341, 590, 416, 1, 7, 1
233, 1, 487, 342, 589, 415, 1, 7, 1
234, 1, 486, 335, 589, 421, 1, 7, 1
235, 1, 484, 329, 590, 427, 1, 7, 1
236, 1, 484, 329, 591, 427, 1, 7, 1
237, 1, 484, 326, 590, 431, 1, 7, 1
238, 1, 484, 326, 588, 432, 1, 7, 1
239, 1, 484, 324, 589, 433, 1, 7, 1
240, 1, 484, 318, 588, 438, 1, 7, 1
241, 1, 485, 314, 586, 442, 1, 7, 1
242, 1, 486, 313, 585, 440, 1, 7, 1
243, 1, 485, 313, 587, 440, 1, 7, 1
244, 1, 484, 308, 588, 448, 1, 7, 1
245, 1, 488, 309, 584, 446, 1, 7, 1
246, 1, 487, 304, 583, 451, 1, 7, 1
247, 1, 487, 304, 584, 452, 1, 7, 1
248, 1, 488, 296, 584, 456, 1, 7, 1
249, 1, 488, 296, 584, 456, 1, 7, 1
250, 1, 490, 293, 580, 458, 1, 7, 1
251, 1, 489, 291, 580, 459, 1, 7, 1
252, 1, 488, 288, 581, 462, 1, 7, 1
253, 1, 490, 289, 579, 462, 1, 7, 1
254, 1, 490, 290, 580, 460, 1, 7, 1
255, 1, 491, 288, 578, 464, 1, 7, 1
256, 1, 492, 288, 578, 467, 1, 7, 1
257, 1, 493, 286, 576, 467, 1, 7, 1
258, 1, 495, 285, 573, 471, 1, 7, 1
259, 1, 496, 287, 572, 469, 1, 7, 1
260, 1, 496, 288, 572, 469, 1, 7, 1
261, 1, 496, 288, 573, 468, 1, 7, 1
262, 1, 498, 290, 571, 467, 1, 7, 1
263, 1, 499, 289, 570, 468, 1, 7, 1
264, 1, 500, 292, 568, 464, 1, 7, 1
265, 1, 500, 292, 568, 465, 1, 7, 1
266, 1, 502, 293, 566, 465, 1, 7, 1
267, 1, 503, 292, 565, 465, 1, 7, 1
268, 1, 503, 293, 564, 463, 1, 7, 1
269, 1, 504, 294, 563, 460, 1, 7, 1
270, 1, 503, 292, 563, 464, 1, 7, 1
271, 1, 503, 293, 563, 463, 1, 7, 1
272, 1, 504, 293, 562, 464, 1, 7, 1
273, 1, 505, 293, 560, 462, 1, 7, 1
274, 1, 506, 294, 559, 461, 1, 7, 1
275, 1, 506, 294, 559, 463, 1, 7, 1
276, 1, 506, 294, 559, 462, 1, 7, 1
277, 1, 506, 294, 560, 463, 1, 7, 1
278, 1, 506, 293, 559, 464, 1, 7, 1
279, 1, 506, 293, 560, 464, 1, 7, 1
280, 1, 506, 293, 558, 461, 1, 7, 1
281, 1, 507, 293, 558, 462, 1, 7, 1
282, 1, 506, 293, 559, 461, 1, 7, 1
283, 1, 506, 294, 559, 459, 1, 7, 1
284, 1, 507, 293, 558, 462, 1, 7, 1
285, 1, 508, 294, 557, 460, 1, 7, 1
286, 1, 507, 294, 559, 462, 1, 7, 1
287, 1, 507, 294, 558, 462, 1, 7, 1
288, 1, 506, 293, 559, 463, 1, 7, 1
289, 1, 506, 293, 559, 464, 1, 7, 1
290, 1, 506, 300, 559, 456, 1, 7, 1
291, 1, 506, 299, 559, 457, 1, 7, 1
292, 1, 506, 303, 560, 453, 1, 7, 1
293, 1, 508, 304, 557, 453, 1, 7, 1
294, 1, 506, 305, 559, 450, 1, 7, 1
295, 1, 506, 305, 560, 451, 1, 7, 1
296, 1, 505, 306, 560, 450, 1, 7, 1
297, 1, 505, 306, 560, 451, 1, 7, 1
298, 1, 506, 306, 558, 450, 1, 7, 1
299, 1, 504, 305, 562, 452, 1, 7, 1
300, 1, 505, 303, 560, 453, 1, 7, 1
301, 1, 505, 303, 560, 453, 1, 7, 1
302, 1, 504, 304, 561, 453, 1, 7, 1
303, 1, 503, 303, 562, 454, 1, 7, 1
304, 1, 504, 304, 561, 454, 1, 7, 1
305, 1, 503, 300, 561, 460, 1, 7, 1
306, 1, 502, 300, 563, 458, 1, 7, 1
307, 1, 502, 300, 563, 458, 1, 7, 1
308, 1, 502, 301, 563, 457, 1, 7, 1
309, 1, 502, 302, 561, 455, 1, 7, 1
310, 1, 500, 301, 563, 457, 1, 7, 1
311, 1, 498, 303, 566, 455, 1, 7, 1
312, 1, 498, 302, 565, 456, 1, 7, 1
313, 1, 498, 302, 566, 456, 1, 7, 1
314, 1, 498, 304, 567, 455, 1, 7, 1
315, 1, 498, 304, 567, 455, 1, 7, 1
316, 1, 496, 307, 569, 451, 1, 7, 1
317, 1, 496, 308, 570, 450, 1, 7, 1
318, 1, 494, 307, 573, 450, 1, 7, 1
319, 1, 495, 311, 571, 445, 1, 7, 1
320, 1, 494, 312, 571, 443, 1, 7, 1
321, 1, 492, 307, 575, 449, 1, 7, 1
322, 1, 491, 307, 575, 449, 1, 7, 1
323, 1, 489, 310, 579, 446, 1, 7, 1
324, 1, 486, 309, 581, 445, 1, 7, 1
325, 1, 487, 309, 580, 444, 1, 7, 1
326, 1, 484, 314, 583, 440, 1, 7, 1
327, 1, 481, 316, 586, 439, 1, 7, 1
328, 1, 481, 316, 586, 438, 1, 7, 1
329, 1, 482, 317, 585, 437, 1, 7, 1
330, 1, 483, 319, 584, 437, 1, 7, 1
331, 1, 483, 319, 585, 436, 1, 7, 1
332, 1, 484, 318, 583, 437, 1, 7, 1
333, 1, 483, 318, 584, 436, 1, 7, 1
334, 1, 483, 317, 585, 436, 1, 7, 1
335, 1, 483, 318, 585, 436, 1, 7, 1
336, 1, 484, 319, 585, 434, 1, 7, 1
337, 1, 484, 319, 584, 434, 1, 7, 1
338, 1, 483, 318, 586, 435, 1, 7, 1
339, 1, 482, 318, 586, 436, 1, 7, 1
340, 1, 483, 318, 584, 437, 1, 7, 1
341, 1, 483, 318, 586, 436, 1, 7, 1
342, 1, 483, 318, 584, 437, 1, 7, 1
343, 1, 483, 318, 584, 437, 1, 7, 1
344, 1, 484, 319, 583, 437, 1, 7, 1
345, 1, 484, 318, 583, 437, 1, 7, 1
346, 1, 487, 319, 580, 435, 1, 7, 1
347, 1, 488, 320, 578, 436, 1, 7, 1
348, 1, 490, 320, 577, 436, 1, 7, 1
349, 1, 490, 320, 577, 437, 1, 7, 1
350, 1, 490, 320, 576, 437, 1, 7, 1
351, 1, 490, 320, 577, 436, 1, 7, 1
352, 1, 491, 320, 576, 435, 1, 7, 1
353, 1, 492, 319, 574, 436, 1, 7, 1
354, 1, 494, 319, 571, 436, 1, 7, 1
355, 1, 493, 319, 573, 436, 1, 7, 1
356, 1, 494, 319, 572, 435, 1, 7, 1
357, 1, 494, 318, 572, 435, 1, 7, 1
358, 1, 496, 318, 570, 437, 1, 7, 1
359, 1, 494, 317, 572, 437, 1, 7, 1
360, 1, 494, 317, 572, 436, 1, 7, 1
361, 1, 495, 318, 571, 436, 1, 7, 1
362, 1, 496, 319, 571, 435, 1, 7, 1
363, 1, 497, 318, 570, 437, 1, 7, 1
364, 1, 497, 318, 569, 437, 1, 7, 1
365, 1, 495, 315, 572, 442, 1, 7, 1
366, 1, 495, 315, 573, 442, 1, 7, 1
367, 1, 496, 315, 570, 441, 1, 7, 1
368, 1, 496, 312, 570, 444, 1, 7, 1
369, 1, 496, 311, 570, 444, 1, 7, 1
370, 1, 496, 311, 570, 443, 1, 7, 1
371, 1, 496, 311, 570, 444, 1, 7, 1
372, 1, 496, 311, 571, 444, 1, 7, 1
373, 1, 495, 312, 571, 442, 1, 7, 1
374, 1, 496, 310, 570, 445, 1, 7, 1
375, 1, 495, 310, 571, 445, 1, 7, 1
376, 1, 496, 309, 570, 446, 1, 7, 1
377, 1, 495, 310, 571, 446, 1, 7, 1
378, 1, 497, 311, 570, 446, 1, 7, 1
379, 1, 496, 310, 571, 447, 1, 7, 1
380, 1, 496, 309, 569, 449, 1, 7, 1
381, 1, 495, 309, 571, 450, 1, 7, 1
382, 1, 496, 311, 571, 446, 1, 7, 1
383, 1, 496, 312, 569, 446, 1, 7, 1
384, 1, 495, 309, 572, 447, 1, 7, 1
385, 1, 492, 308, 574, 448, 1, 7, 1
386, 1, 493, 307, 572, 449, 1, 7, 1
387, 1, 489, 306, 574, 451, 1, 7, 1
388, 1, 489, 308, 575, 449, 1, 7, 1
389, 1, 490, 307, 574, 450, 1, 7, 1
390, 1, 487, 313, 577, 444, 1, 7, 1
391, 1, 484, 311, 579, 446, 1, 7, 1
392, 1, 485, 314, 576, 443, 1, 7, 1
393, 1, 484, 319, 578, 438, 1, 7, 1
394, 1, 482, 324, 579, 430, 1, 7, 1
395, 1, 482, 324, 578, 430, 1, 7, 1
396, 1, 480, 322, 578, 435, 1, 7, 1
397, 1, 478, 320, 579, 439, 1, 7, 1
398, 1, 474, 318, 582, 441, 1, 7, 1
399, 1, 475, 322, 579, 436, 1, 7, 1
400, 1, 472, 322, 581, 438, 1, 7, 1
401, 1, 472, 319, 580, 440, 1, 7, 1
402, 1, 471, 317, 578, 443, 1, 7, 1
403, 1, 469, 317, 577, 443, 1, 7, 1
404, 1, 467, 321, 577, 441, 1, 7, 1
405, 1, 465, 319, 578, 446, 1, 7, 1
406, 1, 464, 325, 576, 442, 1, 7, 1
407, 1, 463, 325, 577, 441, 1, 7, 1
408, 1, 464, 325, 574, 440, 1, 7, 1
409, 1, 463, 326, 573, 440, 1, 7, 1
410, 1, 458, 326, 577, 440, 1, 7, 1
411, 1, 455, 326, 578, 440, 1, 7, 1
412, 1, 452, 328, 581, 439, 1, 7, 1
413, 1, 452, 328, 580, 438, 1, 7, 1
414, 1, 449, 328, 581, 439, 1, 7, 1
415, 1, 447, 326, 580, 441, 1, 7, 1
416, 1, 445, 325, 581, 444, 1, 7, 1
417, 1, 441, 324, 583, 444, 1, 7, 1
418, 1, 439, 324, 583, 443, 1, 7, 1
419, 1, 439, 324, 583, 443, 1, 7, 1
420, 1, 438, 325, 581, 445, 1, 7, 1
421, 1, 436, 326, 582, 444, 1, 7, 1
422, 1, 437, 326, 581, 444, 1, 7, 1
423, 1, 434, 326, 579, 445, 1, 7, 1
424, 1, 429, 328, 584, 444, 1, 7, 1
425, 1, 429, 328, 583, 445, 1, 7, 1
426, 1, 429, 329, 582, 444, 1, 7, 1
427, 1, 426, 330, 582, 443, 1, 7, 1
428, 1, 426, 330, 582, 443, 1, 7, 1
429, 1, 425, 331, 579, 447, 1, 7, 1
430, 1, 421, 331, 580, 446, 1, 7, 1
431, 1, 422, 331, 580, 446, 1, 7, 1
432, 1, 421, 330, 579, 446, 1, 7, 1
433, 1, 419, 328, 579, 450, 1, 7, 1
434, 1, 415, 329, 580, 453, 1, 7, 1
435, 1, 416, 332, 577, 450, 1, 7, 1
436, 1, 416, 333, 577, 448, 1, 7, 1
437, 1, 416, 334, 577, 447, 1, 7, 1
438, 1, 417, 337, 573, 442, 1, 7, 1
439, 1, 410, 334, 578, 446, 1, 7, 1
440, 1, 410, 335, 578, 447, 1, 7, 1
441, 1, 410, 335, 577, 451, 1, 7, 1
442, 1, 410, 335, 576, 451, 1, 7, 1
443, 1, 408, 335, 576, 450, 1, 7, 1
444, 1, 403, 335, 581, 452, 1, 7, 1
445, 1, 403, 334, 578, 452, 1, 7, 1
446, 1, 401, 335, 579, 451, 1, 7, 1
447, 1, 400, 336, 579, 452, 1, 7, 1
448, 1, 400, 336, 577, 453, 1, 7, 1
449, 1, 399, 335, 578, 453, 1, 7, 1
450, 1, 396, 334, 578, 454, 1, 7, 1
451, 1, 396, 334, 577, 455, 1, 7, 1
452, 1, 394, 335, 578, 454, 1, 7, 1
453, 1, 392, 333, 578, 456, 1, 7, 1
454, 1, 392, 333, 578, 455, 1, 7, 1
455, 1, 394, 334, 575, 455, 1, 7, 1
456, 1, 393, 334, 576, 456, 1, 7, 1
457, 1, 391, 332, 578, 458, 1, 7, 1
458, 1, 393, 330, 575, 459, 1, 7, 1
459, 1, 392, 328, 574, 462, 1, 7, 1
460, 1, 392, 328, 574, 462, 1, 7, 1
461, 1, 393, 329, 574, 463, 1, 7, 1
462, 1, 391, 328, 575, 465, 1, 7, 1
463, 1, 394, 327, 571, 467, 1, 7, 1
464, 1, 392, 326, 571, 464, 1, 7, 1
465, 1, 396, 328, 567, 462, 1, 7, 1
466, 1, 396, 328, 567, 462, 1, 7, 1
467, 1, 399, 326, 565, 465, 1, 7, 1
468, 1, 397, 323, 566, 469, 1, 7, 1
469, 1, 400, 328, 563, 463, 1, 7, 1
470, 1, 404, 325, 560, 467, 1, 7, 1
471, 1, 408, 325, 556, 467, 1, 7, 1
472, 1, 408, 324, 555, 468, 1, 7, 1
473, 1, 410, 321, 553, 472, 1, 7, 1
474, 1, 410, 318, 552, 475, 1, 7, 1
475, 1, 411, 316, 552, 478, 1, 7, 1
476, 1, 411, 317, 551, 476, 1, 7, 1
477, 1, 412, 317, 551, 476, 1, 7, 1
478, 1, 412, 317, 550, 477, 1, 7, 1
479, 1, 411, 316, 550, 479, 1, 7, 1
480, 1, 412, 316, 548, 477, 1, 7, 1
481, 1, 412, 314, 550, 480, 1, 7, 1
482, 1, 412, 315, 550, 478, 1, 7, 1
483, 1, 416, 312, 545, 482, 1, 7, 1
484, 1, 416, 312, 544, 481, 1, 7, 1
485, 1, 415, 306, 547, 486, 1, 7, 1
486, 1, 414, 305, 548, 487, 1, 7, 1
487, 1, 412, 299, 550, 496, 1, 7, 1
488, 1, 412, 294, 549, 502, 1, 7, 1
489, 1, 413, 293, 549, 501, 1, 7, 1
490, 1, 413, 293, 548, 501, 1, 7, 1
491, 1, 424, 291, 536, 504, 1, 7, 1
492, 1, 430, 293, 529, 501, 1, 7, 1
493, 1, 435, 293, 525, 500, 1, 7, 1
494, 1, 440, 290, 521, 503, 1, 7, 1
495, 1, 440, 290, 520, 504, 1, 7, 1
496, 1, 446, 289, 513, 506, 1, 7, 1
497, 1, 450, 286, 509, 509, 1, 7, 1
498, 1, 453, 272, 506, 522, 1, 7, 1
499, 1, 454, 270, 505, 523, 1, 7, 1
500, 1, 462, 273, 497, 521, 1, 7, 1
501, 1, 460, 272, 499, 521, 1, 7, 1
502, 1, 466, 268, 492, 525, 1, 7, 1
503, 1, 468, 262, 490, 529, 1, 7, 1
504, 1, 472, 258, 485, 535, 1, 7, 1
505, 1, 480, 257, 477, 533, 1, 7, 1
506, 1, 484, 263, 472, 526, 1, 7, 1
507, 1, 484, 263, 473, 527, 1, 7, 1
508, 1, 488, 255, 469, 536, 1, 7, 1
509, 1, 489, 254, 467, 536, 1, 7, 1
510, 1, 497, 259, 458, 531, 1, 7, 1
511, 1, 500, 250, 454, 540, 1, 7, 1
512, 1, 504, 245, 451, 546, 1, 7, 1
513, 1, 504, 245, 451, 545, 1, 7, 1
514, 1, 507, 247, 447, 544, 1, 7, 1
515, 1, 511, 246, 443, 544, 1, 7, 1
516, 1, 514, 240, 441, 552, 1, 7, 1
517, 1, 519, 238, 435, 554, 1, 7, 1
518, 1, 525, 235, 428, 557, 1, 7, 1
519, 1, 525, 234, 427, 558, 1, 7, 1
520, 1, 529, 226, 424, 567, 1, 7, 1
521, 1, 535, 235, 416, 558, 1, 7, 1
522, 1, 543, 221, 407, 569, 1, 7, 1
523, 1, 543, 223, 408, 569, 1, 7, 1
524, 1, 551, 210, 399, 584, 1, 7, 1
525, 1, 551, 210, 399, 584, 1, 7, 1
526, 1, 556, 212, 393, 583, 1, 7, 1
527, 1, 565, 209, 381, 586, 1, 7, 1
528, 1, 571, 201, 375, 592, 1, 7, 1
529, 1, 575, 197, 374, 596, 1, 7, 1
530, 1, 581, 196, 367, 598, 1, 7, 1
531, 1, 582, 196, 365, 597, 1, 7, 1
532, 1, 590, 189, 356, 604, 1, 7, 1
533, 1, 598, 190, 349, 600, 1, 7, 1
534, 1, 604, 182, 346, 609, 1, 7, 1
535, 1, 610, 182, 340, 611, 1, 7, 1
536, 1, 610, 182, 339, 611, 1, 7, 1
537, 1, 606, 178, 342, 615, 1, 7, 1
538, 1, 607, 177, 342, 616, 1, 7, 1
539, 1, 605, 168, 346, 626, 1, 7, 1
540, 1, 604, 173, 345, 622, 1, 7, 1
541, 1, 607, 172, 343, 622, 1, 7, 1
542, 1, 607, 173, 343, 621, 1, 7, 1
543, 1, 607, 172, 344, 625, 1, 7, 1
544, 1, 603, 176, 346, 621, 1, 7, 1
545, 1, 606, 172, 343, 625, 1, 7, 1
546, 1, 605, 178, 345, 618, 1, 7, 1
547, 1, 607, 176, 342, 619, 1, 7, 1
548, 1, 605, 176, 343, 619, 1, 7, 1
549, 1, 603, 183, 345, 611, 1, 7, 1
550, 1, 601, 190, 346, 604, 1, 7, 1
551, 1, 598, 262, 350, 529, 1, 7, 1
552, 1, 599, 262, 349, 530, 1, 7, 1
553, 1, 599, 236, 349, 556, 1, 7, 1
554, 1, 599, 234, 348, 558, 1, 7, 1
555, 1, 598, 168, 349, 624, 1, 7, 1
556, 1, 600, 168, 347, 626, 1, 7, 1
557, 1, 601, 159, 345, 636, 1, 7, 1
558, 1, 599, 160, 347, 634, 1, 7, 1
559, 1, 602, 163, 344, 630, 1, 7, 1
560, 1, 601, 163, 346, 629, 1, 7, 1
561, 1, 604, 164, 344, 629, 1, 7, 1
562, 1, 606, 170, 341, 623, 1, 7, 1
563, 1, 612, 169, 336, 625, 1, 7, 1
564, 1, 608, 165, 339, 627, 1, 7, 1
565, 1, 601, 163, 346, 629, 1, 7, 1
566, 1, 601, 163, 345, 629, 1, 7, 1
567, 1, 601, 163, 346, 629, 1, 7, 1
568, 1, 603, 168, 343, 624, 1, 7, 1
569, 1, 603, 164, 344, 630, 1, 7, 1
570, 1, 604, 166, 342, 627, 1, 7, 1
571, 1, 602, 170, 344, 624, 1, 7, 1
572, 1, 601, 170, 344, 624, 1, 7, 1
573, 1, 602, 174, 343, 619, 1, 7, 1
574, 1, 601, 179, 343, 617, 1, 7, 1
575, 1, 599, 181, 346, 614, 1, 7, 1
576, 1, 597, 184, 348, 612, 1, 7, 1
577, 1, 595, 187, 352, 610, 1, 7, 1
578, 1, 594, 187, 352, 609, 1, 7, 1
579, 1, 591, 191, 356, 605, 1, 7, 1
580, 1, 589, 189, 361, 606, 1, 7, 1
581, 1, 586, 193, 372, 604, 1, 7, 1
582, 1, 584, 199, 383, 595, 1, 7, 1
583, 1, 583, 206, 393, 590, 1, 7, 1
584, 1, 583, 206, 394, 590, 1, 7, 1
585, 1, 581, 211, 401, 586, 1, 7, 1
586, 1, 579, 214, 410, 581, 1, 7, 1
587, 1, 580, 219, 416, 574, 1, 7, 1
588, 1, 578, 224, 428, 570, 1, 7, 1
589, 1, 578, 228, 436, 567, 1, 7, 1
590, 1, 577, 228, 438, 566, 1, 7, 1
591, 1, 576, 232, 443, 563, 1, 7, 1
592, 1, 574, 239, 453, 556, 1, 7, 1
593, 1, 574, 243, 459, 550, 1, 7, 1
594, 1, 575, 247, 462, 546, 1, 7, 1
595, 1, 573, 248, 468, 546, 1, 7, 1
596, 1, 573, 248, 467, 546, 1, 7, 1
597, 1, 572, 250, 474, 546, 1, 7, 1
598, 1, 571, 255, 479, 539, 1, 7, 1
599, 1, 571, 256, 479, 537, 1, 7, 1
600, 1, 571, 258, 484, 536, 1, 7, 1
601, 1, 569, 261, 495, 533, 1, 7, 1
602, 1, 569, 261, 495, 533, 1, 7, 1
603, 1, 569, 261, 498, 533, 1, 7, 1
604, 1, 568, 267, 501, 528, 1, 7, 1
605, 1, 568, 267, 504, 528, 1, 7, 1
606, 1, 569, 267, 504, 528, 1, 7, 1
607, 1, 569, 266, 503, 528, 1, 7, 1
608, 1, 568, 266, 505, 529, 1, 7, 1
609, 1, 569, 264, 506, 530, 1, 7, 1
610, 1, 567, 264, 510, 530, 1, 7, 1
611, 1, 568, 263, 508, 532, 1, 7, 1
612, 1, 569, 263, 507, 532, 1, 7, 1
613, 1, 568, 263, 512, 531, 1, 7, 1
614, 1, 567, 263, 513, 531, 1, 7, 1
615, 1, 566, 263, 507, 531, 1, 7, 1
616, 1, 567, 265, 516, 528, 1, 7, 1
617, 1, 567, 268, 509, 526, 1, 7, 1
618, 1, 566, 269, 512, 524, 1, 7, 1
619, 1, 567, 269, 508, 526, 1, 7, 1
620, 1, 566, 269, 508, 525, 1, 7, 1
621, 1, 566, 270, 527, 523, 1, 7, 1
622, 1, 567, 270, 532, 523, 1, 7, 1
623, 1, 566, 270, 535, 523, 1, 7, 1
624, 1, 566, 269, 536, 524, 1, 7, 1
625, 1, 567, 269, 535, 525, 1, 7, 1
626, 1, 566, 272, 534, 522, 1, 7, 1
627, 1, 566, 269, 534, 524, 1, 7, 1
628, 1, 566, 269, 535, 524, 1, 7, 1
629, 1, 567, 269, 533, 525, 1, 7, 1
630, 1, 568, 270, 535, 524, 1, 7, 1
631, 1, 567, 269, 542, 524, 1, 7, 1
632, 1, 568, 269, 544, 525, 1, 7, 1
633, 1, 567, 269, 543, 525, 1, 7, 1
634, 1, 567, 269, 544, 526, 1, 7, 1
635, 1, 567, 269, 549, 525, 1, 7, 1
636, 1, 566, 269, 552, 525, 1, 7, 1
637, 1, 567, 268, 555, 525, 1, 7, 1
638, 1, 567, 268, 558, 526, 1, 7, 1
639, 1, 567, 268, 557, 527, 1, 7, 1
640, 1, 566, 268, 558, 526, 1, 7, 1
641, 1, 565, 267, 560, 528, 1, 7, 1
642, 1, 565, 267, 562, 528, 1, 7, 1
643, 1, 566, 267, 561, 528, 1, 7, 1
644, 1, 566, 267, 560, 527, 1, 7, 1
645, 1, 566, 265, 566, 529, 1, 7, 1
646, 1, 566, 265, 566, 528, 1, 7, 1
647, 1, 565, 263, 567, 530, 1, 7, 1
648, 1, 565, 263, 571, 530, 1, 7, 1
649, 1, 566, 263, 570, 530, 1, 7, 1
650, 1, 566, 262, 573, 531, 1, 7, 1
651, 1, 565, 261, 577, 532, 1, 7, 1
652, 1, 566, 261, 578, 533, 1, 7, 1
653, 1, 565, 258, 580, 535, 1, 7, 1
654, 1, 566, 257, 581, 536, 1, 7, 1
655, 1, 566, 257, 582, 537, 1, 7, 1
656, 1, 565, 256, 585, 537, 1, 7, 1
657, 1, 565, 254, 583, 539, 1, 7, 1
658, 1, 566, 253, 584, 540, 1, 7, 1
659, 1, 566, 253, 587, 541, 1, 7, 1
660, 1, 566, 253, 592, 540, 1, 7, 1
661, 1, 566, 255, 591, 538, 1, 7, 1
662, 1, 566, 255, 593, 538, 1, 7, 1
663, 1, 565, 255, 595, 538, 1, 7, 1
664, 1, 565, 255, 596, 538, 1, 7, 1
665, 1, 566, 256, 589, 538, 1, 7, 1
666, 1, 566, 256, 584, 537, 1, 7, 1
667, 1, 566, 259, 593, 535, 1, 7, 1
668, 1, 566, 259, 591, 534, 1, 7, 1
669, 1, 565, 260, 591, 534, 1, 7, 1
670, 1, 565, 260, 592, 533, 1, 7, 1
671, 1, 564, 263, 594, 531, 1, 7, 1
672, 1, 565, 263, 593, 530, 1, 7, 1
673, 1, 565, 265, 592, 529, 1, 7, 1
674, 1, 566, 265, 591, 529, 1, 7, 1
675, 1, 566, 266, 588, 528, 1, 7, 1
676, 1, 567, 266, 586, 527, 1, 7, 1
677, 1, 566, 266, 586, 528, 1, 7, 1
678, 1, 566, 267, 585, 526, 1, 7, 1
679, 1, 567, 265, 583, 528, 1, 7, 1
680, 1, 566, 265, 585, 528, 1, 7, 1
681, 1, 567, 267, 582, 527, 1, 7, 1
682, 1, 567, 265, 581, 528, 1, 7, 1
683, 1, 568, 266, 581, 527, 1, 7, 1
684, 1, 567, 266, 582, 526, 1, 7, 1
685, 1, 567, 266, 580, 526, 1, 7, 1
686, 1, 566, 266, 581, 527, 1, 7, 1
687, 1, 567, 266, 578, 526, 1, 7, 1
688, 1, 567, 266, 577, 527, 1, 7, 1
689, 1, 567, 266, 580, 526, 1, 7, 1
690, 1, 567, 266, 579, 527, 1, 7, 1
691, 1, 567, 264, 577, 529, 1, 7, 1
692, 1, 567, 264, 578, 528, 1, 7, 1
693, 1, 567, 264, 574, 530, 1, 7, 1
694, 1, 567, 266, 575, 526, 1, 7, 1
695, 1, 567, 266, 574, 526, 1, 7, 1
696, 1, 567, 265, 573, 528, 1, 7, 1
697, 1, 566, 265, 574, 528, 1, 7, 1
698, 1, 566, 265, 573, 528, 1, 7, 1
699, 1, 567, 265, 573, 527, 1, 7, 1
700, 1, 566, 265, 571, 529, 1, 7, 1
701, 1, 567, 264, 566, 528, 1, 7, 1
702, 1, 567, 264, 566, 528, 1, 7, 1
703, 1, 567, 264, 563, 529, 1, 7, 1
704, 1, 567, 264, 563, 529, 1, 7, 1
705, 1, 566, 266, 564, 526, 1, 7, 1
706, 1, 568, 266, 557, 526, 1, 7, 1
707, 1, 568, 266, 558, 528, 1, 7, 1
708, 1, 568, 266, 558, 527, 1, 7, 1
709, 1, 568, 267, 556, 525, 1, 7, 1
710, 1, 568, 267, 556, 525, 1, 7, 1
711, 1, 568, 268, 556, 524, 1, 7, 1
712, 1, 567, 269, 560, 523, 1, 7, 1
713, 1, 567, 269, 558, 524, 1, 7, 1
714, 1, 567, 270, 558, 523, 1, 7, 1
715, 1, 569, 270, 553, 524, 1, 7, 1
716, 1, 569, 270, 553, 523, 1, 7, 1
717, 1, 567, 272, 556, 520, 1, 7, 1
718, 1, 569, 272, 551, 521, 1, 7, 1
719, 1, 568, 273, 552, 520, 1, 7, 1
720, 1, 569, 274, 551, 519, 1, 7, 1
721, 1, 568, 275, 553, 518, 1, 7, 1
722, 1, 570, 275, 550, 518, 1, 7, 1
723, 1, 569, 276, 554, 517, 1, 7, 1
724, 1, 569, 276, 550, 516, 1, 7, 1
725, 1, 569, 277, 551, 514, 1, 7, 1
726, 1, 569, 279, 552, 512, 1, 7, 1
727, 1, 568, 278, 553, 513, 1, 7, 1
728, 1, 569, 278, 553, 513, 1, 7, 1
729, 1, 567, 277, 555, 515, 1, 7, 1
730, 1, 568, 278, 559, 513, 1, 7, 1
731, 1, 566, 278, 562, 514, 1, 7, 1
732, 1, 568, 278, 561, 513, 1, 7, 1
733, 1, 566, 278, 565, 514, 1, 7, 1
734, 1, 566, 278, 565, 514, 1, 7, 1
735, 1, 566, 279, 565, 513, 1, 7, 1
736, 1, 566, 279, 568, 514, 1, 7, 1
737, 1, 565, 278, 571, 514, 1, 7, 1
738, 1, 564, 279, 575, 514, 1, 7, 1
739, 1, 565, 279, 575, 514, 1, 7, 1
740, 1, 564, 279, 575, 515, 1, 7, 1
741, 1, 566, 279, 577, 514, 1, 7, 1
742, 1, 566, 279, 578, 514, 1, 7, 1
743, 1, 565, 280, 585, 513, 1, 7, 1
744, 1, 565, 281, 585, 512, 1, 7, 1
745, 1, 566, 283, 595, 510, 1, 7, 1
746, 1, 565, 283, 596, 510, 1, 7, 1
747, 1, 565, 282, 599, 513, 1, 7, 1
748, 1, 564, 282, 606, 511, 1, 7, 1
749, 1, 565, 284, 605, 509, 1, 7, 1
750, 1, 565, 282, 610, 511, 1, 7, 1
751, 1, 565, 283, 614, 510, 1, 7, 1
752, 1, 566, 283, 613, 511, 1, 7, 1
753, 1, 566, 284, 613, 509, 1, 7, 1
754, 1, 565, 286, 622, 507, 1, 7, 1
755, 1, 565, 286, 624, 508, 1, 7, 1
756, 1, 566, 285, 627, 509, 1, 7, 1
757, 1, 565, 286, 633, 506, 1, 7, 1
758, 1, 566, 286, 633, 507, 1, 7, 1
759, 1, 566, 287, 639, 507, 1, 7, 1
760, 1, 566, 287, 643, 507, 1, 7, 1
761, 1, 565, 290, 652, 504, 1, 7, 1
762, 1, 566, 289, 650, 505, 1, 7, 1
763, 1, 567, 290, 647, 504, 1, 7, 1
764, 1, 565, 290, 650, 504, 1, 7, 1
765, 1, 565, 289, 655, 504, 1, 7, 1
766, 1, 565, 289, 665, 504, 1, 7, 1
767, 1, 564, 289, 672, 504, 1, 7, 1
768, 1, 564, 287, 676, 506, 1, 7, 1
769, 1, 564, 287, 678, 506, 1, 7, 1
770, 1, 565, 286, 679, 507, 1, 7, 1
771, 1, 565, 286, 686, 506, 1, 7, 1
772, 1, 565, 285, 687, 509, 1, 7, 1
773, 1, 566, 285, 684, 508, 1, 7, 1
774, 1, 564, 284, 687, 510, 1, 7, 1
775, 1, 565, 284, 687, 510, 1, 7, 1
776, 1, 565, 285, 691, 508, 1, 7, 1
777, 1, 565, 284, 691, 509, 1, 7, 1
778, 1, 565, 284, 693, 510, 1, 7, 1
779, 1, 565, 284, 691, 509, 1, 7, 1
780, 1, 565, 285, 695, 510, 1, 7, 1
781, 1, 565, 285, 695, 509, 1, 7, 1
782, 1, 565, 285, 697, 509, 1, 7, 1
783, 1, 566, 286, 698, 509, 1, 7, 1
784, 1, 567, 285, 698, 511, 1, 7, 1
785, 1, 566, 285, 703, 510, 1, 7, 1
786, 1, 566, 282, 701, 514, 1, 7, 1
787, 1, 566, 282, 701, 513, 1, 7, 1
788, 1, 565, 282, 706, 512, 1, 7, 1
789, 1, 566, 280, 703, 515, 1, 7, 1
790, 1, 566, 277, 703, 518, 1, 7, 1
791, 1, 566, 276, 698, 518, 1, 7, 1
792, 1, 566, 276, 698, 519, 1, 7, 1
793, 1, 566, 276, 696, 519, 1, 7, 1
794, 1, 567, 273, 688, 521, 1, 7, 1
795, 1, 567, 274, 687, 522, 1, 7, 1
796, 1, 566, 273, 689, 523, 1, 7, 1
797, 1, 567, 273, 684, 523, 1, 7, 1
798, 1, 566, 273, 685, 523, 1, 7, 1
799, 1, 568, 273, 682, 523, 1, 7, 1
800, 1, 567, 272, 681, 523, 1, 7, 1
801, 1, 567, 273, 679, 522, 1, 7, 1
802, 1, 566, 272, 678, 523, 1, 7, 1
803, 1, 567, 273, 674, 521, 1, 7, 1
804, 1, 566, 274, 675, 522, 1, 7, 1
805, 1, 567, 274, 670, 522, 1, 7, 1
806, 1, 566, 275, 670, 519, 1, 7, 1
807, 1, 566, 274, 669, 520, 1, 7, 1
808, 1, 567, 276, 665, 518, 1, 7, 1
809, 1, 567, 278, 662, 516, 1, 7, 1
810, 1, 567, 278, 662, 517, 1, 7, 1
811, 1, 566, 279, 660, 516, 1, 7, 1
812, 1, 567, 282, 656, 511, 1, 7, 1
813, 1, 568, 284, 653, 510, 1, 7, 1
814, 1, 568, 288, 657, 506, 1, 7, 1
815, 1, 568, 291, 654, 503, 1, 7, 1
816, 1, 568, 291, 655, 503, 1, 7, 1
817, 1, 567, 292, 661, 502, 1, 7, 1
818, 1, 568, 293, 665, 501, 1, 7, 1
819, 1, 567, 299, 662, 494, 1, 7, 1
820, 1, 569, 300, 659, 493, 1, 7, 1
821, 1, 567, 304, 659, 489, 1, 7, 1
822, 1, 567, 304, 660, 490, 1, 7, 1
823, 1, 567, 306, 660, 487, 1, 7, 1
824, 1, 565, 306, 661, 488, 1, 7, 1
825, 1, 566, 303, 662, 491, 1, 7, 1
826, 1, 566, 305, 662, 488, 1, 7, 1
827, 1, 565, 305, 664, 488, 1, 7, 1
828, 1, 567, 305, 663, 488, 1, 7, 1
829, 1, 565, 304, 664, 490, 1, 7, 1
830, 1, 566, 305, 665, 489, 1, 7, 1
831, 1, 566, 304, 663, 489, 1, 7, 1
832, 1, 565, 304, 664, 490, 1, 7, 1
833, 1, 566, 308, 661, 485, 1, 7, 1
834, 1, 566, 308, 661, 485, 1, 7, 1
835, 1, 566, 309, 654, 485, 1, 7, 1
836, 1, 565, 311, 653, 483, 1, 7, 1
837, 1, 566, 311, 658, 482, 1, 7, 1
838, 1, 567, 314, 651, 480, 1, 7, 1
839, 1, 567, 317, 651, 476, 1, 7, 1
840, 1, 566, 317, 652, 477, 1, 7, 1
841, 1, 567, 315, 651, 479, 1, 7, 1
842, 1, 566, 316, 651, 478, 1, 7, 1
843, 1, 565, 316, 652, 478, 1, 7, 1
844, 1, 566, 316, 649, 477, 1, 7, 1
845, 1, 567, 316, 647, 478, 1, 7, 1
846, 1, 567, 315, 646, 478, 1, 7, 1
847, 1, 567, 315, 642, 479, 1, 7, 1
848, 1, 568, 315, 640, 478, 1, 7, 1
849, 1, 568, 315, 637, 478, 1, 7, 1
850, 1, 568, 315, 636, 478, 1, 7, 1
851, 1, 567, 315, 637, 478, 1, 7, 1
852, 1, 568, 316, 635, 477, 1, 7, 1
853, 1, 567, 317, 634, 476, 1, 7, 1
854, 1, 568, 318, 632, 475, 1, 7, 1
855, 1, 568, 318, 631, 475, 1, 7, 1
856, 1, 567, 320, 629, 473, 1, 7, 1
857, 1, 567, 320, 630, 473, 1, 7, 1
858, 1, 567, 322, 627, 472, 1, 7, 1
859, 1, 569, 322, 625, 472, 1, 7, 1
860, 1, 568, 321, 623, 472, 1, 7, 1
861, 1, 569, 321, 623, 472, 1, 7, 1
862, 1, 569, 320, 621, 473, 1, 7, 1
863, 1, 569, 321, 623, 473, 1, 7, 1
864, 1, 569, 323, 622, 470, 1, 7, 1
865, 1, 569, 323, 621, 471, 1, 7, 1
866, 1, 568, 327, 622, 465, 1, 7, 1
867, 1, 569, 328, 619, 465, 1, 7, 1
868, 1, 569, 330, 615, 464, 1, 7, 1
869, 1, 569, 330, 614, 463, 1, 7, 1
870, 1, 569, 332, 614, 461, 1, 7, 1
871, 1, 570, 333, 608, 460, 1, 7, 1
872, 1, 569, 334, 609, 458, 1, 7, 1
873, 1, 569, 336, 609, 456, 1, 7, 1
874, 1, 570, 336, 608, 456, 1, 7, 1
875, 1, 568, 337, 606, 455, 1, 7, 1
876, 1, 569, 339, 601, 453, 1, 7, 1
877, 1, 570, 340, 599, 453, 1, 7, 1
878, 1, 570, 342, 596, 451, 1, 7, 1
879, 1, 570, 342, 596, 451, 1, 7, 1
880, 1, 570, 344, 596, 449, 1, 7, 1
881, 1, 570, 344, 596, 448, 1, 7, 1
882, 1, 570, 344, 597, 449, 1, 7, 1
883, 1, 570, 344, 596, 448, 1, 7, 1
884, 1, 570, 344, 596, 448, 1, 7, 1
885, 1, 570, 344, 596, 448, 1, 7, 1
886, 1, 570, 344, 595, 448, 1, 7, 1
887, 1, 569, 344, 597, 448, 1, 7, 1
888, 1, 569, 344, 596, 448, 1, 7, 1
889, 1, 569, 344, 595, 448, 1, 7, 1
890, 1, 569, 344, 593, 448, 1, 7, 1
891, 1, 570, 344, 591, 448, 1, 7, 1
892, 1, 569, 344, 592, 448, 1, 7, 1
893, 1, 568, 345, 592, 448, 1, 7, 1
894, 1, 570, 345, 589, 447, 1, 7, 1
895, 1, 570, 346, 591, 446, 1, 7, 1
896, 1, 570, 346, 590, 447, 1, 7, 1
897, 1, 570, 346, 589, 446, 1, 7, 1
898, 1, 570, 346, 588, 447, 1, 7, 1
899, 1, 570, 346, 588, 446, 1, 7, 1
900, 1, 570, 346, 589, 448, 1, 7, 1
901, 1, 570, 346, 590, 446, 1, 7, 1
902, 1, 569, 345, 590, 447, 1, 7, 1
903, 1, 568, 345, 592, 447, 1, 7, 1
904, 1, 568, 345, 591, 448, 1, 7, 1
905, 1, 569, 344, 591, 449, 1, 7, 1
906, 1, 569, 344, 594, 449, 1, 7, 1
907, 1, 568, 344, 595, 450, 1, 7, 1
908, 1, 570, 344, 592, 450, 1, 7, 1
909, 1, 570, 344, 594, 449, 1, 7, 1
910, 1, 570, 344, 596, 449, 1, 7, 1
911, 1, 570, 345, 597, 448, 1, 7, 1
912, 1, 569, 345, 598, 447, 1, 7, 1
913, 1, 570, 345, 598, 448, 1, 7, 1
914, 1, 570, 344, 599, 450, 1, 7, 1
915, 1, 568, 343, 608, 450, 1, 7, 1
916, 1, 569, 343, 607, 450, 1, 7, 1
917, 1, 569, 343, 608, 451, 1, 7, 1
918, 1, 569, 343, 611, 450, 1, 7, 1
919, 1, 568, 343, 607, 450, 1, 7, 1
920, 1, 568, 343, 606, 450, 1, 7, 1
921, 1, 571, 341, 606, 452, 1, 7, 1
922, 1, 571, 342, 606, 452, 1, 7, 1
923, 1, 569, 341, 610, 452, 1, 7, 1
924, 1, 568, 341, 615, 453, 1, 7, 1
925, 1, 570, 339, 617, 454, 1, 7, 1
926, 1, 569, 338, 618, 455, 1, 7, 1
927, 1, 571, 337, 616, 456, 1, 7, 1
928, 1, 571, 336, 619, 457, 1, 7, 1
929, 1, 571, 334, 624, 460, 1, 7, 1
930, 1, 571, 333, 624, 460, 1, 7, 1
931, 1, 571, 334, 625, 460, 1, 7, 1
932, 1, 571, 332, 628, 462, 1, 7, 1
933, 1, 570, 331, 628, 463, 1, 7, 1
934, 1, 571, 331, 626, 463, 1, 7, 1
935, 1, 571, 329, 628, 464, 1, 7, 1
936, 1, 571, 328, 628, 465, 1, 7, 1
937, 1, 570, 327, 629, 466, 1, 7, 1
938, 1, 571, 324, 628, 469, 1, 7, 1
939, 1, 571, 324, 627, 469, 1, 7, 1
940, 1, 572, 325, 627, 468, 1, 7, 1
941, 1, 570, 323, 632, 470, 1, 7, 1
942, 1, 569, 323, 636, 471, 1, 7, 1
943, 1, 570, 322, 635, 472, 1, 7, 1
944, 1, 569, 320, 635, 473, 1, 7, 1
945, 1, 569, 320, 634, 474, 1, 7, 1
946, 1, 569, 318, 636, 476, 1, 7, 1
947, 1, 569, 317, 637, 476, 1, 7, 1
948, 1, 569, 315, 640, 479, 1, 7, 1
949, 1, 569, 316, 642, 478, 1, 7, 1
950, 1, 569, 314, 643, 480, 1, 7, 1
951, 1, 568, 314, 644, 480, 1, 7, 1
952, 1, 568, 312, 651, 482, 1, 7, 1
953, 1, 569, 312, 650, 481, 1, 7, 1
954, 1, 568, 311, 661, 482, 1, 7, 1
955, 1, 568, 310, 662, 483, 1, 7, 1
956, 1, 569, 308, 661, 485, 1, 7, 1
957, 1, 568, 307, 664, 487, 1, 7, 1
958, 1, 569, 307, 663, 487, 1, 7, 1
959, 1, 567, 306, 669, 487, 1, 7, 1
960, 1, 567, 305, 675, 488, 1, 7, 1
961, 1, 568, 304, 671, 491, 1, 7, 1
962, 1, 568, 304, 680, 490, 1, 7, 1
963, 1, 568, 304, 681, 490, 1, 7, 1
964, 1, 568, 303, 690, 491, 1, 7, 1
965, 1, 568, 301, 692, 493, 1, 7, 1
966, 1, 567, 301, 691, 494, 1, 7, 1
967, 1, 567, 301, 697, 494, 1, 7, 1
968, 1, 568, 300, 688, 495, 1, 7, 1
969, 1, 567, 300, 688, 495, 1, 7, 1
970, 1, 567, 300, 681, 496, 1, 7, 1
971, 1, 566, 300, 684, 496, 1, 7, 1
972, 1, 567, 300, 683, 495, 1, 7, 1
973, 1, 567, 301, 708, 494, 1, 7, 1
974, 1, 567, 302, 711, 492, 1, 7, 1
975, 1, 567, 302, 711, 493, 1, 7, 1
976, 1, 566, 302, 719, 493, 1, 7, 1
977, 1, 568, 301, 721, 494, 1, 7, 1
978, 1, 567, 301, 729, 493, 1, 7, 1
979, 1, 568, 301, 723, 494, 1, 7, 1
980, 1, 567, 302, 722, 493, 1, 7, 1
981, 1, 566, 302, 723, 492, 1, 7, 1
982, 1, 566, 302, 723, 493, 1, 7, 1
983, 1, 569, 301, 724, 493, 1, 7, 1
984, 1, 567, 300, 727, 494, 1, 7, 1
985, 1, 568, 300, 726, 494, 1, 7, 1
986, 1, 567, 299, 728, 495, 1, 7, 1
987, 1, 568, 299, 727, 495, 1, 7, 1
988, 1, 567, 300, 727, 495, 1, 7, 1
989, 1, 569, 299, 736, 496, 1, 7, 1
990, 1, 568, 299, 727, 495, 1, 7, 1
991, 1, 570, 300, 745, 494, 1, 7, 1
992, 1, 571, 300, 747, 494, 1, 7, 1
993, 1, 572, 300, 746, 493, 1, 7, 1
994, 1, 570, 299, 747, 496, 1, 7, 1
995, 1, 570, 300, 746, 494, 1, 7, 1
996, 1, 570, 299, 749, 495, 1, 7, 1
997, 1, 568, 297, 748, 498, 1, 7, 1
998, 1, 568, 297, 745, 497, 1, 7, 1
999, 1, 569, 297, 745, 498, 1, 7, 1
1000, 1, 568, 296, 749, 498, 1, 7, 1
1, 2, 950, 93, 612, 339, 1, 5, 1
2, 2, 954, 91, 610, 340, 1, 5, 1
3, 2, 955, 92, 612, 338, 1, 5, 1
4, 2, 955, 90, 615, 340, 1, 5, 1
5, 2, 966, 89, 608, 340, 1, 5, 1
6, 2, 972, 90, 604, 338, 1, 5, 1
7, 2, 974, 88, 605, 340, 1, 5, 1
8, 2, 973, 88, 606, 339, 1, 5, 1
9, 2, 982, 84, 602, 339, 1, 5, 1
10, 2, 989, 85, 601, 337, 1, 5, 1
11, 2, 990, 85, 604, 334, 1, 5, 1
12, 2, 991, 85, 603, 334, 1, 5, 1
13, 2, 998, 84, 599, 336, 1, 5, 1
14, 2, 997, 83, 604, 335, 1, 5, 1
15, 2, 1003, 84, 602, 333, 1, 5, 1
16, 2, 1001, 83, 605, 334, 1, 5, 1
17, 2, 1008, 83, 600, 334, 1, 5, 1
18, 2, 1008, 83, 601, 333, 1, 5, 1
19, 2, 1009, 83, 604, 333, 1, 5, 1
20, 2, 1012, 82, 603, 333, 1, 5, 1
21, 2, 1015, 82, 602, 331, 1, 5, 1
22, 2, 1015, 82, 604, 331, 1, 5, 1
23, 2, 1020, 81, 603, 332, 1, 5, 1
24, 2, 1019, 81, 604, 332, 1, 5, 1
25, 2, 1024, 81, 601, 331, 1, 5, 1
26, 2, 1030, 81, 600, 332, 1, 5, 1
27, 2, 1031, 78, 604, 334, 1, 5, 1
28, 2, 1038, 78, 600, 333, 1, 5, 1
29, 2, 1042, 79, 601, 331, 1, 5, 1
30, 2, 1041, 79, 603, 330, 1, 5, 1
31, 2, 1043, 77, 603, 332, 1, 5, 1
32, 2, 1045, 74, 605, 333, 1, 5, 1
33, 2, 1049, 75, 604, 332, 1, 5, 1
34, 2, 1052, 73, 605, 334, 1, 5, 1
35, 2, 1052, 73, 606, 329, 1, 5, 1
36, 2, 1052, 73, 606, 329, 1, 5, 1
37, 2, 1057, 74, 604, 329, 1, 5, 1
38, 2, 1064, 75, 601, 328, 1, 5, 1
39, 2, 1069, 72, 600, 332, 1, 5, 1
40, 2, 1073, 69, 600, 332, 1, 5, 1
41, 2, 1074, 72, 600, 328, 1, 5, 1
42, 2, 1074, 72, 600, 328, 1, 5, 1
43, 2, 1083, 67, 597, 332, 1, 5, 1
44, 2, 1085, 68, 599, 330, 1, 5, 1
45, 2, 1088, 66, 600, 331, 1, 5, 1
46, 2, 1093, 65, 597, 332, 1, 5, 1
47, 2, 1099, 63, 594, 332, 1, 5, 1
48, 2, 1099, 63, 593, 333, 1, 5, 1
49, 2, 1099, 62, 598, 334, 1, 5, 1
50, 2, 1102, 61, 598, 334, 1, 5, 1
51, 2, 1106, 61, 597, 333, 1, 5, 1
52, 2, 1111, 61, 597, 334, 1, 5, 1
53, 2, 1113, 60, 598, 333, 1, 5, 1
54, 2, 1113, 60, 598, 332, 1, 5, 1
55, 2, 1117, 58, 598, 333, 1, 5, 1
56, 2, 1122, 58, 595, 331, 1, 5, 1
57, 2, 1127, 56, 596, 333, 1, 5, 1
58, 2, 1126, 57, 597, 333, 1, 5, 1
59, 2, 1131, 55, 601, 334, 1, 5, 1
60, 2, 1132, 55, 600, 334, 1, 5, 1
61, 2, 1132, 56, 602, 331, 1, 5, 1
62, 2, 1137, 54, 599, 333, 1, 5, 1
63, 2, 1136, 55, 604, 330, 1, 5, 1
64, 2, 1144, 54, 600, 331, 1, 5, 1
65, 2, 1145, 54, 603, 329, 1, 5, 1
66, 2, 1145, 54, 603, 329, 1, 5, 1
67, 2, 1152, 56, 601, 326, 1, 5, 1
68, 2, 1157, 59, 600, 323, 1, 5, 1
69, 2, 1161, 57, 599, 326, 1, 5, 1
70, 2, 1164, 56, 599, 326, 1, 5, 1
71, 2, 1167, 52, 601, 329, 1, 5, 1
72, 2, 1168, 52, 601, 328, 1, 5, 1
73, 2, 1172, 52, 602, 325, 1, 5, 1
74, 2, 1177, 52, 599, 324, 1, 5, 1
75, 2, 1180, 51, 598, 324, 1, 5, 1
76, 2, 1184, 51, 598, 323, 1, 5, 1
77, 2, 1187, 50, 599, 323, 1, 5, 1
78, 2, 1187, 50, 598, 322, 1, 5, 1
79, 2, 1192, 49, 596, 322, 1, 5, 1
80, 2, 1195, 48, 598, 320, 1, 5, 1
81, 2, 1198, 48, 598, 322, 1, 5, 1
82, 2, 1204, 48, 595, 318, 1, 5, 1
83, 2, 1207, 47, 598, 319, 1, 5, 1
84, 2, 1205, 47, 601, 320, 1, 5, 1
85, 2, 1204, 45, 610, 318, 1, 5, 1
86, 2, 1217, 44, 598, 323, 1, 5, 1
87, 2, 1222, 45, 599, 319, 1, 5, 1
88, 2, 1226, 47, 597, 318, 1, 5, 1
89, 2, 1229, 45, 597, 318, 1, 5, 1
90, 2, 1230, 45, 597, 318, 1, 5, 1
91, 2, 1234, 43, 597, 317, 1, 5, 1
92, 2, 1238, 42, 596, 319, 1, 5, 1
93, 2, 1246, 43, 594, 315, 1, 5, 1
94, 2, 1248, 43, 596, 311, 1, 5, 1
95, 2, 1247, 43, 598, 311, 1, 5, 1
96, 2, 1251, 43, 595, 311, 1, 5, 1
97, 2, 1256, 42, 596, 310, 1, 5, 1
98, 2, 1263, 42, 592, 307, 1, 5, 1
99, 2, 1266, 42, 591, 308, 1, 5, 1
100, 2, 1269, 41, 591, 308, 1, 5, 1
101, 2, 1269, 41, 591, 308, 1, 5, 1
102, 2, 1271, 42, 589, 307, 1, 5, 1
103, 2, 1272, 39, 589, 309, 1, 5, 1
104, 2, 1273, 38, 589, 310, 1, 5, 1
105, 2, 1273, 38, 590, 311, 1, 5, 1
106, 2, 1277, 37, 587, 312, 1, 5, 1
107, 2, 1287, 37, 579, 310, 1, 5, 1
108, 2, 1290, 39, 576, 307, 1, 5, 1
109, 2, 1292, 39, 575, 307, 1, 5, 1
110, 2, 1298, 36, 569, 308, 1, 5, 1
111, 2, 1298, 36, 568, 308, 1, 5, 1
112, 2, 1305, 35, 562, 308, 1, 5, 1
113, 2, 1307, 34, 561, 309, 1, 5, 1
114, 2, 1313, 35, 555, 307, 1, 5, 1
115, 2, 1316, 33, 551, 306, 1, 5, 1
116, 2, 1315, 32, 552, 310, 1, 5, 1
117, 2, 1322, 28, 545, 314, 1, 5, 1
118, 2, 1323, 30, 544, 310, 1, 5, 1
119, 2, 1323, 31, 543, 310, 1, 5, 1
120, 2, 1326, 29, 542, 312, 1, 5, 1
121, 2, 1334, 29, 535, 308, 1, 5, 1
122, 2, 1335, 27, 533, 310, 1, 5, 1
123, 2, 1341, 27, 525, 309, 1, 5, 1
124, 2, 1335, 25, 529, 311, 1, 5, 1
125, 2, 1335, 26, 529, 310, 1, 5, 1
126, 2, 1347, 25, 518, 312, 1, 5, 1
127, 2, 1355, 22, 510, 312, 1, 5, 1
128, 2, 1354, 22, 510, 311, 1, 5, 1
129, 2, 1356, 22, 507, 309, 1, 5, 1
130, 2, 1356, 21, 507, 310, 1, 5, 1
131, 2, 1361, 20, 504, 310, 1, 5, 1
132, 2, 1365, 19, 499, 310, 1, 5, 1
133, 2, 1371, 20, 494, 307, 1, 5, 1
134, 2, 1378, 19, 487, 308, 1, 5, 1
135, 2, 1378, 16, 488, 312, 1, 5, 1
136, 2, 1378, 16, 489, 311, 1, 5, 1
137, 2, 1380, 14, 486, 312, 1, 5, 1
138, 2, 1387, 14, 478, 315, 1, 5, 1
139, 2, 1395, 13, 469, 313, 1, 5, 1
140, 2, 1401, 15, 462, 310, 1, 5, 1
141, 2, 1405, 13, 458, 312, 1, 5, 1
142, 2, 1405, 13, 459, 311, 1, 5, 1
143, 2, 1406, 11, 459, 313, 1, 5, 1
144, 2, 1407, 10, 457, 313, 1, 5, 1
145, 2, 1415, 8, 449, 313, 1, 5, 1
146, 2, 1415, 8, 449, 313, 1, 5, 1
147, 2, 1420, 9, 443, 311, 1, 5, 1
148, 2, 1421, 8, 443, 312, 1, 5, 1
149, 2, 1426, 8, 438, 310, 1, 5, 1
150, 2, 1433, 8, 432, 309, 1, 5, 1
151, 2, 1433, 8, 431, 309, 1, 5, 1
152, 2, 1436, 7, 428, 310, 1, 5, 1
153, 2, 1442, 8, 423, 308, 1, 5, 1
154, 2, 1447, 7, 418, 307, 1, 5, 1
155, 2, 1447, 7, 418, 302, 1, 5, 1
156, 2, 1452, 8, 412, 302, 1, 5, 1
157, 2, 1452, 8, 412, 301, 1, 5, 1
158, 2, 1455, 8, 409, 302, 1, 5, 1
159, 2, 1457, 9, 408, 302, 1, 5, 1
160, 2, 1465, 8, 398, 302, 1, 5, 1
161, 2, 1465, 8, 398, 301, 1, 5, 1
162, 2, 1472, 9, 394, 299, 1, 5, 1
163, 2, 1470, 9, 396, 298, 1, 5, 1
164, 2, 1474, 10, 391, 297, 1, 5, 1
165, 2, 1481, 10, 384, 296, 1, 5, 1
166, 2, 1482, 10, 382, 296, 1, 5, 1
167, 2, 1488, 8, 378, 295, 1, 5, 1
168, 2, 1494, 10, 372, 295, 1, 5, 1
169, 2, 1493, 10, 373, 295, 1, 5, 1
170, 2, 1495, 8, 370, 297, 1, 5, 1
171, 2, 1500, 8, 366, 294, 1, 5, 1
172, 2, 1508, 10, 357, 294, 1, 5, 1
173, 2, 1508, 11, 357, 292, 1, 5, 1
174, 2, 1510, 11, 354, 288, 1, 5, 1
175, 2, 1510, 12, 354, 288, 1, 5, 1
176, 2, 1515, 10, 350, 290, 1, 5, 1
177, 2, 1520, 12, 346, 287, 1, 5, 1
178, 2, 1526, 11, 339, 287, 1, 5, 1
179, 2, 1524, 11, 340, 285, 1, 5, 1
180, 2, 1534, 13, 333, 278, 1, 5, 1
181, 2, 1537, 12, 329, 279, 1, 5, 1
182, 2, 1537, 12, 328, 278, 1, 5, 1
183, 2, 1537, 12, 329, 279, 1, 5, 1
184, 2, 1538, 13, 328, 279, 1, 5, 1
185, 2, 1538, 13, 329, 278, 1, 5, 1
186, 2, 1545, 12, 322, 278, 1, 5, 1
187, 2, 1553, 12, 313, 276, 1, 5, 1
188, 2, 1556, 11, 310, 277, 1, 5, 1
189, 2, 1553, 11, 314, 277, 1, 5, 1
190, 2, 1557, 11, 309, 275, 1, 5, 1
191, 2, 1568, 11, 297, 275, 1, 5, 1
192, 2, 1576, 11, 289, 275, 1, 5, 1
193, 2, 1569, 11, 298, 275, 1, 5, 1
194, 2, 1578, 11, 288, 272, 1, 5, 1
195, 2, 1578, 11, 288, 272, 1, 5, 1
196, 2, 1583, 11, 283, 270, 1, 5, 1
197, 2, 1584, 11, 283, 272, 1, 5, 1
198, 2, 1582, 12, 284, 269, 1, 5, 1
199, 2, 1590, 11, 276, 269, 1, 5, 1
200, 2, 1598, 11, 268, 267, 1, 5, 1
201, 2, 1597, 11, 269, 266, 1, 5, 1
202, 2, 1600, 12, 266, 266, 1, 5, 1
203, 2, 1607, 11, 260, 267, 1, 5, 1
204, 2, 1610, 11, 256, 267, 1, 5, 1
205, 2, 1617, 11, 250, 265, 1, 5, 1
206, 2, 1619, 12, 247, 265, 1, 5, 1
207, 2, 1620, 12, 246, 265, 1, 5, 1
208, 2, 1620, 11, 246, 264, 1, 5, 1
209, 2, 1627, 11, 238, 261, 1, 5, 1
210, 2, 1630, 11, 235, 261, 1, 5, 1
211, 2, 1631, 11, 234, 262, 1, 5, 1
212, 2, 1636, 11, 229, 262, 1, 5, 1
213, 2, 1634, 10, 231, 264, 1, 5, 1
214, 2, 1636, 11, 229, 259, 1, 5, 1
215, 2, 1638, 11, 225, 255, 1, 5, 1
216, 2, 1647, 11, 216, 254, 1, 5, 1
217, 2, 1648, 11, 215, 251, 1, 5, 1
218, 2, 1652, 11, 212, 254, 1, 5, 1
219, 2, 1650, 12, 214, 253, 1, 5, 1
220, 2, 1657, 11, 205, 255, 1, 5, 1
221, 2, 1656, 11, 207, 251, 1, 5, 1
222, 2, 1660, 11, 202, 252, 1, 5, 1
223, 2, 1664, 12, 197, 248, 1, 5, 1
224, 2, 1663, 12, 198, 248, 1, 5, 1
225, 2, 1668, 11, 193, 244, 1, 5, 1
226, 2, 1671, 11, 192, 243, 1, 5, 1
227, 2, 1675, 11, 189, 245, 1, 5, 1
228, 2, 1677, 11, 187, 241, 1, 5, 1
229, 2, 1692, 11, 172, 239, 1, 5, 1
230, 2, 1695, 10, 169, 216, 1, 5, 1
231, 2, 1696, 10, 168, 217, 1, 5, 1
232, 2, 1694, 10, 170, 232, 1, 5, 1
233, 2, 1693, 9, 168, 220, 1, 5, 1
234, 2, 1708, 9, 154, 215, 1, 5, 1