1, 1, 756, 378, 397, 734, 1, 2, 1
2, 1, 756, 378, 396, 733, 1, 2, 1
3, 1, 757, 378, 394, 734, 1, 2, 1
4, 1, 757, 378, 394, 734, 1, 2, 1
5, 1, 757, 378, 393, 734, 1, 2, 1
6, 1, 757, 377, 393, 735, 1, 2, 1
7, 1, 758, 377, 394, 736, 1, 2, 1
8, 1, 758, 378, 394, 734, 1, 2, 1
9, 1, 757, 376, 395, 737, 1, 2, 1
10, 1, 757, 377, 395, 736, 1, 2, 1
11, 1, 757, 377, 395, 735, 1, 2, 1
12, 1, 758, 377, 394, 735, 1, 2, 1
13, 1, 757, 375, 395, 738, 1, 2, 1
14, 1, 757, 375, 396, 737, 1, 2, 1
15, 1, 757, 375, 395, 738, 1, 2, 1
16, 1, 756, 375, 395, 737, 1, 2, 1
17, 1, 757, 374, 395, 738, 1, 2, 1
18, 1, 758, 371, 393, 741, 1, 2, 1
19, 1, 758, 371, 392, 741, 1, 2, 1
20, 1, 758, 371, 393, 741, 1, 2, 1
21, 1, 758, 371, 392, 741, 1, 2, 1
22, 1, 759, 371, 392, 741, 1, 2, 1
23, 1, 758, 373, 393, 740, 1, 2, 1
24, 1, 758, 371, 393, 741, 1, 2, 1
25, 1, 758, 373, 392, 739, 1, 2, 1
26, 1, 758, 375, 394, 738, 1, 2, 1
27, 1, 757, 374, 395, 738, 1, 2, 1
28, 1, 758, 376, 394, 736, 1, 2, 1
29, 1, 757, 376, 396, 736, 1, 2, 1
30, 1, 755, 376, 397, 737, 1, 2, 1
31, 1, 754, 376, 397, 736, 1, 2, 1
32, 1, 755, 377, 396, 735, 1, 2, 1
33, 1, 756, 375, 395, 737, 1, 2, 1
34, 1, 756, 375, 395, 736, 1, 2, 1
35, 1, 755, 375, 396, 737, 1, 2, 1
36, 1, 755, 376, 397, 735, 1, 2, 1
37, 1, 755, 375, 397, 736, 1, 2, 1
38, 1, 754, 377, 399, 734, 1, 2, 1
39, 1, 754, 377, 398, 734, 1, 2, 1
40, 1, 753, 377, 399, 735, 1, 2, 1
41, 1, 753, 380, 400, 731, 1, 2, 1
42, 1, 752, 380, 400, 730, 1, 2, 1
43, 1, 753, 380, 398, 731, 1, 2, 1
44, 1, 752, 380, 399, 731, 1, 2, 1
45, 1, 753, 380, 397, 731, 1, 2, 1
46, 1, 752, 381, 398, 729, 1, 2, 1
47, 1, 752, 380, 398, 730, 1, 2, 1
48, 1, 752, 381, 399, 730, 1, 2, 1
49, 1, 751, 381, 401, 730, 1, 2, 1
50, 1, 751, 379, 402, 733, 1, 2, 1
51, 1, 750, 379, 403, 732, 1, 2, 1
52, 1, 749, 379, 403, 733, 1, 2, 1
53, 1, 750, 379, 403, 733, 1, 2, 1
54, 1, 749, 380, 404, 732, 1, 2, 1
55, 1, 749, 380, 403, 733, 1, 2, 1
56, 1, 750, 383, 402, 729, 1, 2, 1
57, 1, 750, 383, 403, 730, 1, 2, 1
58, 1, 749, 383, 403, 730, 1, 2, 1
59, 1, 751, 385, 402, 727, 1, 2, 1
60, 1, 752, 386, 400, 727, 1, 2, 1
61, 1, 753, 385, 399, 726, 1, 2, 1
62, 1, 752, 385, 401, 727, 1, 2, 1
63, 1, 753, 385, 399, 728, 1, 2, 1
64, 1, 753, 384, 399, 728, 1, 2, 1
65, 1, 754, 384, 399, 729, 1, 2, 1
66, 1, 753, 384, 399, 727, 1, 2, 1
67, 1, 753, 382, 399, 730, 1, 2, 1
68, 1, 753, 380, 399, 732, 1, 2, 1
69, 1, 755, 379, 398, 733, 1, 2, 1
70, 1, 755, 379, 397, 734, 1, 2, 1
71, 1, 757, 382, 396, 731, 1, 2, 1
72, 1, 757, 380, 395, 733, 1, 2, 1
73, 1, 757, 377, 396, 736, 1, 2, 1
74, 1, 756, 374, 397, 738, 1, 2, 1
75, 1, 757, 373, 395, 739, 1, 2, 1
76, 1, 757, 370, 395, 742, 1, 2, 1
77, 1, 758, 369, 395, 743, 1, 2, 1
78, 1, 757, 366, 395, 746, 1, 2, 1
79, 1, 758, 364, 395, 748, 1, 2, 1
80, 1, 758, 360, 395, 752, 1, 2, 1
81, 1, 757, 358, 396, 755, 1, 2, 1
82, 1, 758, 357, 396, 757, 1, 2, 1
83, 1, 758, 357, 395, 757, 1, 2, 1
84, 1, 759, 357, 394, 757, 1, 2, 1
85, 1, 759, 357, 395, 757, 1, 2, 1
86, 1, 759, 364, 394, 749, 1, 2, 1
87, 1, 758, 372, 396, 741, 1, 2, 1
88, 1, 757, 376, 398, 736, 1, 2, 1
89, 1, 757, 377, 397, 736, 1, 2, 1
90, 1, 755, 383, 399, 730, 1, 2, 1
91, 1, 755, 386, 399, 727, 1, 2, 1
92, 1, 754, 383, 400, 730, 1, 2, 1
93, 1, 755, 383, 398, 729, 1, 2, 1
94, 1, 756, 388, 396, 724, 1, 2, 1
95, 1, 756, 386, 397, 726, 1, 2, 1
96, 1, 752, 390, 399, 722, 1, 2, 1
97, 1, 751, 383, 402, 730, 1, 2, 1
98, 1, 749, 390, 403, 722, 1, 2, 1
99, 1, 749, 388, 404, 724, 1, 2, 1
100, 1, 748, 380, 405, 733, 1, 2, 1
101, 1, 746, 399, 406, 713, 1, 2, 1
102, 1, 744, 402, 409, 710, 1, 2, 1
103, 1, 743, 402, 411, 711, 1, 2, 1
104, 1, 743, 404, 410, 709, 1, 2, 1
105, 1, 742, 407, 411, 706, 1, 2, 1
106, 1, 742, 407, 413, 706, 1, 2, 1
107, 1, 740, 407, 413, 706, 1, 2, 1
108, 1, 741, 407, 412, 705, 1, 2, 1
109, 1, 741, 406, 410, 706, 1, 2, 1
110, 1, 740, 406, 412, 706, 1, 2, 1
111, 1, 739, 403, 412, 709, 1, 2, 1
112, 1, 739, 401, 412, 712, 1, 2, 1
113, 1, 738, 398, 413, 714, 1, 2, 1
114, 1, 739, 397, 414, 715, 1, 2, 1
115, 1, 740, 396, 413, 716, 1, 2, 1
116, 1, 739, 394, 415, 719, 1, 2, 1
117, 1, 740, 394, 414, 719, 1, 2, 1
118, 1, 740, 393, 411, 720, 1, 2, 1
119, 1, 740, 392, 412, 721, 1, 2, 1
120, 1, 740, 391, 411, 721, 1, 2, 1
121, 1, 741, 391, 410, 722, 1, 2, 1
122, 1, 742, 390, 408, 722, 1, 2, 1
123, 1, 742, 389, 408, 723, 1, 2, 1
124, 1, 742, 389, 408, 723, 1, 2, 1
125, 1, 742, 389, 408, 723, 1, 2, 1
126, 1, 743, 388, 407, 723, 1, 2, 1
127, 1, 742, 387, 409, 726, 1, 2, 1
128, 1, 742, 387, 408, 724, 1, 2, 1
129, 1, 743, 387, 407, 724, 1, 2, 1
130, 1, 743, 386, 407, 725, 1, 2, 1
131, 1, 743, 385, 408, 728, 1, 2, 1
132, 1, 743, 386, 408, 726, 1, 2, 1
133, 1, 743, 386, 409, 726, 1, 2, 1
134, 1, 742, 386, 408, 726, 1, 2, 1
135, 1, 742, 387, 408, 726, 1, 2, 1
136, 1, 743, 387, 407, 725, 1, 2, 1
137, 1, 743, 388, 408, 724, 1, 2, 1
138, 1, 743, 388, 408, 724, 1, 2, 1
139, 1, 742, 388, 408, 725, 1, 2, 1
140, 1, 743, 388, 406, 725, 1, 2, 1
141, 1, 743, 389, 407, 723, 1, 2, 1
142, 1, 743, 389, 408, 724, 1, 2, 1
143, 1, 742, 389, 409, 723, 1, 2, 1
144, 1, 743, 389, 406, 724, 1, 2, 1
145, 1, 742, 389, 407, 723, 1, 2, 1
146, 1, 743, 389, 406, 724, 1, 2, 1
147, 1, 743, 389, 406, 723, 1, 2, 1
148, 1, 744, 389, 405, 723, 1, 2, 1
149, 1, 742, 390, 407, 723, 1, 2, 1
150, 1, 742, 391, 410, 722, 1, 2, 1
151, 1, 742, 392, 409, 721, 1, 2, 1
152, 1, 743, 392, 409, 720, 1, 2, 1
153, 1, 742, 392, 409, 721, 1, 2, 1
154, 1, 743, 392, 408, 720, 1, 2, 1
155, 1, 743, 392, 407, 720, 1, 2, 1
156, 1, 742, 392, 408, 722, 1, 2, 1
157, 1, 743, 393, 407, 720, 1, 2, 1
158, 1, 743, 392, 407, 721, 1, 2, 1
159, 1, 745, 392, 406, 722, 1, 2, 1
160, 1, 744, 390, 406, 723, 1, 2, 1
161, 1, 745, 390, 406, 724, 1, 2, 1
162, 1, 746, 389, 405, 724, 1, 2, 1
163, 1, 746, 389, 405, 724, 1, 2, 1
164, 1, 747, 389, 404, 725, 1, 2, 1
165, 1, 746, 389, 404, 724, 1, 2, 1
166, 1, 747, 389, 404, 723, 1, 2, 1
167, 1, 747, 388, 402, 725, 1, 2, 1
168, 1, 747, 388, 402, 725, 1, 2, 1
169, 1, 747, 388, 402, 725, 1, 2, 1
170, 1, 747, 387, 404, 726, 1, 2, 1
171, 1, 747, 387, 403, 726, 1, 2, 1
172, 1, 747, 387, 403, 725, 1, 2, 1
173, 1, 746, 387, 404, 726, 1, 2, 1
174, 1, 745, 388, 405, 726, 1, 2, 1
175, 1, 744, 387, 407, 727, 1, 2, 1
176, 1, 744, 388, 408, 724, 1, 2, 1
177, 1, 743, 388, 408, 725, 1, 2, 1
178, 1, 741, 388, 409, 724, 1, 2, 1
179, 1, 740, 388, 411, 724, 1, 2, 1
180, 1, 740, 388, 410, 724, 1, 2, 1
181, 1, 742, 388, 407, 725, 1, 2, 1
182, 1, 741, 388, 407, 725, 1, 2, 1
183, 1, 741, 387, 408, 726, 1, 2, 1
184, 1, 741, 387, 407, 725, 1, 2, 1
185, 1, 742, 386, 406, 726, 1, 2, 1
186, 1, 742, 385, 406, 728, 1, 2, 1
187, 1, 742, 385, 407, 727, 1, 2, 1
188, 1, 743, 384, 405, 728, 1, 2, 1
189, 1, 744, 383, 404, 729, 1, 2, 1
190, 1, 743, 382, 406, 730, 1, 2, 1
191, 1, 744, 381, 406, 732, 1, 2, 1
192, 1, 744, 380, 405, 732, 1, 2, 1
193, 1, 743, 380, 405, 732, 1, 2, 1
194, 1, 744, 379, 405, 734, 1, 2, 1
195, 1, 744, 379, 404, 733, 1, 2, 1
196, 1, 744, 379, 404, 734, 1, 2, 1
197, 1, 744, 379, 403, 733, 1, 2, 1
198, 1, 743, 378, 405, 734, 1, 2, 1
199, 1, 744, 377, 403, 736, 1, 2, 1
200, 1, 745, 377, 404, 734, 1, 2, 1
201, 1, 745, 377, 403, 735, 1, 2, 1
202, 1, 745, 376, 405, 737, 1, 2, 1
203, 1, 745, 376, 404, 736, 1, 2, 1
204, 1, 746, 375, 404, 738, 1, 2, 1
205, 1, 746, 375, 403, 736, 1, 2, 1
206, 1, 745, 374, 406, 739, 1, 2, 1
207, 1, 746, 374, 404, 737, 1, 2, 1
208, 1, 747, 374, 405, 738, 1, 2, 1
209, 1, 747, 374, 404, 737, 1, 2, 1
210, 1, 747, 374, 407, 737, 1, 2, 1
211, 1, 746, 373, 407, 739, 1, 2, 1
212, 1, 748, 373, 405, 740, 1, 2, 1
213, 1, 747, 374, 407, 738, 1, 2, 1
214, 1, 748, 374, 405, 738, 1, 2, 1
215, 1, 748, 373, 406, 737, 1, 2, 1
216, 1, 749, 373, 405, 739, 1, 2, 1
217, 1, 748, 373, 406, 739, 1, 2, 1
218, 1, 749, 373, 405, 740, 1, 2, 1
219, 1, 749, 373, 405, 739, 1, 2, 1
220, 1, 748, 373, 406, 740, 1, 2, 1
221, 1, 749, 374, 406, 738, 1, 2, 1
222, 1, 748, 374, 406, 738, 1, 2, 1
223, 1, 749, 374, 405, 738, 1, 2, 1
224, 1, 749, 374, 406, 738, 1, 2, 1
225, 1, 748, 374, 406, 738, 1, 2, 1
226, 1, 749, 374, 405, 737, 1, 2, 1
227, 1, 749, 374, 406, 738, 1, 2, 1
228, 1, 748, 374, 406, 738, 1, 2, 1
229, 1, 748, 373, 407, 740, 1, 2, 1
230, 1, 748, 373, 407, 740, 1, 2, 1
231, 1, 749, 373, 405, 739, 1, 2, 1
232, 1, 749, 372, 405, 740, 1, 2, 1
233, 1, 748, 372, 405, 741, 1, 2, 1
234, 1, 748, 371, 405, 741, 1, 2, 1
235, 1, 749, 371, 404, 741, 1, 2, 1
236, 1, 748, 371, 405, 741, 1, 2, 1
237, 1, 750, 371, 403, 742, 1, 2, 1
238, 1, 750, 371, 404, 742, 1, 2, 1
239, 1, 749, 371, 405, 742, 1, 2, 1
240, 1, 749, 371, 406, 741, 1, 2, 1
241, 1, 749, 370, 404, 742, 1, 2, 1
242, 1, 750, 370, 404, 743, 1, 2, 1
243, 1, 750, 370, 403, 743, 1, 2, 1
244, 1, 751, 370, 402, 740, 1, 2, 1
245, 1, 749, 370, 404, 741, 1, 2, 1
246, 1, 751, 370, 403, 741, 1, 2, 1
247, 1, 751, 370, 402, 742, 1, 2, 1
248, 1, 750, 370, 403, 742, 1, 2, 1
249, 1, 751, 370, 402, 741, 1, 2, 1
250, 1, 750, 370, 402, 743, 1, 2, 1
251, 1, 750, 369, 404, 743, 1, 2, 1
252, 1, 749, 370, 404, 742, 1, 2, 1
253, 1, 750, 370, 402, 744, 1, 2, 1
254, 1, 751, 370, 401, 743, 1, 2, 1
255, 1, 750, 370, 403, 744, 1, 2, 1
256, 1, 751, 370, 402, 742, 1, 2, 1
257, 1, 751, 370, 401, 744, 1, 2, 1
258, 1, 751, 370, 401, 744, 1, 2, 1
259, 1, 752, 371, 400, 742, 1, 2, 1
260, 1, 752, 371, 400, 742, 1, 2, 1
261, 1, 752, 371, 400, 740, 1, 2, 1
262, 1, 752, 372, 400, 740, 1, 2, 1
263, 1, 752, 372, 400, 739, 1, 2, 1
264, 1, 753, 372, 399, 741, 1, 2, 1
265, 1, 754, 372, 398, 740, 1, 2, 1
266, 1, 753, 372, 400, 741, 1, 2, 1
267, 1, 754, 372, 398, 741, 1, 2, 1
268, 1, 754, 372, 398, 741, 1, 2, 1
269, 1, 754, 371, 398, 741, 1, 2, 1
270, 1, 754, 371, 398, 742, 1, 2, 1
271, 1, 754, 371, 398, 741, 1, 2, 1
272, 1, 754, 372, 399, 741, 1, 2, 1
273, 1, 755, 371, 397, 739, 1, 2, 1
274, 1, 755, 371, 398, 742, 1, 2, 1
275, 1, 755, 371, 399, 742, 1, 2, 1
276, 1, 754, 371, 400, 741, 1, 2, 1
277, 1, 753, 371, 400, 741, 1, 2, 1
278, 1, 754, 371, 399, 741, 1, 2, 1
279, 1, 753, 371, 399, 741, 1, 2, 1
280, 1, 754, 371, 398, 742, 1, 2, 1
281, 1, 753, 371, 399, 742, 1, 2, 1
282, 1, 752, 371, 401, 742, 1, 2, 1
283, 1, 752, 371, 400, 742, 1, 2, 1
284, 1, 753, 371, 400, 742, 1, 2, 1
285, 1, 752, 371, 401, 741, 1, 2, 1
286, 1, 753, 370, 399, 742, 1, 2, 1
287, 1, 753, 370, 399, 742, 1, 2, 1
288, 1, 753, 370, 400, 742, 1, 2, 1
289, 1, 754, 370, 400, 742, 1, 2, 1
290, 1, 754, 368, 400, 744, 1, 2, 1
291, 1, 755, 368, 398, 744, 1, 2, 1
292, 1, 754, 368, 400, 744, 1, 2, 1
293, 1, 755, 368, 398, 744, 1, 2, 1
294, 1, 755, 368, 399, 744, 1, 2, 1
295, 1, 755, 367, 399, 746, 1, 2, 1
296, 1, 754, 367, 401, 745, 1, 2, 1
297, 1, 755, 366, 398, 746, 1, 2, 1
298, 1, 754, 366, 399, 746, 1, 2, 1
299, 1, 754, 365, 399, 748, 1, 2, 1
300, 1, 753, 365, 400, 747, 1, 2, 1
301, 1, 753, 365, 401, 748, 1, 2, 1
302, 1, 753, 365, 401, 748, 1, 2, 1
303, 1, 754, 365, 399, 747, 1, 2, 1
304, 1, 753, 365, 400, 747, 1, 2, 1
305, 1, 754, 365, 399, 747, 1, 2, 1
306, 1, 754, 366, 400, 746, 1, 2, 1
307, 1, 754, 366, 399, 747, 1, 2, 1
308, 1, 753, 367, 400, 745, 1, 2, 1
309, 1, 754, 368, 399, 744, 1, 2, 1
310, 1, 754, 369, 399, 743, 1, 2, 1
311, 1, 755, 369, 399, 743, 1, 2, 1
312, 1, 755, 370, 399, 742, 1, 2, 1
313, 1, 755, 370, 399, 744, 1, 2, 1
314, 1, 756, 371, 397, 742, 1, 2, 1
315, 1, 756, 371, 397, 743, 1, 2, 1
316, 1, 756, 371, 398, 742, 1, 2, 1
317, 1, 756, 371, 397, 741, 1, 2, 1
318, 1, 756, 371, 398, 742, 1, 2, 1
319, 1, 756, 371, 397, 742, 1, 2, 1
320, 1, 756, 371, 397, 741, 1, 2, 1
321, 1, 755, 373, 397, 740, 1, 2, 1
322, 1, 755, 372, 397, 740, 1, 2, 1
323, 1, 757, 373, 396, 739, 1, 2, 1
324, 1, 757, 373, 395, 740, 1, 2, 1
325, 1, 756, 374, 397, 739, 1, 2, 1
326, 1, 756, 375, 396, 738, 1, 2, 1
327, 1, 756, 375, 396, 738, 1, 2, 1
328, 1, 756, 375, 397, 739, 1, 2, 1
329, 1, 755, 375, 398, 738, 1, 2, 1
330, 1, 754, 376, 400, 737, 1, 2, 1
331, 1, 753, 376, 400, 738, 1, 2, 1
332, 1, 752, 377, 402, 737, 1, 2, 1
333, 1, 752, 376, 401, 737, 1, 2, 1
334, 1, 752, 377, 401, 737, 1, 2, 1
335, 1, 750, 376, 404, 737, 1, 2, 1
336, 1, 751, 376, 402, 737, 1, 2, 1
337, 1, 749, 376, 404, 737, 1, 2, 1
338, 1, 749, 377, 404, 736, 1, 2, 1
339, 1, 747, 377, 406, 737, 1, 2, 1
340, 1, 747, 378, 406, 735, 1, 2, 1
341, 1, 746, 378, 407, 735, 1, 2, 1
342, 1, 745, 379, 409, 736, 1, 2, 1
343, 1, 746, 379, 407, 735, 1, 2, 1
344, 1, 745, 379, 409, 735, 1, 2, 1
345, 1, 745, 380, 409, 733, 1, 2, 1
346, 1, 745, 380, 408, 733, 1, 2, 1
347, 1, 745, 380, 409, 734, 1, 2, 1
348, 1, 744, 380, 409, 734, 1, 2, 1
349, 1, 744, 380, 409, 733, 1, 2, 1
350, 1, 744, 380, 409, 733, 1, 2, 1
351, 1, 745, 380, 408, 733, 1, 2, 1
352, 1, 744, 379, 408, 734, 1, 2, 1
353, 1, 744, 379, 408, 734, 1, 2, 1
354, 1, 744, 380, 409, 733, 1, 2, 1
355, 1, 745, 380, 408, 734, 1, 2, 1
356, 1, 744, 380, 408, 734, 1, 2, 1
357, 1, 745, 380, 409, 733, 1, 2, 1
358, 1, 745, 380, 409, 733, 1, 2, 1
359, 1, 744, 381, 409, 732, 1, 2, 1
360, 1, 743, 381, 410, 732, 1, 2, 1
361, 1, 743, 382, 410, 732, 1, 2, 1
362, 1, 744, 383, 409, 730, 1, 2, 1
363, 1, 743, 383, 410, 731, 1, 2, 1
364, 1, 742, 384, 411, 729, 1, 2, 1
365, 1, 743, 384, 409, 729, 1, 2, 1
366, 1, 742, 385, 411, 729, 1, 2, 1
367, 1, 742, 385, 410, 729, 1, 2, 1
368, 1, 741, 385, 411, 728, 1, 2, 1
369, 1, 740, 385, 412, 728, 1, 2, 1
370, 1, 740, 385, 413, 729, 1, 2, 1
371, 1, 740, 385, 411, 729, 1, 2, 1
372, 1, 739, 386, 412, 728, 1, 2, 1
373, 1, 739, 386, 413, 727, 1, 2, 1
374, 1, 736, 386, 416, 727, 1, 2, 1
375, 1, 737, 386, 415, 727, 1, 2, 1
376, 1, 735, 385, 417, 728, 1, 2, 1
377, 1, 736, 385, 416, 728, 1, 2, 1
378, 1, 735, 385, 418, 728, 1, 2, 1
379, 1, 735, 385, 418, 728, 1, 2, 1
380, 1, 734, 384, 418, 729, 1, 2, 1
381, 1, 733, 384, 419, 728, 1, 2, 1
382, 1, 734, 383, 418, 730, 1, 2, 1
383, 1, 733, 383, 419, 730, 1, 2, 1
384, 1, 733, 382, 419, 731, 1, 2, 1
385, 1, 733, 382, 419, 731, 1, 2, 1
386, 1, 732, 381, 420, 732, 1, 2, 1
387, 1, 733, 380, 419, 732, 1, 2, 1
388, 1, 733, 380, 419, 732, 1, 2, 1
389, 1, 732, 380, 420, 734, 1, 2, 1
390, 1, 733, 380, 420, 734, 1, 2, 1
391, 1, 731, 380, 421, 733, 1, 2, 1
392, 1, 730, 380, 423, 732, 1, 2, 1
393, 1, 730, 380, 421, 732, 1, 2, 1
394, 1, 731, 379, 421, 733, 1, 2, 1
395, 1, 731, 379, 422, 733, 1, 2, 1
396, 1, 731, 378, 421, 734, 1, 2, 1
397, 1, 732, 379, 419, 734, 1, 2, 1
398, 1, 732, 379, 420, 734, 1, 2, 1
399, 1, 731, 379, 422, 733, 1, 2, 1
400, 1, 731, 379, 420, 734, 1, 2, 1
401, 1, 732, 379, 419, 733, 1, 2, 1
402, 1, 733, 378, 419, 735, 1, 2, 1
403, 1, 733, 379, 419, 734, 1, 2, 1
404, 1, 733, 378, 419, 735, 1, 2, 1
405, 1, 733, 377, 419, 736, 1, 2, 1
406, 1, 734, 378, 418, 736, 1, 2, 1
407, 1, 735, 377, 417, 736, 1, 2, 1
408, 1, 735, 377, 418, 736, 1, 2, 1
409, 1, 736, 377, 417, 736, 1, 2, 1
410, 1, 735, 378, 418, 736, 1, 2, 1
411, 1, 735, 378, 419, 735, 1, 2, 1
412, 1, 735, 378, 418, 736, 1, 2, 1
413, 1, 737, 378, 416, 735, 1, 2, 1
414, 1, 736, 378, 417, 735, 1, 2, 1
415, 1, 737, 378, 416, 735, 1, 2, 1
416, 1, 737, 378, 416, 736, 1, 2, 1
417, 1, 738, 378, 415, 736, 1, 2, 1
418, 1, 738, 379, 415, 734, 1, 2, 1
419, 1, 739, 378, 414, 735, 1, 2, 1
420, 1, 739, 378, 414, 735, 1, 2, 1
421, 1, 740, 378, 413, 736, 1, 2, 1
422, 1, 739, 378, 413, 735, 1, 2, 1
423, 1, 741, 376, 411, 737, 1, 2, 1
424, 1, 739, 376, 414, 738, 1, 2, 1
425, 1, 740, 376, 413, 738, 1, 2, 1
426, 1, 740, 374, 413, 739, 1, 2, 1
427, 1, 739, 373, 414, 740, 1, 2, 1
428, 1, 739, 373, 415, 739, 1, 2, 1
429, 1, 738, 372, 415, 741, 1, 2, 1
430, 1, 738, 372, 415, 740, 1, 2, 1
431, 1, 736, 371, 418, 741, 1, 2, 1
432, 1, 736, 371, 418, 742, 1, 2, 1
433, 1, 736, 371, 417, 742, 1, 2, 1
434, 1, 736, 371, 417, 743, 1, 2, 1
435, 1, 736, 371, 417, 741, 1, 2, 1
436, 1, 735, 371, 418, 742, 1, 2, 1
437, 1, 735, 371, 418, 742, 1, 2, 1
438, 1, 736, 371, 418, 742, 1, 2, 1
439, 1, 736, 371, 417, 742, 1, 2, 1
440, 1, 736, 371, 418, 741, 1, 2, 1
441, 1, 735, 371, 418, 741, 1, 2, 1
442, 1, 736, 371, 418, 741, 1, 2, 1
443, 1, 737, 371, 416, 741, 1, 2, 1
444, 1, 737, 371, 416, 741, 1, 2, 1
445, 1, 738, 371, 416, 741, 1, 2, 1
446, 1, 737, 371, 417, 740, 1, 2, 1
447, 1, 738, 370, 415, 741, 1, 2, 1
448, 1, 738, 370, 415, 741, 1, 2, 1
449, 1, 738, 370, 415, 741, 1, 2, 1
450, 1, 738, 370, 416, 742, 1, 2, 1
451, 1, 738, 370, 415, 743, 1, 2, 1
452, 1, 738, 370, 414, 743, 1, 2, 1
453, 1, 737, 370, 415, 744, 1, 2, 1
454, 1, 738, 370, 414, 743, 1, 2, 1
455, 1, 739, 370, 414, 743, 1, 2, 1
456, 1, 739, 370, 413, 743, 1, 2, 1
457, 1, 739, 370, 414, 743, 1, 2, 1
458, 1, 739, 371, 414, 740, 1, 2, 1
459, 1, 740, 371, 413, 742, 1, 2, 1
460, 1, 739, 371, 414, 741, 1, 2, 1
461, 1, 738, 371, 414, 740, 1, 2, 1
462, 1, 738, 371, 415, 740, 1, 2, 1
463, 1, 738, 370, 415, 742, 1, 2, 1
464, 1, 739, 370, 412, 741, 1, 2, 1
465, 1, 738, 370, 414, 741, 1, 2, 1
466, 1, 738, 369, 415, 742, 1, 2, 1
467, 1, 737, 369, 415, 743, 1, 2, 1
468, 1, 737, 369, 416, 743, 1, 2, 1
469, 1, 738, 369, 414, 743, 1, 2, 1
470, 1, 737, 369, 415, 745, 1, 2, 1
471, 1, 737, 368, 415, 744, 1, 2, 1
472, 1, 738, 369, 414, 744, 1, 2, 1
473, 1, 737, 368, 416, 744, 1, 2, 1
474, 1, 739, 369, 414, 743, 1, 2, 1
475, 1, 739, 368, 413, 744, 1, 2, 1
476, 1, 738, 369, 415, 743, 1, 2, 1
477, 1, 739, 368, 413, 743, 1, 2, 1
478, 1, 738, 369, 415, 743, 1, 2, 1
479, 1, 738, 369, 415, 743, 1, 2, 1
480, 1, 738, 370, 414, 743, 1, 2, 1
481, 1, 737, 370, 415, 743, 1, 2, 1
482, 1, 738, 370, 415, 743, 1, 2, 1
483, 1, 737, 371, 416, 742, 1, 2, 1
484, 1, 737, 371, 416, 743, 1, 2, 1
485, 1, 736, 371, 416, 742, 1, 2, 1
486, 1, 736, 372, 416, 740, 1, 2, 1
487, 1, 736, 372, 416, 740, 1, 2, 1
488, 1, 736, 373, 416, 739, 1, 2, 1
489, 1, 735, 373, 416, 739, 1, 2, 1
490, 1, 736, 373, 417, 739, 1, 2, 1
491, 1, 737, 374, 414, 738, 1, 2, 1
492, 1, 736, 374, 415, 738, 1, 2, 1
493, 1, 737, 374, 413, 738, 1, 2, 1
494, 1, 736, 374, 414, 738, 1, 2, 1
495, 1, 736, 374, 414, 738, 1, 2, 1
496, 1, 735, 374, 415, 738, 1, 2, 1
497, 1, 736, 375, 414, 736, 1, 2, 1
498, 1, 736, 375, 414, 736, 1, 2, 1
499, 1, 737, 375, 414, 736, 1, 2, 1
500, 1, 736, 375, 415, 739, 1, 2, 1
501, 1, 737, 375, 413, 738, 1, 2, 1
502, 1, 737, 375, 413, 738, 1, 2, 1
503, 1, 737, 375, 413, 738, 1, 2, 1
504, 1, 736, 375, 414, 738, 1, 2, 1
505, 1, 737, 375, 413, 739, 1, 2, 1
506, 1, 738, 375, 412, 737, 1, 2, 1
507, 1, 738, 375, 412, 737, 1, 2, 1
508, 1, 737, 375, 414, 738, 1, 2, 1
509, 1, 737, 374, 413, 738, 1, 2, 1
510, 1, 737, 374, 413, 738, 1, 2, 1
511, 1, 737, 373, 413, 739, 1, 2, 1
512, 1, 738, 373, 412, 739, 1, 2, 1
513, 1, 738, 373, 412, 739, 1, 2, 1
514, 1, 737, 373, 414, 740, 1, 2, 1
515, 1, 738, 372, 413, 740, 1, 2, 1
516, 1, 738, 372, 412, 740, 1, 2, 1
517, 1, 738, 372, 413, 740, 1, 2, 1
518, 1, 738, 371, 412, 741, 1, 2, 1
519, 1, 737, 371, 414, 742, 1, 2, 1
520, 1, 738, 371, 413, 743, 1, 2, 1
521, 1, 738, 371, 412, 741, 1, 2, 1
522, 1, 738, 371, 413, 741, 1, 2, 1
523, 1, 738, 370, 413, 742, 1, 2, 1
524, 1, 738, 370, 414, 742, 1, 2, 1
525, 1, 738, 370, 414, 743, 1, 2, 1
526, 1, 737, 371, 414, 741, 1, 2, 1
527, 1, 737, 371, 415, 742, 1, 2, 1
528, 1, 738, 372, 413, 741, 1, 2, 1
529, 1, 739, 372, 412, 741, 1, 2, 1
530, 1, 738, 373, 413, 739, 1, 2, 1
531, 1, 738, 373, 413, 740, 1, 2, 1
532, 1, 738, 373, 414, 740, 1, 2, 1
533, 1, 738, 373, 413, 740, 1, 2, 1
534, 1, 738, 374, 414, 739, 1, 2, 1
535, 1, 739, 374, 412, 739, 1, 2, 1
536, 1, 739, 375, 412, 739, 1, 2, 1
537, 1, 739, 375, 412, 737, 1, 2, 1
538, 1, 739, 375, 413, 738, 1, 2, 1
539, 1, 739, 376, 412, 736, 1, 2, 1
540, 1, 739, 377, 412, 736, 1, 2, 1
541, 1, 740, 377, 412, 735, 1, 2, 1
542, 1, 739, 377, 411, 736, 1, 2, 1
543, 1, 740, 377, 410, 735, 1, 2, 1
544, 1, 738, 378, 412, 735, 1, 2, 1
545, 1, 740, 377, 411, 735, 1, 2, 1
546, 1, 740, 378, 411, 734, 1, 2, 1
547, 1, 741, 379, 409, 733, 1, 2, 1
548, 1, 741, 380, 409, 733, 1, 2, 1
549, 1, 740, 381, 409, 731, 1, 2, 1
550, 1, 740, 381, 412, 731, 1, 2, 1
551, 1, 741, 381, 411, 732, 1, 2, 1
552, 1, 740, 382, 411, 730, 1, 2, 1
553, 1, 741, 382, 409, 731, 1, 2, 1
554, 1, 741, 383, 409, 729, 1, 2, 1
555, 1, 740, 383, 410, 729, 1, 2, 1
556, 1, 741, 383, 409, 729, 1, 2, 1
557, 1, 740, 383, 410, 730, 1, 2, 1
558, 1, 741, 383, 410, 730, 1, 2, 1
559, 1, 741, 383, 409, 730, 1, 2, 1
560, 1, 742, 383, 409, 730, 1, 2, 1
561, 1, 742, 383, 410, 731, 1, 2, 1
562, 1, 742, 383, 411, 731, 1, 2, 1
563, 1, 742, 383, 410, 730, 1, 2, 1
564, 1, 742, 383, 409, 730, 1, 2, 1
565, 1, 742, 383, 411, 730, 1, 2, 1
566, 1, 742, 383, 410, 730, 1, 2, 1
567, 1, 742, 383, 410, 730, 1, 2, 1
568, 1, 742, 383, 410, 730, 1, 2, 1
569, 1, 742, 382, 411, 731, 1, 2, 1
570, 1, 741, 382, 411, 731, 1, 2, 1
571, 1, 742, 381, 410, 732, 1, 2, 1
572, 1, 741, 381, 411, 732, 1, 2, 1
573, 1, 742, 381, 411, 732, 1, 2, 1
574, 1, 743, 381, 409, 732, 1, 2, 1
575, 1, 742, 381, 410, 732, 1, 2, 1
576, 1, 743, 381, 409, 733, 1, 2, 1
577, 1, 742, 381, 410, 732, 1, 2, 1
578, 1, 742, 381, 411, 733, 1, 2, 1
579, 1, 743, 381, 410, 733, 1, 2, 1
580, 1, 743, 381, 410, 732, 1, 2, 1
581, 1, 743, 381, 409, 733, 1, 2, 1
582, 1, 744, 381, 408, 732, 1, 2, 1
583, 1, 744, 380, 408, 733, 1, 2, 1
584, 1, 744, 380, 409, 733, 1, 2, 1
585, 1, 744, 380, 408, 733, 1, 2, 1
586, 1, 745, 380, 407, 733, 1, 2, 1
587, 1, 744, 381, 408, 732, 1, 2, 1
588, 1, 746, 380, 407, 733, 1, 2, 1
589, 1, 746, 380, 407, 733, 1, 2, 1
590, 1, 746, 380, 406, 734, 1, 2, 1
591, 1, 745, 380, 407, 734, 1, 2, 1
592, 1, 745, 380, 407, 734, 1, 2, 1
593, 1, 746, 380, 407, 734, 1, 2, 1
594, 1, 748, 379, 404, 734, 1, 2, 1
595, 1, 748, 379, 405, 734, 1, 2, 1
596, 1, 748, 378, 405, 736, 1, 2, 1
597, 1, 747, 379, 404, 735, 1, 2, 1
598, 1, 747, 378, 405, 735, 1, 2, 1
599, 1, 747, 376, 406, 738, 1, 2, 1
600, 1, 746, 373, 407, 740, 1, 2, 1
601, 1, 745, 371, 407, 742, 1, 2, 1
602, 1, 745, 369, 408, 744, 1, 2, 1
603, 1, 743, 369, 411, 744, 1, 2, 1
604, 1, 740, 367, 415, 747, 1, 2, 1
605, 1, 739, 368, 415, 744, 1, 2, 1
606, 1, 737, 368, 417, 745, 1, 2, 1
607, 1, 734, 367, 419, 746, 1, 2, 1
608, 1, 731, 369, 422, 744, 1, 2, 1
609, 1, 726, 370, 426, 742, 1, 2, 1
610, 1, 719, 371, 433, 742, 1, 2, 1
611, 1, 717, 370, 436, 743, 1, 2, 1
612, 1, 712, 370, 442, 742, 1, 2, 1
613, 1, 708, 371, 446, 741, 1, 2, 1
614, 1, 704, 372, 449, 740, 1, 2, 1
615, 1, 703, 372, 451, 740, 1, 2, 1
616, 1, 698, 374, 456, 739, 1, 2, 1
617, 1, 691, 375, 464, 737, 1, 2, 1
618, 1, 690, 376, 465, 737, 1, 2, 1
619, 1, 688, 377, 466, 737, 1, 2, 1
620, 1, 687, 377, 467, 737, 1, 2, 1
621, 1, 685, 375, 470, 738, 1, 2, 1
622, 1, 684, 374, 470, 739, 1, 2, 1
623, 1, 683, 373, 472, 741, 1, 2, 1
624, 1, 682, 370, 472, 744, 1, 2, 1
625, 1, 681, 366, 474, 749, 1, 2, 1
626, 1, 680, 365, 475, 748, 1, 2, 1
627, 1, 680, 363, 474, 750, 1, 2, 1
628, 1, 681, 362, 473, 752, 1, 2, 1
629, 1, 682, 360, 473, 754, 1, 2, 1
630, 1, 684, 359, 470, 755, 1, 2, 1
631, 1, 684, 358, 470, 753, 1, 2, 1
632, 1, 686, 356, 467, 757, 1, 2, 1
633, 1, 690, 353, 463, 760, 1, 2, 1
634, 1, 691, 352, 461, 759, 1, 2, 1
635, 1, 692, 351, 456, 761, 1, 2, 1
636, 1, 693, 350, 446, 762, 1, 2, 1
637, 1, 696, 352, 426, 761, 1, 2, 1
638, 1, 696, 352, 412, 761, 1, 2, 1
639, 1, 697, 355, 397, 760, 1, 2, 1
640, 1, 699, 356, 386, 759, 1, 2, 1
641, 1, 700, 359, 380, 754, 1, 2, 1
642, 1, 702, 363, 373, 751, 1, 2, 1
643, 1, 701, 367, 375, 749, 1, 2, 1
644, 1, 702, 372, 374, 744, 1, 2, 1
645, 1, 703, 376, 371, 741, 1, 2, 1
646, 1, 703, 379, 372, 738, 1, 2, 1
647, 1, 706, 380, 369, 736, 1, 2, 1
648, 1, 707, 378, 368, 738, 1, 2, 1
649, 1, 711, 376, 364, 741, 1, 2, 1
650, 1, 719, 375, 355, 742, 1, 2, 1
651, 1, 732, 372, 352, 746, 1, 2, 1
652, 1, 740, 368, 333, 749, 1, 2, 1
653, 1, 745, 363, 333, 752, 1, 2, 1
654, 1, 753, 357, 323, 760, 1, 2, 1
655, 1, 755, 348, 320, 768, 1, 2, 1
656, 1, 755, 337, 355, 778, 1, 2, 1
657, 1, 757, 327, 355, 791, 1, 2, 1
658, 1, 757, 318, 354, 800, 1, 2, 1
659, 1, 757, 310, 359, 810, 1, 2, 1
660, 1, 755, 307, 359, 814, 1, 2, 1
661, 1, 752, 306, 362, 812, 1, 2, 1
662, 1, 751, 307, 364, 809, 1, 2, 1
663, 1, 746, 310, 367, 809, 1, 2, 1
664, 1, 744, 315, 371, 801, 1, 2, 1
665, 1, 737, 326, 378, 783, 1, 2, 1
666, 1, 735, 341, 379, 768, 1, 2, 1
667, 1, 731, 359, 387, 754, 1, 2, 1
668, 1, 728, 378, 391, 735, 1, 2, 1
669, 1, 726, 400, 393, 713, 1, 2, 1
670, 1, 722, 426, 400, 687, 1, 2, 1
671, 1, 719, 452, 405, 661, 1, 2, 1
672, 1, 714, 473, 409, 640, 1, 2, 1
673, 1, 713, 497, 406, 614, 1, 2, 1
674, 1, 714, 518, 411, 596, 1, 2, 1
675, 1, 713, 536, 412, 577, 1, 2, 1
676, 1, 715, 551, 408, 563, 1, 2, 1
677, 1, 719, 566, 404, 547, 1, 2, 1
678, 1, 723, 577, 400, 537, 1, 2, 1
679, 1, 727, 587, 397, 525, 1, 2, 1
680, 1, 731, 596, 391, 518, 1, 2, 1
681, 1, 732, 604, 388, 508, 1, 2, 1
682, 1, 735, 608, 390, 505, 1, 2, 1
683, 1, 738, 612, 386, 502, 1, 2, 1
684, 1, 740, 620, 385, 493, 1, 2, 1
685, 1, 743, 626, 383, 485, 1, 2, 1
686, 1, 745, 631, 380, 480, 1, 2, 1
687, 1, 749, 633, 373, 479, 1, 2, 1
688, 1, 751, 636, 370, 475, 1, 2, 1
689, 1, 753, 637, 370, 474, 1, 2, 1
690, 1, 753, 638, 367, 475, 1, 2, 1
691, 1, 754, 638, 361, 474, 1, 2, 1
692, 1, 755, 638, 358, 474, 1, 2, 1
693, 1, 756, 636, 363, 476, 1, 2, 1
694, 1, 757, 632, 363, 481, 1, 2, 1
695, 1, 760, 628, 358, 485, 1, 2, 1
696, 1, 761, 623, 354, 489, 1, 2, 1
697, 1, 767, 616, 352, 497, 1, 2, 1
698, 1, 769, 609, 353, 504, 1, 2, 1
699, 1, 762, 605, 358, 507, 1, 2, 1
700, 1, 766, 599, 356, 515, 1, 2, 1
701, 1, 777, 592, 344, 522, 1, 2, 1
702, 1, 762, 582, 359, 533, 1, 2, 1
703, 1, 749, 574, 372, 538, 1, 2, 1
704, 1, 756, 567, 368, 545, 1, 2, 1
705, 1, 752, 557, 368, 553, 1, 2, 1
706, 1, 738, 550, 385, 562, 1, 2, 1
707, 1, 733, 546, 390, 563, 1, 2, 1
708, 1, 723, 541, 399, 570, 1, 2, 1
709, 1, 717, 534, 404, 579, 1, 2, 1
710, 1, 711, 529, 405, 583, 1, 2, 1
711, 1, 713, 523, 403, 589, 1, 2, 1
712, 1, 711, 519, 405, 592, 1, 2, 1
713, 1, 710, 515, 404, 598, 1, 2, 1
714, 1, 706, 511, 408, 601, 1, 2, 1
715, 1, 704, 506, 413, 606, 1, 2, 1
716, 1, 702, 501, 415, 612, 1, 2, 1
717, 1, 701, 497, 416, 614, 1, 2, 1
718, 1, 697, 493, 420, 618, 1, 2, 1
719, 1, 695, 491, 425, 622, 1, 2, 1
720, 1, 694, 489, 425, 623, 1, 2, 1
721, 1, 691, 487, 427, 625, 1, 2, 1
722, 1, 688, 485, 433, 626, 1, 2, 1
723, 1, 687, 484, 433, 627, 1, 2, 1
724, 1, 686, 483, 435, 629, 1, 2, 1
725, 1, 684, 483, 437, 628, 1, 2, 1
726, 1, 684, 483, 436, 628, 1, 2, 1
727, 1, 682, 483, 439, 627, 1, 2, 1
728, 1, 681, 483, 441, 629, 1, 2, 1
729, 1, 680, 483, 439, 628, 1, 2, 1
730, 1, 679, 484, 442, 627, 1, 2, 1
731, 1, 678, 484, 443, 628, 1, 2, 1
732, 1, 677, 485, 445, 625, 1, 2, 1
733, 1, 677, 484, 443, 627, 1, 2, 1
734, 1, 676, 484, 445, 627, 1, 2, 1
735, 1, 675, 484, 445, 626, 1, 2, 1
736, 1, 675, 484, 447, 627, 1, 2, 1
737, 1, 675, 483, 448, 627, 1, 2, 1
738, 1, 675, 483, 448, 628, 1, 2, 1
739, 1, 674, 483, 447, 627, 1, 2, 1
740, 1, 675, 482, 448, 628, 1, 2, 1
741, 1, 675, 482, 447, 629, 1, 2, 1
742, 1, 674, 482, 447, 628, 1, 2, 1
743, 1, 674, 482, 448, 629, 1, 2, 1
744, 1, 674, 482, 446, 629, 1, 2, 1
745, 1, 674, 482, 448, 629, 1, 2, 1
746, 1, 675, 482, 446, 630, 1, 2, 1
747, 1, 675, 482, 446, 629, 1, 2, 1
748, 1, 677, 482, 445, 629, 1, 2, 1
749, 1, 677, 482, 446, 628, 1, 2, 1
750, 1, 678, 482, 446, 628, 1, 2, 1
751, 1, 678, 482, 446, 628, 1, 2, 1
752, 1, 678, 482, 445, 628, 1, 2, 1
753, 1, 678, 482, 444, 628, 1, 2, 1
754, 1, 676, 482, 447, 629, 1, 2, 1
755, 1, 678, 482, 443, 629, 1, 2, 1
756, 1, 677, 482, 444, 628, 1, 2, 1
757, 1, 677, 483, 444, 627, 1, 2, 1
758, 1, 676, 483, 446, 627, 1, 2, 1
759, 1, 676, 483, 444, 627, 1, 2, 1
760, 1, 676, 483, 445, 627, 1, 2, 1
761, 1, 676, 483, 446, 627, 1, 2, 1
762, 1, 676, 483, 445, 627, 1, 2, 1
763, 1, 676, 483, 446, 627, 1, 2, 1
764, 1, 675, 483, 445, 628, 1, 2, 1
765, 1, 674, 483, 447, 628, 1, 2, 1
766, 1, 674, 483, 448, 628, 1, 2, 1
767, 1, 673, 484, 448, 627, 1, 2, 1
768, 1, 674, 484, 447, 627, 1, 2, 1
769, 1, 673, 484, 449, 627, 1, 2, 1
770, 1, 673, 484, 448, 627, 1, 2, 1
771, 1, 672, 484, 448, 627, 1, 2, 1
772, 1, 672, 484, 448, 626, 1, 2, 1
773, 1, 673, 484, 448, 626, 1, 2, 1
774, 1, 672, 484, 448, 627, 1, 2, 1
775, 1, 672, 484, 448, 628, 1, 2, 1
776, 1, 672, 484, 450, 628, 1, 2, 1
777, 1, 672, 484, 449, 628, 1, 2, 1
778, 1, 672, 484, 448, 628, 1, 2, 1
779, 1, 670, 484, 451, 627, 1, 2, 1
780, 1, 671, 485, 449, 627, 1, 2, 1
781, 1, 671, 485, 449, 626, 1, 2, 1
782, 1, 671, 485, 449, 626, 1, 2, 1
783, 1, 670, 485, 450, 626, 1, 2, 1
784, 1, 671, 486, 449, 625, 1, 2, 1
785, 1, 671, 486, 449, 624, 1, 2, 1
786, 1, 671, 486, 449, 624, 1, 2, 1
787, 1, 670, 486, 450, 624, 1, 2, 1
788, 1, 670, 486, 450, 624, 1, 2, 1
789, 1, 670, 486, 449, 624, 1, 2, 1
790, 1, 670, 486, 451, 624, 1, 2, 1
791, 1, 671, 487, 450, 624, 1, 2, 1
792, 1, 671, 487, 448, 623, 1, 2, 1
793, 1, 670, 487, 450, 624, 1, 2, 1
794, 1, 669, 487, 452, 623, 1, 2, 1
795, 1, 670, 487, 450, 623, 1, 2, 1
796, 1, 670, 487, 449, 623, 1, 2, 1
797, 1, 670, 487, 451, 624, 1, 2, 1
798, 1, 669, 487, 447, 625, 1, 2, 1
799, 1, 670, 487, 444, 624, 1, 2, 1
800, 1, 669, 487, 446, 625, 1, 2, 1
787, 2, 2180, 280, 278, 782, 1, 1, 1
788, 2, 2165, 262, 292, 728, 1, 1, 1
789, 2, 2149, 258, 307, 692, 1, 1, 1
790, 2, 2134, 237, 324, 705, 1, 1, 1
791, 2, 2121, 220, 337, 718, 1, 1, 1
792, 2, 2105, 202, 352, 734, 1, 1, 1
793, 2, 2093, 198, 365, 779, 1, 1, 1
794, 2, 2091, 192, 368, 821, 1, 1, 1
795, 2, 2064, 183, 395, 777, 1, 1, 1
796, 2, 2053, 178, 404, 782, 1, 1, 1
797, 2, 2036, 171, 421, 787, 1, 1, 1
798, 2, 2019, 167, 438, 831, 1, 1, 1
799, 2, 2004, 168, 452, 778, 1, 1, 1
800, 2, 1983, 164, 468, 824, 1, 1, 1