1, 1, 351, 342, 510, 367, 1, 7, 1
2, 1, 350, 340, 505, 368, 1, 7, 1
3, 1, 351, 339, 504, 368, 1, 7, 1
4, 1, 351, 339, 502, 368, 1, 7, 1
5, 1, 351, 338, 500, 369, 1, 7, 1
6, 1, 351, 337, 498, 369, 1, 7, 1
7, 1, 350, 337, 501, 369, 1, 7, 1
8, 1, 352, 338, 497, 369, 1, 7, 1
9, 1, 352, 338, 494, 369, 1, 7, 1
10, 1, 352, 338, 486, 368, 1, 7, 1
11, 1, 353, 339, 481, 365, 1, 7, 1
12, 1, 354, 338, 480, 366, 1, 7, 1
13, 1, 354, 339, 480, 367, 1, 7, 1
14, 1, 352, 339, 477, 364, 1, 7, 1
15, 1, 353, 339, 475, 364, 1, 7, 1
16, 1, 354, 339, 471, 366, 1, 7, 1
17, 1, 354, 338, 470, 368, 1, 7, 1
18, 1, 355, 337, 466, 368, 1, 7, 1
19, 1, 355, 337, 466, 368, 1, 7, 1
20, 1, 355, 337, 463, 366, 1, 7, 1
21, 1, 354, 337, 462, 368, 1, 7, 1
22, 1, 355, 337, 461, 368, 1, 7, 1
23, 1, 356, 337, 458, 368, 1, 7, 1
24, 1, 356, 337, 457, 368, 1, 7, 1
25, 1, 356, 337, 454, 368, 1, 7, 1
26, 1, 358, 337, 451, 369, 1, 7, 1
27, 1, 357, 337, 451, 367, 1, 7, 1
28, 1, 358, 338, 448, 369, 1, 7, 1
29, 1, 360, 338, 446, 366, 1, 7, 1
30, 1, 360, 338, 444, 368, 1, 7, 1
31, 1, 360, 339, 443, 366, 1, 7, 1
32, 1, 361, 339, 439, 367, 1, 7, 1
33, 1, 363, 339, 435, 366, 1, 7, 1
34, 1, 363, 337, 430, 369, 1, 7, 1
35, 1, 365, 338, 428, 367, 1, 7, 1
36, 1, 365, 337, 426, 367, 1, 7, 1
37, 1, 366, 337, 421, 368, 1, 7, 1
38, 1, 366, 338, 418, 367, 1, 7, 1
39, 1, 368, 339, 415, 366, 1, 7, 1
40, 1, 367, 340, 415, 366, 1, 7, 1
41, 1, 367, 339, 411, 368, 1, 7, 1
42, 1, 368, 339, 410, 366, 1, 7, 1
43, 1, 367, 339, 407, 366, 1, 7, 1
44, 1, 369, 339, 405, 366, 1, 7, 1
45, 1, 370, 340, 401, 365, 1, 7, 1
46, 1, 370, 340, 400, 364, 1, 7, 1
47, 1, 371, 339, 390, 365, 1, 7, 1
48, 1, 372, 340, 389, 363, 1, 7, 1
49, 1, 372, 340, 383, 365, 1, 7, 1
50, 1, 373, 340, 381, 362, 1, 7, 1
51, 1, 373, 341, 379, 362, 1, 7, 1
52, 1, 374, 339, 365, 362, 1, 7, 1
53, 1, 375, 339, 360, 360, 1, 7, 1
54, 1, 376, 339, 362, 362, 1, 7, 1
55, 1, 375, 340, 349, 360, 1, 7, 1
56, 1, 374, 342, 346, 356, 1, 7, 1
57, 1, 376, 342, 342, 357, 1, 7, 1
58, 1, 377, 342, 334, 357, 1, 7, 1
59, 1, 376, 341, 334, 358, 1, 7, 1
60, 1, 376, 340, 330, 362, 1, 7, 1
61, 1, 375, 341, 330, 363, 1, 7, 1
62, 1, 375, 341, 315, 356, 1, 7, 1
63, 1, 373, 340, 313, 355, 1, 7, 1
64, 1, 374, 338, 304, 359, 1, 7, 1
65, 1, 375, 340, 301, 357, 1, 7, 1
66, 1, 374, 340, 294, 355, 1, 7, 1
67, 1, 373, 339, 303, 355, 1, 7, 1
68, 1, 372, 338, 307, 355, 1, 7, 1
69, 1, 372, 337, 305, 358, 1, 7, 1
70, 1, 373, 336, 307, 359, 1, 7, 1
71, 1, 373, 336, 306, 361, 1, 7, 1
72, 1, 370, 334, 310, 364, 1, 7, 1
73, 1, 370, 335, 307, 355, 1, 7, 1
74, 1, 369, 336, 308, 352, 1, 7, 1
75, 1, 369, 336, 310, 352, 1, 7, 1
76, 1, 369, 335, 308, 353, 1, 7, 1
77, 1, 369, 335, 309, 354, 1, 7, 1
78, 1, 369, 334, 308, 355, 1, 7, 1
79, 1, 370, 334, 307, 354, 1, 7, 1
80, 1, 369, 334, 309, 355, 1, 7, 1
81, 1, 369, 333, 309, 355, 1, 7, 1
82, 1, 367, 333, 309, 356, 1, 7, 1
83, 1, 368, 334, 309, 356, 1, 7, 1
84, 1, 368, 332, 311, 357, 1, 7, 1
85, 1, 367, 333, 312, 358, 1, 7, 1
86, 1, 366, 334, 312, 352, 1, 7, 1
87, 1, 366, 334, 312, 352, 1, 7, 1
88, 1, 367, 333, 310, 355, 1, 7, 1
89, 1, 369, 335, 308, 350, 1, 7, 1
90, 1, 367, 335, 309, 350, 1, 7, 1
91, 1, 367, 335, 308, 350, 1, 7, 1
92, 1, 369, 336, 306, 349, 1, 7, 1
93, 1, 370, 335, 305, 348, 1, 7, 1
94, 1, 373, 335, 300, 348, 1, 7, 1
95, 1, 370, 336, 303, 346, 1, 7, 1
96, 1, 374, 334, 300, 348, 1, 7, 1
97, 1, 374, 335, 299, 346, 1, 7, 1
98, 1, 373, 336, 300, 344, 1, 7, 1
99, 1, 374, 335, 299, 345, 1, 7, 1
100, 1, 373, 335, 301, 344, 1, 7, 1
101, 1, 373, 336, 300, 342, 1, 7, 1
102, 1, 371, 337, 303, 342, 1, 7, 1
103, 1, 373, 338, 301, 340, 1, 7, 1
104, 1, 376, 336, 299, 343, 1, 7, 1
105, 1, 373, 336, 302, 342, 1, 7, 1
106, 1, 372, 335, 301, 344, 1, 7, 1
107, 1, 369, 335, 305, 344, 1, 7, 1
108, 1, 368, 335, 306, 344, 1, 7, 1
109, 1, 361, 334, 311, 345, 1, 7, 1
110, 1, 355, 333, 318, 348, 1, 7, 1
111, 1, 351, 333, 322, 347, 1, 7, 1
112, 1, 350, 333, 323, 347, 1, 7, 1
113, 1, 346, 335, 326, 346, 1, 7, 1
114, 1, 338, 334, 335, 348, 1, 7, 1
115, 1, 338, 335, 334, 346, 1, 7, 1
116, 1, 335, 334, 339, 346, 1, 7, 1
117, 1, 330, 334, 343, 345, 1, 7, 1
118, 1, 325, 334, 349, 345, 1, 7, 1
119, 1, 320, 332, 354, 348, 1, 7, 1
120, 1, 314, 331, 360, 350, 1, 7, 1
121, 1, 307, 331, 368, 351, 1, 7, 1
122, 1, 302, 330, 373, 352, 1, 7, 1
123, 1, 295, 329, 381, 353, 1, 7, 1
124, 1, 289, 330, 387, 352, 1, 7, 1
125, 1, 285, 331, 391, 351, 1, 7, 1
126, 1, 280, 330, 395, 353, 1, 7, 1
127, 1, 274, 330, 401, 357, 1, 7, 1
128, 1, 270, 330, 406, 356, 1, 7, 1
129, 1, 265, 329, 411, 360, 1, 7, 1
130, 1, 264, 330, 412, 359, 1, 7, 1
131, 1, 261, 329, 416, 355, 1, 7, 1
132, 1, 258, 328, 418, 363, 1, 7, 1
133, 1, 255, 328, 422, 366, 1, 7, 1
134, 1, 250, 327, 429, 367, 1, 7, 1
135, 1, 247, 327, 431, 374, 1, 7, 1
136, 1, 245, 328, 434, 374, 1, 7, 1
137, 1, 245, 328, 434, 374, 1, 7, 1
138, 1, 244, 326, 434, 377, 1, 7, 1
139, 1, 242, 327, 437, 377, 1, 7, 1
140, 1, 242, 326, 438, 377, 1, 7, 1
141, 1, 242, 325, 439, 380, 1, 7, 1
142, 1, 244, 325, 438, 381, 1, 7, 1
143, 1, 242, 325, 439, 380, 1, 7, 1
144, 1, 244, 325, 438, 380, 1, 7, 1
145, 1, 244, 323, 437, 381, 1, 7, 1
146, 1, 245, 322, 436, 384, 1, 7, 1
147, 1, 245, 320, 436, 384, 1, 7, 1
148, 1, 246, 319, 435, 387, 1, 7, 1
149, 1, 246, 317, 435, 387, 1, 7, 1
150, 1, 248, 316, 434, 387, 1, 7, 1
151, 1, 249, 314, 433, 389, 1, 7, 1
152, 1, 249, 313, 434, 391, 1, 7, 1
153, 1, 249, 311, 433, 391, 1, 7, 1
154, 1, 249, 310, 432, 392, 1, 7, 1
155, 1, 249, 309, 434, 394, 1, 7, 1
156, 1, 252, 309, 429, 392, 1, 7, 1
157, 1, 251, 309, 430, 392, 1, 7, 1
158, 1, 256, 310, 427, 391, 1, 7, 1
159, 1, 257, 309, 426, 388, 1, 7, 1
160, 1, 258, 308, 426, 387, 1, 7, 1
161, 1, 258, 307, 425, 389, 1, 7, 1
162, 1, 260, 306, 423, 390, 1, 7, 1
163, 1, 259, 306, 425, 389, 1, 7, 1
164, 1, 261, 305, 423, 390, 1, 7, 1
165, 1, 262, 304, 423, 392, 1, 7, 1
166, 1, 262, 302, 423, 395, 1, 7, 1
167, 1, 263, 302, 421, 395, 1, 7, 1
168, 1, 264, 300, 420, 395, 1, 7, 1
169, 1, 263, 299, 421, 396, 1, 7, 1
170, 1, 264, 297, 419, 399, 1, 7, 1
171, 1, 263, 295, 420, 403, 1, 7, 1
172, 1, 265, 293, 419, 404, 1, 7, 1
173, 1, 267, 291, 418, 404, 1, 7, 1
174, 1, 268, 290, 417, 405, 1, 7, 1
175, 1, 270, 289, 414, 406, 1, 7, 1
176, 1, 268, 288, 416, 406, 1, 7, 1
177, 1, 270, 288, 415, 406, 1, 7, 1
178, 1, 273, 288, 412, 407, 1, 7, 1
179, 1, 273, 288, 411, 406, 1, 7, 1
180, 1, 274, 287, 409, 406, 1, 7, 1
181, 1, 277, 287, 409, 405, 1, 7, 1
182, 1, 276, 286, 408, 407, 1, 7, 1
183, 1, 279, 286, 406, 406, 1, 7, 1
184, 1, 281, 286, 404, 405, 1, 7, 1
185, 1, 281, 284, 404, 408, 1, 7, 1
186, 1, 285, 285, 400, 405, 1, 7, 1
187, 1, 286, 285, 400, 406, 1, 7, 1
188, 1, 286, 285, 400, 405, 1, 7, 1
189, 1, 287, 285, 399, 404, 1, 7, 1
190, 1, 290, 285, 396, 404, 1, 7, 1
191, 1, 291, 284, 396, 403, 1, 7, 1
192, 1, 290, 284, 397, 401, 1, 7, 1
193, 1, 292, 283, 395, 405, 1, 7, 1
194, 1, 294, 283, 392, 403, 1, 7, 1
195, 1, 297, 282, 390, 404, 1, 7, 1
196, 1, 300, 282, 386, 404, 1, 7, 1
197, 1, 302, 282, 385, 403, 1, 7, 1
198, 1, 302, 282, 387, 402, 1, 7, 1
199, 1, 302, 282, 386, 403, 1, 7, 1
200, 1, 305, 281, 385, 405, 1, 7, 1
201, 1, 309, 282, 379, 404, 1, 7, 1
202, 1, 310, 280, 380, 405, 1, 7, 1
203, 1, 309, 280, 380, 404, 1, 7, 1
204, 1, 312, 279, 377, 405, 1, 7, 1
205, 1, 313, 279, 377, 407, 1, 7, 1
206, 1, 316, 280, 373, 405, 1, 7, 1
207, 1, 318, 281, 371, 404, 1, 7, 1
208, 1, 318, 281, 371, 404, 1, 7, 1
209, 1, 320, 285, 368, 400, 1, 7, 1
210, 1, 321, 286, 367, 399, 1, 7, 1
211, 1, 324, 286, 363, 399, 1, 7, 1
212, 1, 325, 287, 361, 397, 1, 7, 1
213, 1, 327, 289, 360, 395, 1, 7, 1
214, 1, 329, 289, 357, 395, 1, 7, 1
215, 1, 328, 288, 358, 397, 1, 7, 1
216, 1, 328, 289, 358, 395, 1, 7, 1
217, 1, 330, 289, 357, 396, 1, 7, 1
218, 1, 329, 286, 358, 400, 1, 7, 1
219, 1, 327, 285, 360, 401, 1, 7, 1
220, 1, 326, 281, 362, 405, 1, 7, 1
221, 1, 326, 279, 361, 406, 1, 7, 1
222, 1, 322, 277, 365, 408, 1, 7, 1
223, 1, 322, 275, 365, 409, 1, 7, 1
224, 1, 320, 272, 367, 410, 1, 7, 1
225, 1, 317, 270, 370, 412, 1, 7, 1
226, 1, 316, 268, 371, 414, 1, 7, 1
227, 1, 315, 267, 371, 414, 1, 7, 1
228, 1, 314, 265, 371, 416, 1, 7, 1
229, 1, 314, 264, 369, 418, 1, 7, 1
230, 1, 312, 263, 371, 419, 1, 7, 1
231, 1, 312, 264, 371, 419, 1, 7, 1
232, 1, 310, 264, 371, 418, 1, 7, 1
233, 1, 310, 264, 371, 418, 1, 7, 1
234, 1, 310, 265, 369, 418, 1, 7, 1
235, 1, 308, 265, 371, 418, 1, 7, 1
236, 1, 310, 265, 368, 418, 1, 7, 1
237, 1, 309, 265, 370, 420, 1, 7, 1
238, 1, 311, 266, 367, 416, 1, 7, 1
239, 1, 312, 265, 367, 417, 1, 7, 1
240, 1, 313, 265, 366, 418, 1, 7, 1
241, 1, 313, 264, 364, 418, 1, 7, 1
242, 1, 315, 265, 363, 416, 1, 7, 1
243, 1, 316, 265, 361, 417, 1, 7, 1
244, 1, 316, 264, 359, 419, 1, 7, 1
245, 1, 318, 265, 358, 418, 1, 7, 1
246, 1, 317, 267, 359, 417, 1, 7, 1
247, 1, 319, 269, 356, 412, 1, 7, 1
248, 1, 317, 272, 356, 410, 1, 7, 1
249, 1, 317, 275, 358, 408, 1, 7, 1
250, 1, 317, 277, 356, 406, 1, 7, 1
251, 1, 317, 280, 357, 403, 1, 7, 1
252, 1, 317, 283, 357, 401, 1, 7, 1
253, 1, 317, 285, 356, 398, 1, 7, 1
254, 1, 318, 289, 356, 394, 1, 7, 1
255, 1, 318, 291, 355, 392, 1, 7, 1
256, 1, 320, 294, 353, 391, 1, 7, 1
257, 1, 319, 296, 354, 388, 1, 7, 1
258, 1, 321, 299, 352, 389, 1, 7, 1
259, 1, 324, 303, 350, 385, 1, 7, 1
260, 1, 323, 303, 354, 389, 1, 7, 1
261, 1, 323, 304, 353, 389, 1, 7, 1
262, 1, 327, 306, 350, 387, 1, 7, 1
263, 1, 336, 306, 340, 385, 1, 7, 1
264, 1, 339, 306, 337, 387, 1, 7, 1
265, 1, 338, 305, 338, 387, 1, 7, 1
266, 1, 340, 307, 336, 385, 1, 7, 1
267, 1, 343, 306, 333, 385, 1, 7, 1
268, 1, 348, 305, 329, 385, 1, 7, 1
269, 1, 346, 305, 332, 383, 1, 7, 1
270, 1, 349, 306, 329, 384, 1, 7, 1
271, 1, 353, 304, 323, 386, 1, 7, 1
272, 1, 354, 305, 324, 386, 1, 7, 1
273, 1, 355, 304, 322, 386, 1, 7, 1
274, 1, 356, 303, 321, 387, 1, 7, 1
275, 1, 357, 303, 320, 388, 1, 7, 1
276, 1, 357, 300, 320, 390, 1, 7, 1
277, 1, 357, 300, 320, 391, 1, 7, 1
278, 1, 356, 298, 322, 392, 1, 7, 1
279, 1, 357, 298, 319, 393, 1, 7, 1
280, 1, 358, 297, 319, 393, 1, 7, 1
281, 1, 358, 295, 319, 396, 1, 7, 1
282, 1, 358, 294, 319, 397, 1, 7, 1
283, 1, 358, 292, 318, 394, 1, 7, 1
284, 1, 359, 290, 318, 398, 1, 7, 1
285, 1, 359, 289, 319, 400, 1, 7, 1
286, 1, 360, 286, 318, 404, 1, 7, 1
287, 1, 360, 285, 319, 403, 1, 7, 1
288, 1, 361, 284, 316, 404, 1, 7, 1
289, 1, 362, 283, 316, 404, 1, 7, 1
290, 1, 362, 282, 314, 404, 1, 7, 1
291, 1, 363, 282, 314, 403, 1, 7, 1
292, 1, 364, 280, 313, 406, 1, 7, 1
293, 1, 366, 282, 311, 403, 1, 7, 1
294, 1, 366, 280, 311, 405, 1, 7, 1
295, 1, 367, 281, 310, 403, 1, 7, 1
296, 1, 366, 281, 312, 403, 1, 7, 1
297, 1, 368, 281, 311, 402, 1, 7, 1
298, 1, 367, 282, 311, 401, 1, 7, 1
299, 1, 367, 282, 312, 403, 1, 7, 1
300, 1, 367, 282, 311, 404, 1, 7, 1
301, 1, 368, 283, 309, 404, 1, 7, 1
302, 1, 369, 284, 309, 400, 1, 7, 1
303, 1, 369, 284, 308, 401, 1, 7, 1
304, 1, 369, 284, 309, 401, 1, 7, 1
305, 1, 369, 283, 309, 401, 1, 7, 1
306, 1, 371, 284, 306, 399, 1, 7, 1
307, 1, 370, 283, 307, 401, 1, 7, 1
308, 1, 368, 284, 309, 399, 1, 7, 1
309, 1, 370, 283, 308, 401, 1, 7, 1
310, 1, 371, 282, 306, 402, 1, 7, 1
311, 1, 370, 283, 307, 402, 1, 7, 1
312, 1, 370, 283, 308, 403, 1, 7, 1
313, 1, 370, 284, 307, 401, 1, 7, 1
314, 1, 371, 285, 306, 400, 1, 7, 1
315, 1, 369, 286, 309, 399, 1, 7, 1
316, 1, 373, 287, 304, 400, 1, 7, 1
317, 1, 372, 287, 304, 398, 1, 7, 1
318, 1, 372, 287, 305, 399, 1, 7, 1
319, 1, 375, 288, 302, 397, 1, 7, 1
320, 1, 374, 289, 302, 395, 1, 7, 1
321, 1, 372, 289, 306, 395, 1, 7, 1
322, 1, 373, 289, 303, 394, 1, 7, 1
323, 1, 374, 288, 302, 396, 1, 7, 1
324, 1, 374, 286, 304, 399, 1, 7, 1
325, 1, 380, 287, 297, 398, 1, 7, 1
326, 1, 373, 283, 304, 402, 1, 7, 1
327, 1, 378, 281, 298, 405, 1, 7, 1
328, 1, 379, 277, 297, 407, 1, 7, 1
329, 1, 376, 275, 301, 409, 1, 7, 1
330, 1, 374, 274, 302, 411, 1, 7, 1
331, 1, 372, 270, 305, 415, 1, 7, 1
332, 1, 369, 268, 309, 416, 1, 7, 1
333, 1, 368, 266, 309, 417, 1, 7, 1
334, 1, 368, 265, 310, 418, 1, 7, 1
335, 1, 366, 263, 312, 418, 1, 7, 1
336, 1, 359, 261, 319, 424, 1, 7, 1
337, 1, 357, 259, 319, 424, 1, 7, 1
338, 1, 356, 258, 320, 424, 1, 7, 1
339, 1, 352, 258, 324, 425, 1, 7, 1
340, 1, 346, 259, 331, 425, 1, 7, 1
341, 1, 342, 258, 336, 425, 1, 7, 1
342, 1, 338, 259, 339, 424, 1, 7, 1
343, 1, 333, 259, 346, 424, 1, 7, 1
344, 1, 328, 258, 351, 425, 1, 7, 1
345, 1, 325, 258, 353, 425, 1, 7, 1
346, 1, 319, 257, 360, 424, 1, 7, 1
347, 1, 312, 257, 366, 424, 1, 7, 1
348, 1, 307, 256, 372, 426, 1, 7, 1
349, 1, 305, 256, 375, 424, 1, 7, 1
350, 1, 300, 256, 380, 423, 1, 7, 1
351, 1, 290, 257, 391, 421, 1, 7, 1
352, 1, 286, 256, 399, 425, 1, 7, 1
353, 1, 278, 256, 407, 426, 1, 7, 1
354, 1, 277, 256, 409, 424, 1, 7, 1
355, 1, 269, 257, 418, 423, 1, 7, 1
356, 1, 263, 258, 423, 421, 1, 7, 1
357, 1, 261, 259, 427, 421, 1, 7, 1
358, 1, 254, 260, 436, 421, 1, 7, 1
359, 1, 250, 264, 442, 417, 1, 7, 1
360, 1, 244, 262, 450, 422, 1, 7, 1
361, 1, 236, 264, 458, 420, 1, 7, 1
362, 1, 237, 270, 460, 413, 1, 7, 1
363, 1, 232, 271, 464, 413, 1, 7, 1
364, 1, 224, 274, 473, 411, 1, 7, 1
365, 1, 222, 276, 477, 408, 1, 7, 1
366, 1, 223, 280, 474, 403, 1, 7, 1
367, 1, 222, 282, 476, 401, 1, 7, 1
368, 1, 218, 283, 481, 400, 1, 7, 1
369, 1, 218, 285, 482, 400, 1, 7, 1
370, 1, 221, 288, 480, 395, 1, 7, 1
371, 1, 214, 290, 486, 395, 1, 7, 1
372, 1, 215, 292, 486, 396, 1, 7, 1
373, 1, 215, 294, 485, 397, 1, 7, 1
374, 1, 212, 295, 489, 396, 1, 7, 1
375, 1, 210, 296, 493, 397, 1, 7, 1
376, 1, 211, 297, 490, 395, 1, 7, 1
377, 1, 214, 297, 487, 397, 1, 7, 1
378, 1, 214, 296, 488, 397, 1, 7, 1
379, 1, 215, 296, 487, 402, 1, 7, 1
380, 1, 214, 296, 489, 403, 1, 7, 1
381, 1, 214, 297, 489, 402, 1, 7, 1
382, 1, 213, 295, 491, 403, 1, 7, 1
383, 1, 214, 295, 490, 405, 1, 7, 1
384, 1, 216, 293, 490, 405, 1, 7, 1
385, 1, 217, 292, 488, 406, 1, 7, 1
386, 1, 218, 292, 487, 408, 1, 7, 1
387, 1, 218, 291, 488, 407, 1, 7, 1
388, 1, 216, 291, 489, 408, 1, 7, 1
389, 1, 216, 290, 489, 409, 1, 7, 1
390, 1, 219, 290, 487, 407, 1, 7, 1
391, 1, 221, 289, 485, 410, 1, 7, 1
392, 1, 221, 290, 484, 407, 1, 7, 1
393, 1, 225, 290, 480, 405, 1, 7, 1
394, 1, 227, 289, 479, 405, 1, 7, 1
395, 1, 227, 289, 480, 406, 1, 7, 1
396, 1, 229, 290, 477, 406, 1, 7, 1
397, 1, 232, 290, 474, 407, 1, 7, 1
398, 1, 235, 290, 471, 404, 1, 7, 1
399, 1, 235, 289, 472, 403, 1, 7, 1
400, 1, 234, 290, 473, 402, 1, 7, 1
401, 1, 238, 289, 469, 405, 1, 7, 1
402, 1, 238, 290, 467, 403, 1, 7, 1
403, 1, 241, 288, 465, 404, 1, 7, 1
404, 1, 241, 289, 465, 406, 1, 7, 1
405, 1, 245, 289, 459, 405, 1, 7, 1
406, 1, 248, 289, 458, 404, 1, 7, 1
407, 1, 250, 288, 456, 405, 1, 7, 1
408, 1, 251, 289, 454, 405, 1, 7, 1
409, 1, 251, 289, 455, 404, 1, 7, 1
410, 1, 255, 287, 451, 405, 1, 7, 1
411, 1, 257, 287, 449, 406, 1, 7, 1
412, 1, 257, 288, 448, 403, 1, 7, 1
413, 1, 257, 287, 448, 406, 1, 7, 1
414, 1, 260, 289, 445, 403, 1, 7, 1
415, 1, 260, 289, 446, 403, 1, 7, 1
416, 1, 261, 289, 444, 403, 1, 7, 1
417, 1, 263, 290, 442, 402, 1, 7, 1
418, 1, 264, 291, 440, 402, 1, 7, 1
419, 1, 266, 291, 438, 401, 1, 7, 1
420, 1, 267, 291, 438, 399, 1, 7, 1
421, 1, 267, 292, 439, 397, 1, 7, 1
422, 1, 266, 293, 438, 400, 1, 7, 1
423, 1, 264, 293, 443, 394, 1, 7, 1
424, 1, 262, 294, 445, 394, 1, 7, 1
425, 1, 262, 294, 444, 395, 1, 7, 1
426, 1, 262, 293, 445, 395, 1, 7, 1
427, 1, 263, 294, 444, 392, 1, 7, 1
428, 1, 262, 293, 444, 393, 1, 7, 1
429, 1, 263, 292, 443, 395, 1, 7, 1
430, 1, 263, 289, 443, 397, 1, 7, 1
431, 1, 266, 288, 440, 398, 1, 7, 1
432, 1, 268, 286, 439, 399, 1, 7, 1
433, 1, 270, 282, 436, 403, 1, 7, 1
434, 1, 271, 278, 434, 407, 1, 7, 1
435, 1, 272, 277, 432, 407, 1, 7, 1
436, 1, 274, 275, 430, 408, 1, 7, 1
437, 1, 276, 270, 427, 413, 1, 7, 1
438, 1, 278, 268, 425, 416, 1, 7, 1
439, 1, 277, 266, 427, 418, 1, 7, 1
440, 1, 276, 261, 428, 422, 1, 7, 1
441, 1, 275, 258, 427, 424, 1, 7, 1
442, 1, 277, 255, 425, 428, 1, 7, 1
443, 1, 283, 254, 419, 428, 1, 7, 1
444, 1, 291, 251, 408, 430, 1, 7, 1
445, 1, 293, 248, 406, 435, 1, 7, 1
446, 1, 295, 245, 402, 438, 1, 7, 1
447, 1, 298, 243, 397, 439, 1, 7, 1
448, 1, 300, 243, 394, 439, 1, 7, 1
449, 1, 303, 242, 389, 440, 1, 7, 1
450, 1, 305, 242, 388, 441, 1, 7, 1
451, 1, 307, 240, 383, 440, 1, 7, 1
452, 1, 311, 241, 379, 441, 1, 7, 1
453, 1, 314, 241, 374, 441, 1, 7, 1
454, 1, 316, 241, 371, 441, 1, 7, 1
455, 1, 319, 240, 367, 440, 1, 7, 1
456, 1, 323, 241, 360, 440, 1, 7, 1
457, 1, 328, 241, 352, 439, 1, 7, 1
458, 1, 335, 243, 344, 437, 1, 7, 1
459, 1, 338, 243, 340, 438, 1, 7, 1
460, 1, 343, 242, 333, 439, 1, 7, 1
461, 1, 349, 243, 327, 438, 1, 7, 1
462, 1, 354, 245, 322, 436, 1, 7, 1
463, 1, 358, 244, 319, 438, 1, 7, 1
464, 1, 362, 244, 314, 436, 1, 7, 1
465, 1, 366, 245, 311, 435, 1, 7, 1
466, 1, 372, 243, 307, 437, 1, 7, 1
467, 1, 378, 246, 300, 436, 1, 7, 1
468, 1, 381, 246, 296, 435, 1, 7, 1
469, 1, 380, 246, 297, 434, 1, 7, 1
470, 1, 377, 246, 298, 436, 1, 7, 1
471, 1, 377, 246, 298, 437, 1, 7, 1
472, 1, 372, 248, 302, 433, 1, 7, 1
473, 1, 375, 251, 301, 431, 1, 7, 1
474, 1, 372, 250, 303, 434, 1, 7, 1
475, 1, 369, 250, 308, 435, 1, 7, 1
476, 1, 369, 248, 307, 436, 1, 7, 1
477, 1, 369, 248, 308, 436, 1, 7, 1
478, 1, 371, 248, 308, 435, 1, 7, 1
479, 1, 372, 250, 305, 434, 1, 7, 1
480, 1, 370, 248, 304, 436, 1, 7, 1
481, 1, 370, 247, 305, 436, 1, 7, 1
482, 1, 371, 249, 305, 435, 1, 7, 1
483, 1, 369, 244, 306, 438, 1, 7, 1
484, 1, 370, 252, 306, 430, 1, 7, 1
485, 1, 371, 250, 305, 434, 1, 7, 1
486, 1, 369, 252, 307, 430, 1, 7, 1
487, 1, 370, 251, 306, 432, 1, 7, 1
488, 1, 372, 251, 306, 433, 1, 7, 1
489, 1, 371, 251, 307, 435, 1, 7, 1
490, 1, 373, 251, 305, 432, 1, 7, 1
491, 1, 373, 251, 304, 432, 1, 7, 1
492, 1, 370, 249, 309, 434, 1, 7, 1
493, 1, 369, 250, 310, 432, 1, 7, 1
494, 1, 371, 252, 308, 431, 1, 7, 1
495, 1, 371, 250, 308, 433, 1, 7, 1
496, 1, 373, 252, 307, 431, 1, 7, 1
497, 1, 373, 253, 310, 430, 1, 7, 1
498, 1, 373, 254, 314, 430, 1, 7, 1
499, 1, 372, 254, 322, 429, 1, 7, 1
500, 1, 372, 253, 325, 432, 1, 7, 1
501, 1, 370, 255, 335, 429, 1, 7, 1
502, 1, 371, 256, 341, 427, 1, 7, 1
503, 1, 369, 257, 350, 426, 1, 7, 1
504, 1, 369, 257, 353, 425, 1, 7, 1
505, 1, 367, 259, 360, 424, 1, 7, 1
506, 1, 368, 260, 365, 422, 1, 7, 1
507, 1, 367, 261, 371, 421, 1, 7, 1
508, 1, 367, 264, 377, 417, 1, 7, 1
509, 1, 366, 267, 386, 413, 1, 7, 1
510, 1, 367, 267, 392, 412, 1, 7, 1
511, 1, 364, 272, 401, 408, 1, 7, 1
512, 1, 362, 276, 408, 403, 1, 7, 1
513, 1, 361, 278, 411, 402, 1, 7, 1
514, 1, 358, 282, 414, 399, 1, 7, 1
515, 1, 356, 285, 427, 396, 1, 7, 1
516, 1, 356, 288, 430, 392, 1, 7, 1
517, 1, 355, 291, 435, 389, 1, 7, 1
518, 1, 355, 293, 439, 388, 1, 7, 1
519, 1, 352, 293, 446, 388, 1, 7, 1
520, 1, 350, 296, 455, 385, 1, 7, 1
521, 1, 352, 298, 455, 384, 1, 7, 1
522, 1, 350, 301, 463, 382, 1, 7, 1
523, 1, 351, 304, 465, 380, 1, 7, 1
524, 1, 351, 306, 468, 381, 1, 7, 1
525, 1, 353, 308, 470, 379, 1, 7, 1
526, 1, 351, 313, 475, 381, 1, 7, 1
527, 1, 351, 313, 477, 380, 1, 7, 1
528, 1, 350, 316, 479, 382, 1, 7, 1
529, 1, 349, 317, 481, 381, 1, 7, 1
530, 1, 350, 322, 483, 382, 1, 7, 1
531, 1, 349, 323, 483, 383, 1, 7, 1
532, 1, 347, 326, 487, 380, 1, 7, 1
533, 1, 347, 328, 489, 378, 1, 7, 1
534, 1, 347, 330, 491, 379, 1, 7, 1
535, 1, 346, 329, 489, 377, 1, 7, 1
536, 1, 347, 331, 488, 376, 1, 7, 1
537, 1, 348, 330, 486, 377, 1, 7, 1
538, 1, 347, 328, 488, 381, 1, 7, 1
539, 1, 346, 328, 486, 381, 1, 7, 1
540, 1, 348, 328, 485, 381, 1, 7, 1
541, 1, 347, 329, 487, 379, 1, 7, 1
542, 1, 348, 328, 486, 381, 1, 7, 1
543, 1, 349, 329, 483, 378, 1, 7, 1
544, 1, 349, 329, 485, 381, 1, 7, 1
545, 1, 349, 327, 481, 375, 1, 7, 1
546, 1, 349, 326, 482, 379, 1, 7, 1
547, 1, 351, 324, 477, 383, 1, 7, 1
548, 1, 348, 325, 478, 376, 1, 7, 1
549, 1, 349, 325, 474, 378, 1, 7, 1
550, 1, 350, 325, 473, 378, 1, 7, 1
551, 1, 349, 326, 473, 378, 1, 7, 1
552, 1, 349, 326, 475, 383, 1, 7, 1
553, 1, 349, 325, 472, 381, 1, 7, 1
554, 1, 350, 323, 469, 383, 1, 7, 1
555, 1, 351, 323, 465, 382, 1, 7, 1
556, 1, 351, 323, 463, 380, 1, 7, 1
557, 1, 351, 323, 462, 378, 1, 7, 1
558, 1, 350, 321, 462, 382, 1, 7, 1
559, 1, 352, 321, 455, 379, 1, 7, 1
560, 1, 355, 320, 455, 379, 1, 7, 1
561, 1, 354, 320, 453, 380, 1, 7, 1
562, 1, 355, 319, 447, 379, 1, 7, 1
563, 1, 355, 321, 444, 378, 1, 7, 1
564, 1, 356, 318, 438, 382, 1, 7, 1
565, 1, 357, 321, 439, 378, 1, 7, 1
566, 1, 358, 318, 432, 380, 1, 7, 1
567, 1, 360, 320, 423, 380, 1, 7, 1
568, 1, 362, 321, 415, 377, 1, 7, 1
569, 1, 362, 321, 413, 377, 1, 7, 1
570, 1, 364, 321, 406, 377, 1, 7, 1
571, 1, 365, 322, 397, 377, 1, 7, 1
572, 1, 367, 323, 389, 376, 1, 7, 1
573, 1, 367, 323, 387, 374, 1, 7, 1
574, 1, 370, 323, 377, 376, 1, 7, 1
575, 1, 370, 323, 372, 371, 1, 7, 1
576, 1, 372, 322, 361, 371, 1, 7, 1
577, 1, 373, 322, 355, 372, 1, 7, 1
578, 1, 373, 319, 349, 376, 1, 7, 1
579, 1, 374, 318, 340, 377, 1, 7, 1
580, 1, 376, 320, 335, 378, 1, 7, 1
581, 1, 377, 319, 330, 380, 1, 7, 1
582, 1, 376, 318, 327, 381, 1, 7, 1
583, 1, 377, 317, 311, 375, 1, 7, 1
584, 1, 376, 317, 311, 377, 1, 7, 1
585, 1, 375, 314, 306, 381, 1, 7, 1
586, 1, 375, 313, 301, 383, 1, 7, 1
587, 1, 376, 311, 296, 384, 1, 7, 1
588, 1, 373, 315, 300, 378, 1, 7, 1
589, 1, 374, 315, 302, 375, 1, 7, 1
590, 1, 372, 314, 303, 379, 1, 7, 1
591, 1, 372, 312, 304, 378, 1, 7, 1
592, 1, 375, 313, 302, 383, 1, 7, 1
593, 1, 374, 311, 302, 385, 1, 7, 1
594, 1, 373, 309, 305, 386, 1, 7, 1
595, 1, 372, 306, 304, 385, 1, 7, 1
596, 1, 373, 309, 305, 385, 1, 7, 1
597, 1, 372, 309, 305, 379, 1, 7, 1
598, 1, 373, 305, 305, 382, 1, 7, 1
599, 1, 372, 306, 306, 379, 1, 7, 1
600, 1, 372, 307, 304, 382, 1, 7, 1
601, 1, 373, 307, 303, 378, 1, 7, 1
602, 1, 370, 307, 306, 378, 1, 7, 1
603, 1, 370, 308, 307, 379, 1, 7, 1
604, 1, 372, 311, 304, 374, 1, 7, 1
605, 1, 372, 307, 305, 377, 1, 7, 1
606, 1, 371, 304, 307, 385, 1, 7, 1
607, 1, 369, 306, 309, 381, 1, 7, 1
608, 1, 371, 305, 306, 384, 1, 7, 1
609, 1, 368, 305, 309, 382, 1, 7, 1
610, 1, 378, 303, 301, 385, 1, 7, 1
611, 1, 374, 302, 301, 386, 1, 7, 1
612, 1, 374, 303, 303, 384, 1, 7, 1
613, 1, 379, 302, 297, 385, 1, 7, 1
614, 1, 372, 303, 305, 384, 1, 7, 1
615, 1, 366, 303, 310, 384, 1, 7, 1
616, 1, 362, 303, 314, 385, 1, 7, 1
617, 1, 354, 302, 323, 387, 1, 7, 1
618, 1, 353, 302, 322, 386, 1, 7, 1
619, 1, 344, 301, 333, 386, 1, 7, 1
620, 1, 337, 302, 339, 386, 1, 7, 1
621, 1, 331, 302, 345, 385, 1, 7, 1
622, 1, 325, 301, 352, 388, 1, 7, 1
623, 1, 324, 301, 353, 387, 1, 7, 1
624, 1, 320, 299, 358, 388, 1, 7, 1
625, 1, 316, 299, 362, 389, 1, 7, 1
626, 1, 314, 296, 364, 392, 1, 7, 1
627, 1, 310, 294, 367, 393, 1, 7, 1
628, 1, 310, 292, 366, 394, 1, 7, 1
629, 1, 311, 290, 365, 394, 1, 7, 1
630, 1, 309, 288, 367, 397, 1, 7, 1
631, 1, 311, 286, 365, 398, 1, 7, 1
632, 1, 312, 285, 365, 399, 1, 7, 1
633, 1, 314, 284, 363, 400, 1, 7, 1
634, 1, 313, 283, 363, 402, 1, 7, 1
635, 1, 314, 281, 363, 404, 1, 7, 1
636, 1, 316, 280, 360, 404, 1, 7, 1
637, 1, 320, 278, 356, 407, 1, 7, 1
638, 1, 318, 277, 357, 407, 1, 7, 1
639, 1, 320, 277, 356, 407, 1, 7, 1
640, 1, 321, 276, 353, 409, 1, 7, 1
641, 1, 324, 275, 352, 410, 1, 7, 1
642, 1, 324, 274, 351, 412, 1, 7, 1
643, 1, 328, 275, 348, 410, 1, 7, 1
644, 1, 333, 275, 343, 409, 1, 7, 1
645, 1, 337, 276, 338, 408, 1, 7, 1
646, 1, 343, 277, 332, 408, 1, 7, 1
647, 1, 348, 277, 327, 407, 1, 7, 1
648, 1, 351, 279, 325, 404, 1, 7, 1
649, 1, 356, 280, 320, 403, 1, 7, 1
650, 1, 361, 282, 317, 404, 1, 7, 1
651, 1, 363, 283, 313, 402, 1, 7, 1
652, 1, 368, 284, 308, 401, 1, 7, 1
653, 1, 372, 285, 303, 401, 1, 7, 1
654, 1, 379, 287, 296, 398, 1, 7, 1
655, 1, 381, 287, 295, 399, 1, 7, 1
656, 1, 376, 287, 298, 398, 1, 7, 1
657, 1, 375, 285, 301, 400, 1, 7, 1
658, 1, 380, 286, 296, 397, 1, 7, 1
659, 1, 377, 287, 298, 397, 1, 7, 1
660, 1, 372, 287, 305, 396, 1, 7, 1
661, 1, 370, 287, 306, 396, 1, 7, 1
662, 1, 369, 288, 306, 396, 1, 7, 1
663, 1, 369, 292, 306, 391, 1, 7, 1
664, 1, 368, 296, 308, 387, 1, 7, 1
665, 1, 370, 298, 306, 385, 1, 7, 1
666, 1, 370, 300, 305, 383, 1, 7, 1
667, 1, 371, 299, 305, 384, 1, 7, 1
668, 1, 370, 303, 305, 383, 1, 7, 1
669, 1, 370, 307, 306, 379, 1, 7, 1
670, 1, 370, 307, 307, 382, 1, 7, 1
671, 1, 368, 310, 307, 378, 1, 7, 1
672, 1, 368, 315, 311, 375, 1, 7, 1
673, 1, 370, 319, 308, 373, 1, 7, 1
674, 1, 369, 322, 308, 369, 1, 7, 1
675, 1, 372, 325, 303, 364, 1, 7, 1
676, 1, 369, 326, 304, 364, 1, 7, 1
677, 1, 371, 326, 305, 363, 1, 7, 1
678, 1, 371, 327, 304, 363, 1, 7, 1
679, 1, 373, 327, 302, 363, 1, 7, 1
680, 1, 372, 325, 304, 363, 1, 7, 1
681, 1, 373, 324, 303, 367, 1, 7, 1
682, 1, 372, 325, 303, 365, 1, 7, 1
683, 1, 373, 324, 302, 366, 1, 7, 1
684, 1, 372, 325, 303, 367, 1, 7, 1
685, 1, 373, 326, 303, 364, 1, 7, 1
686, 1, 372, 325, 301, 365, 1, 7, 1
687, 1, 372, 326, 302, 364, 1, 7, 1
688, 1, 371, 327, 304, 363, 1, 7, 1
689, 1, 372, 328, 303, 362, 1, 7, 1
690, 1, 373, 328, 302, 362, 1, 7, 1
691, 1, 374, 328, 301, 363, 1, 7, 1
692, 1, 372, 329, 304, 362, 1, 7, 1
693, 1, 373, 329, 303, 362, 1, 7, 1
694, 1, 372, 329, 305, 359, 1, 7, 1
695, 1, 373, 328, 302, 363, 1, 7, 1
696, 1, 373, 329, 303, 362, 1, 7, 1
697, 1, 372, 329, 304, 362, 1, 7, 1
698, 1, 372, 327, 305, 362, 1, 7, 1
699, 1, 372, 329, 304, 361, 1, 7, 1
700, 1, 373, 329, 305, 359, 1, 7, 1
701, 1, 372, 330, 306, 358, 1, 7, 1
702, 1, 373, 329, 307, 358, 1, 7, 1
703, 1, 372, 328, 306, 360, 1, 7, 1
704, 1, 372, 326, 306, 361, 1, 7, 1
705, 1, 370, 326, 309, 360, 1, 7, 1
706, 1, 369, 326, 309, 362, 1, 7, 1
707, 1, 369, 326, 309, 361, 1, 7, 1
708, 1, 371, 327, 306, 358, 1, 7, 1
709, 1, 371, 326, 306, 360, 1, 7, 1
710, 1, 369, 325, 305, 362, 1, 7, 1
711, 1, 369, 326, 305, 362, 1, 7, 1
712, 1, 369, 326, 305, 360, 1, 7, 1
713, 1, 371, 325, 303, 362, 1, 7, 1
714, 1, 371, 326, 307, 361, 1, 7, 1
715, 1, 371, 326, 305, 361, 1, 7, 1
716, 1, 371, 327, 306, 360, 1, 7, 1
717, 1, 370, 325, 308, 363, 1, 7, 1
718, 1, 370, 326, 306, 362, 1, 7, 1
719, 1, 373, 323, 305, 364, 1, 7, 1
720, 1, 374, 326, 302, 362, 1, 7, 1
721, 1, 371, 325, 306, 360, 1, 7, 1
722, 1, 369, 328, 306, 357, 1, 7, 1
723, 1, 371, 327, 303, 360, 1, 7, 1
724, 1, 382, 327, 293, 356, 1, 7, 1
725, 1, 376, 327, 299, 358, 1, 7, 1
726, 1, 371, 328, 305, 359, 1, 7, 1
727, 1, 367, 328, 309, 359, 1, 7, 1
728, 1, 358, 329, 319, 359, 1, 7, 1
729, 1, 350, 328, 326, 363, 1, 7, 1
730, 1, 344, 327, 332, 359, 1, 7, 1
731, 1, 338, 327, 339, 362, 1, 7, 1
732, 1, 329, 327, 347, 363, 1, 7, 1
733, 1, 323, 327, 354, 363, 1, 7, 1
734, 1, 320, 327, 355, 362, 1, 7, 1
735, 1, 314, 329, 362, 359, 1, 7, 1
736, 1, 309, 328, 367, 357, 1, 7, 1
737, 1, 303, 329, 372, 356, 1, 7, 1
738, 1, 300, 329, 377, 357, 1, 7, 1
739, 1, 291, 329, 385, 357, 1, 7, 1
740, 1, 290, 328, 389, 359, 1, 7, 1
741, 1, 283, 326, 394, 359, 1, 7, 1
742, 1, 280, 328, 398, 360, 1, 7, 1
743, 1, 278, 329, 399, 358, 1, 7, 1
744, 1, 276, 325, 400, 362, 1, 7, 1
745, 1, 275, 326, 403, 360, 1, 7, 1
746, 1, 275, 324, 403, 360, 1, 7, 1
747, 1, 273, 325, 405, 359, 1, 7, 1
748, 1, 272, 325, 406, 360, 1, 7, 1
749, 1, 268, 325, 411, 357, 1, 7, 1
750, 1, 269, 326, 410, 358, 1, 7, 1