1, 1, 288, 224, 273, 332, 1, 7, 1
2, 1, 287, 225, 274, 331, 1, 7, 1
3, 1, 285, 223, 277, 330, 1, 7, 1
4, 1, 284, 222, 276, 333, 1, 7, 1
5, 1, 283, 218, 279, 336, 1, 7, 1
6, 1, 282, 212, 281, 342, 1, 7, 1
7, 1, 280, 210, 284, 346, 1, 7, 1
8, 1, 279, 207, 286, 348, 1, 7, 1
9, 1, 276, 203, 290, 352, 1, 7, 1
10, 1, 276, 199, 292, 359, 1, 7, 1
11, 1, 275, 197, 291, 359, 1, 7, 1
12, 1, 272, 193, 296, 366, 1, 7, 1
13, 1, 272, 192, 297, 366, 1, 7, 1
14, 1, 269, 188, 301, 368, 1, 7, 1
15, 1, 265, 187, 306, 371, 1, 7, 1
16, 1, 265, 184, 307, 375, 1, 7, 1
17, 1, 260, 183, 311, 374, 1, 7, 1
18, 1, 257, 180, 315, 377, 1, 7, 1
19, 1, 258, 180, 314, 377, 1, 7, 1
20, 1, 254, 179, 318, 380, 1, 7, 1
21, 1, 251, 178, 323, 380, 1, 7, 1
22, 1, 253, 179, 321, 379, 1, 7, 1
23, 1, 251, 179, 325, 380, 1, 7, 1
24, 1, 249, 180, 326, 377, 1, 7, 1
25, 1, 248, 180, 328, 376, 1, 7, 1
26, 1, 248, 181, 328, 375, 1, 7, 1
27, 1, 249, 180, 327, 374, 1, 7, 1
28, 1, 248, 182, 327, 374, 1, 7, 1
29, 1, 248, 182, 329, 374, 1, 7, 1
30, 1, 249, 184, 327, 372, 1, 7, 1
31, 1, 250, 184, 327, 373, 1, 7, 1
32, 1, 252, 185, 323, 370, 1, 7, 1
33, 1, 254, 188, 321, 367, 1, 7, 1
34, 1, 258, 190, 317, 367, 1, 7, 1
35, 1, 257, 194, 318, 362, 1, 7, 1
36, 1, 259, 198, 316, 358, 1, 7, 1
37, 1, 266, 204, 310, 352, 1, 7, 1
38, 1, 265, 208, 311, 343, 1, 7, 1
39, 1, 264, 214, 313, 338, 1, 7, 1
40, 1, 266, 216, 310, 335, 1, 7, 1
41, 1, 267, 220, 309, 330, 1, 7, 1
42, 1, 263, 220, 313, 330, 1, 7, 1
43, 1, 267, 222, 310, 330, 1, 7, 1
44, 1, 266, 221, 310, 330, 1, 7, 1
45, 1, 264, 222, 312, 330, 1, 7, 1
46, 1, 261, 223, 315, 330, 1, 7, 1
47, 1, 263, 221, 313, 332, 1, 7, 1
48, 1, 262, 223, 314, 330, 1, 7, 1
49, 1, 259, 221, 316, 333, 1, 7, 1
50, 1, 257, 222, 319, 331, 1, 7, 1
51, 1, 257, 222, 320, 330, 1, 7, 1
52, 1, 255, 222, 321, 331, 1, 7, 1
53, 1, 258, 222, 318, 330, 1, 7, 1
54, 1, 255, 222, 321, 331, 1, 7, 1
55, 1, 254, 219, 321, 334, 1, 7, 1
56, 1, 255, 222, 322, 332, 1, 7, 1
57, 1, 254, 218, 322, 335, 1, 7, 1
58, 1, 253, 222, 322, 332, 1, 7, 1
59, 1, 255, 222, 322, 332, 1, 7, 1
60, 1, 254, 223, 322, 330, 1, 7, 1
61, 1, 254, 223, 321, 330, 1, 7, 1
62, 1, 256, 223, 320, 329, 1, 7, 1
63, 1, 255, 226, 323, 327, 1, 7, 1
64, 1, 256, 225, 319, 327, 1, 7, 1
65, 1, 257, 226, 318, 326, 1, 7, 1
66, 1, 257, 225, 320, 327, 1, 7, 1
67, 1, 257, 225, 319, 328, 1, 7, 1
68, 1, 257, 225, 318, 326, 1, 7, 1
69, 1, 256, 225, 318, 326, 1, 7, 1
70, 1, 255, 224, 322, 329, 1, 7, 1
71, 1, 254, 225, 323, 327, 1, 7, 1
72, 1, 255, 222, 320, 329, 1, 7, 1
73, 1, 254, 221, 322, 332, 1, 7, 1
74, 1, 250, 218, 327, 334, 1, 7, 1
75, 1, 246, 215, 330, 337, 1, 7, 1
76, 1, 241, 213, 337, 338, 1, 7, 1
77, 1, 239, 212, 340, 341, 1, 7, 1
78, 1, 233, 210, 346, 342, 1, 7, 1
79, 1, 234, 211, 347, 343, 1, 7, 1
80, 1, 227, 212, 355, 342, 1, 7, 1
81, 1, 224, 212, 357, 341, 1, 7, 1
82, 1, 220, 213, 361, 339, 1, 7, 1
83, 1, 218, 213, 364, 339, 1, 7, 1
84, 1, 213, 214, 371, 338, 1, 7, 1
85, 1, 211, 215, 373, 337, 1, 7, 1
86, 1, 203, 219, 383, 333, 1, 7, 1
87, 1, 202, 217, 385, 335, 1, 7, 1
88, 1, 197, 220, 396, 332, 1, 7, 1
89, 1, 192, 220, 401, 331, 1, 7, 1
90, 1, 190, 223, 403, 329, 1, 7, 1
91, 1, 183, 224, 410, 327, 1, 7, 1
92, 1, 185, 224, 409, 328, 1, 7, 1
93, 1, 184, 224, 411, 327, 1, 7, 1
94, 1, 182, 225, 413, 327, 1, 7, 1
95, 1, 176, 224, 421, 326, 1, 7, 1
96, 1, 176, 224, 423, 328, 1, 7, 1
97, 1, 174, 224, 425, 330, 1, 7, 1
98, 1, 174, 225, 428, 327, 1, 7, 1
99, 1, 175, 224, 428, 329, 1, 7, 1
100, 1, 172, 224, 431, 329, 1, 7, 1
101, 1, 171, 224, 432, 328, 1, 7, 1
102, 1, 173, 221, 427, 331, 1, 7, 1
103, 1, 173, 221, 432, 335, 1, 7, 1
104, 1, 172, 219, 431, 333, 1, 7, 1
105, 1, 172, 220, 433, 334, 1, 7, 1
106, 1, 172, 217, 433, 335, 1, 7, 1
107, 1, 170, 216, 434, 338, 1, 7, 1
108, 1, 160, 211, 444, 342, 1, 7, 1
109, 1, 157, 211, 448, 343, 1, 7, 1
110, 1, 156, 211, 450, 345, 1, 7, 1
111, 1, 141, 210, 465, 345, 1, 7, 1
112, 1, 142, 208, 464, 347, 1, 7, 1
113, 1, 142, 208, 466, 347, 1, 7, 1
114, 1, 136, 208, 472, 348, 1, 7, 1
115, 1, 131, 208, 476, 348, 1, 7, 1
116, 1, 127, 208, 484, 348, 1, 7, 1
117, 1, 127, 207, 485, 350, 1, 7, 1
118, 1, 127, 209, 485, 348, 1, 7, 1
119, 1, 124, 208, 487, 348, 1, 7, 1
120, 1, 122, 208, 492, 349, 1, 7, 1
121, 1, 122, 206, 492, 351, 1, 7, 1
122, 1, 120, 209, 496, 349, 1, 7, 1
123, 1, 118, 208, 496, 349, 1, 7, 1
124, 1, 117, 211, 499, 348, 1, 7, 1
125, 1, 118, 210, 497, 348, 1, 7, 1
126, 1, 113, 211, 501, 346, 1, 7, 1
127, 1, 115, 212, 501, 346, 1, 7, 1
128, 1, 117, 213, 499, 346, 1, 7, 1
129, 1, 118, 211, 498, 348, 1, 7, 1
130, 1, 116, 213, 500, 345, 1, 7, 1
131, 1, 118, 214, 499, 345, 1, 7, 1
132, 1, 113, 213, 503, 344, 1, 7, 1
133, 1, 115, 215, 502, 342, 1, 7, 1
134, 1, 113, 212, 503, 346, 1, 7, 1
135, 1, 115, 214, 503, 344, 1, 7, 1
136, 1, 110, 211, 506, 347, 1, 7, 1
137, 1, 110, 211, 506, 347, 1, 7, 1
138, 1, 108, 209, 509, 349, 1, 7, 1
139, 1, 108, 209, 507, 349, 1, 7, 1
140, 1, 100, 206, 514, 350, 1, 7, 1
141, 1, 98, 206, 518, 351, 1, 7, 1
142, 1, 100, 206, 515, 351, 1, 7, 1
143, 1, 95, 205, 519, 352, 1, 7, 1
144, 1, 94, 205, 521, 351, 1, 7, 1
145, 1, 95, 203, 521, 353, 1, 7, 1
146, 1, 96, 202, 518, 355, 1, 7, 1
147, 1, 94, 198, 521, 359, 1, 7, 1
148, 1, 97, 199, 519, 359, 1, 7, 1
149, 1, 99, 195, 515, 362, 1, 7, 1
150, 1, 96, 192, 519, 366, 1, 7, 1
151, 1, 97, 189, 517, 368, 1, 7, 1
152, 1, 98, 187, 518, 370, 1, 7, 1
153, 1, 96, 183, 519, 374, 1, 7, 1
154, 1, 100, 183, 514, 374, 1, 7, 1
155, 1, 102, 180, 513, 377, 1, 7, 1
156, 1, 106, 179, 508, 379, 1, 7, 1
157, 1, 106, 179, 509, 378, 1, 7, 1
158, 1, 111, 176, 505, 381, 1, 7, 1
159, 1, 115, 175, 501, 383, 1, 7, 1
160, 1, 116, 174, 499, 383, 1, 7, 1
161, 1, 122, 174, 492, 384, 1, 7, 1
162, 1, 131, 175, 484, 383, 1, 7, 1
163, 1, 136, 175, 479, 383, 1, 7, 1
164, 1, 140, 177, 474, 380, 1, 7, 1
165, 1, 145, 179, 468, 379, 1, 7, 1
166, 1, 151, 181, 461, 375, 1, 7, 1
167, 1, 157, 183, 456, 373, 1, 7, 1
168, 1, 165, 184, 448, 374, 1, 7, 1
169, 1, 168, 186, 445, 372, 1, 7, 1
170, 1, 173, 189, 438, 369, 1, 7, 1
171, 1, 175, 191, 434, 367, 1, 7, 1
172, 1, 181, 195, 429, 362, 1, 7, 1
173, 1, 181, 197, 429, 360, 1, 7, 1
174, 1, 187, 201, 423, 355, 1, 7, 1
175, 1, 190, 204, 420, 352, 1, 7, 1
176, 1, 196, 210, 414, 347, 1, 7, 1
177, 1, 197, 212, 412, 344, 1, 7, 1
178, 1, 200, 217, 407, 338, 1, 7, 1
179, 1, 197, 220, 412, 335, 1, 7, 1
180, 1, 195, 221, 412, 334, 1, 7, 1
181, 1, 197, 221, 410, 335, 1, 7, 1
182, 1, 197, 220, 411, 335, 1, 7, 1
183, 1, 198, 221, 409, 335, 1, 7, 1
184, 1, 201, 220, 406, 336, 1, 7, 1
185, 1, 200, 220, 408, 336, 1, 7, 1
186, 1, 197, 220, 410, 335, 1, 7, 1
187, 1, 196, 220, 412, 336, 1, 7, 1
188, 1, 197, 219, 411, 338, 1, 7, 1
189, 1, 196, 219, 411, 338, 1, 7, 1
190, 1, 195, 215, 412, 342, 1, 7, 1
191, 1, 193, 212, 414, 345, 1, 7, 1
192, 1, 191, 211, 415, 347, 1, 7, 1
193, 1, 190, 209, 418, 349, 1, 7, 1
194, 1, 188, 206, 419, 352, 1, 7, 1
195, 1, 188, 203, 420, 353, 1, 7, 1
196, 1, 184, 201, 424, 357, 1, 7, 1
197, 1, 185, 197, 424, 362, 1, 7, 1
198, 1, 184, 195, 425, 363, 1, 7, 1
199, 1, 181, 190, 429, 370, 1, 7, 1
200, 1, 180, 188, 433, 372, 1, 7, 1
201, 1, 178, 185, 435, 374, 1, 7, 1
202, 1, 178, 184, 434, 375, 1, 7, 1
203, 1, 176, 184, 437, 374, 1, 7, 1
204, 1, 174, 185, 439, 374, 1, 7, 1
205, 1, 173, 186, 440, 375, 1, 7, 1
206, 1, 170, 187, 443, 373, 1, 7, 1
207, 1, 166, 189, 448, 370, 1, 7, 1
208, 1, 166, 187, 449, 372, 1, 7, 1
209, 1, 164, 189, 451, 372, 1, 7, 1
210, 1, 157, 191, 459, 367, 1, 7, 1
211, 1, 155, 193, 462, 365, 1, 7, 1
212, 1, 152, 195, 465, 365, 1, 7, 1
213, 1, 150, 197, 467, 362, 1, 7, 1
214, 1, 148, 202, 467, 357, 1, 7, 1
215, 1, 145, 204, 474, 356, 1, 7, 1
216, 1, 142, 206, 477, 353, 1, 7, 1
217, 1, 140, 212, 477, 348, 1, 7, 1
218, 1, 141, 214, 477, 345, 1, 7, 1
219, 1, 139, 217, 481, 342, 1, 7, 1
220, 1, 138, 219, 480, 340, 1, 7, 1
221, 1, 136, 218, 481, 342, 1, 7, 1
222, 1, 137, 218, 482, 341, 1, 7, 1
223, 1, 136, 217, 483, 342, 1, 7, 1
224, 1, 136, 218, 484, 342, 1, 7, 1
225, 1, 138, 219, 483, 341, 1, 7, 1
226, 1, 137, 219, 484, 342, 1, 7, 1
227, 1, 135, 218, 486, 343, 1, 7, 1
228, 1, 133, 218, 489, 341, 1, 7, 1
229, 1, 134, 218, 486, 341, 1, 7, 1
230, 1, 131, 218, 489, 343, 1, 7, 1
231, 1, 133, 217, 486, 342, 1, 7, 1
232, 1, 131, 217, 488, 343, 1, 7, 1
233, 1, 129, 216, 490, 342, 1, 7, 1
234, 1, 127, 212, 492, 345, 1, 7, 1
235, 1, 126, 210, 494, 348, 1, 7, 1
236, 1, 123, 206, 497, 352, 1, 7, 1
237, 1, 122, 203, 497, 357, 1, 7, 1
238, 1, 119, 201, 501, 357, 1, 7, 1
239, 1, 118, 200, 501, 358, 1, 7, 1
240, 1, 116, 196, 503, 362, 1, 7, 1
241, 1, 117, 192, 502, 367, 1, 7, 1
242, 1, 122, 188, 499, 371, 1, 7, 1
243, 1, 120, 185, 501, 374, 1, 7, 1
244, 1, 118, 182, 503, 377, 1, 7, 1
245, 1, 118, 180, 504, 379, 1, 7, 1
246, 1, 115, 176, 507, 383, 1, 7, 1
247, 1, 114, 173, 508, 386, 1, 7, 1
248, 1, 114, 172, 507, 387, 1, 7, 1
249, 1, 114, 168, 509, 391, 1, 7, 1
250, 1, 111, 167, 511, 394, 1, 7, 1
251, 1, 110, 162, 512, 398, 1, 7, 1
252, 1, 108, 161, 515, 399, 1, 7, 1
253, 1, 109, 159, 515, 401, 1, 7, 1
254, 1, 108, 157, 514, 403, 1, 7, 1
255, 1, 106, 156, 517, 404, 1, 7, 1
256, 1, 104, 156, 519, 404, 1, 7, 1
257, 1, 102, 155, 521, 406, 1, 7, 1
258, 1, 102, 155, 520, 406, 1, 7, 1
259, 1, 101, 155, 521, 406, 1, 7, 1
260, 1, 95, 157, 527, 403, 1, 7, 1
261, 1, 96, 157, 526, 403, 1, 7, 1
262, 1, 94, 157, 529, 404, 1, 7, 1
263, 1, 93, 158, 530, 402, 1, 7, 1
264, 1, 93, 158, 528, 402, 1, 7, 1
265, 1, 93, 160, 528, 401, 1, 7, 1
266, 1, 90, 159, 533, 400, 1, 7, 1
267, 1, 89, 160, 534, 399, 1, 7, 1
268, 1, 90, 161, 532, 397, 1, 7, 1
269, 1, 91, 160, 531, 399, 1, 7, 1
270, 1, 89, 161, 531, 398, 1, 7, 1
271, 1, 85, 160, 534, 399, 1, 7, 1
272, 1, 89, 161, 532, 399, 1, 7, 1
273, 1, 89, 161, 532, 399, 1, 7, 1
274, 1, 86, 161, 536, 398, 1, 7, 1
275, 1, 89, 161, 533, 397, 1, 7, 1
276, 1, 91, 161, 533, 397, 1, 7, 1
277, 1, 93, 161, 531, 397, 1, 7, 1
278, 1, 94, 162, 530, 397, 1, 7, 1
279, 1, 95, 161, 527, 398, 1, 7, 1
280, 1, 99, 162, 524, 398, 1, 7, 1
281, 1, 98, 163, 527, 395, 1, 7, 1
282, 1, 101, 163, 525, 398, 1, 7, 1
283, 1, 101, 164, 526, 397, 1, 7, 1
284, 1, 103, 164, 525, 394, 1, 7, 1
285, 1, 105, 163, 522, 396, 1, 7, 1
286, 1, 108, 164, 519, 395, 1, 7, 1
287, 1, 112, 164, 516, 395, 1, 7, 1
288, 1, 109, 165, 520, 397, 1, 7, 1
289, 1, 113, 166, 516, 395, 1, 7, 1
290, 1, 115, 166, 515, 395, 1, 7, 1
291, 1, 116, 165, 514, 396, 1, 7, 1
292, 1, 121, 167, 511, 395, 1, 7, 1
293, 1, 124, 168, 507, 394, 1, 7, 1
294, 1, 127, 169, 502, 391, 1, 7, 1
295, 1, 131, 170, 498, 390, 1, 7, 1
296, 1, 138, 170, 493, 390, 1, 7, 1
297, 1, 140, 170, 492, 390, 1, 7, 1
298, 1, 143, 170, 490, 389, 1, 7, 1
299, 1, 147, 171, 486, 389, 1, 7, 1
300, 1, 150, 170, 486, 390, 1, 7, 1
301, 1, 155, 170, 481, 390, 1, 7, 1
302, 1, 155, 170, 478, 389, 1, 7, 1
303, 1, 165, 172, 468, 388, 1, 7, 1
304, 1, 167, 172, 467, 388, 1, 7, 1
305, 1, 173, 173, 463, 387, 1, 7, 1
306, 1, 176, 175, 458, 386, 1, 7, 1
307, 1, 179, 175, 455, 387, 1, 7, 1
308, 1, 183, 175, 452, 386, 1, 7, 1
309, 1, 191, 176, 444, 386, 1, 7, 1
310, 1, 197, 176, 438, 385, 1, 7, 1
311, 1, 205, 179, 429, 381, 1, 7, 1
312, 1, 206, 177, 425, 381, 1, 7, 1
313, 1, 214, 180, 416, 379, 1, 7, 1
314, 1, 220, 181, 409, 379, 1, 7, 1
315, 1, 224, 180, 403, 380, 1, 7, 1
316, 1, 230, 179, 398, 382, 1, 7, 1
317, 1, 241, 180, 388, 379, 1, 7, 1
318, 1, 244, 181, 382, 380, 1, 7, 1
319, 1, 249, 181, 375, 378, 1, 7, 1
320, 1, 253, 183, 372, 369, 1, 7, 1
321, 1, 260, 184, 368, 371, 1, 7, 1
322, 1, 266, 184, 358, 370, 1, 7, 1
323, 1, 269, 185, 351, 368, 1, 7, 1
324, 1, 275, 186, 345, 367, 1, 7, 1
325, 1, 281, 187, 337, 362, 1, 7, 1
326, 1, 285, 188, 331, 363, 1, 7, 1
327, 1, 289, 186, 328, 359, 1, 7, 1
328, 1, 295, 187, 322, 360, 1, 7, 1
329, 1, 299, 187, 317, 353, 1, 7, 1
330, 1, 301, 188, 315, 355, 1, 7, 1
331, 1, 306, 190, 308, 354, 1, 7, 1
332, 1, 309, 190, 306, 355, 1, 7, 1
333, 1, 311, 191, 305, 357, 1, 7, 1
334, 1, 316, 191, 299, 365, 1, 7, 1
335, 1, 317, 192, 299, 365, 1, 7, 1
336, 1, 316, 191, 302, 364, 1, 7, 1
337, 1, 317, 192, 300, 364, 1, 7, 1
338, 1, 319, 191, 298, 368, 1, 7, 1
339, 1, 320, 192, 297, 369, 1, 7, 1
340, 1, 321, 194, 296, 367, 1, 7, 1
341, 1, 323, 192, 296, 369, 1, 7, 1
342, 1, 324, 193, 296, 368, 1, 7, 1
343, 1, 323, 191, 298, 369, 1, 7, 1
344, 1, 322, 191, 298, 370, 1, 7, 1
345, 1, 324, 192, 297, 370, 1, 7, 1
346, 1, 322, 191, 299, 370, 1, 7, 1
347, 1, 325, 194, 298, 369, 1, 7, 1
348, 1, 324, 192, 300, 368, 1, 7, 1
349, 1, 325, 192, 299, 372, 1, 7, 1
350, 1, 322, 193, 305, 371, 1, 7, 1
351, 1, 323, 192, 306, 371, 1, 7, 1
352, 1, 323, 193, 305, 370, 1, 7, 1
353, 1, 323, 191, 307, 371, 1, 7, 1
354, 1, 325, 192, 310, 372, 1, 7, 1
355, 1, 323, 193, 313, 369, 1, 7, 1
356, 1, 325, 193, 312, 369, 1, 7, 1
357, 1, 325, 194, 312, 370, 1, 7, 1
358, 1, 325, 193, 311, 368, 1, 7, 1
359, 1, 325, 193, 313, 371, 1, 7, 1
360, 1, 325, 194, 313, 370, 1, 7, 1
361, 1, 325, 191, 312, 372, 1, 7, 1
362, 1, 329, 196, 310, 369, 1, 7, 1
363, 1, 328, 192, 309, 368, 1, 7, 1
364, 1, 326, 196, 313, 368, 1, 7, 1
365, 1, 328, 197, 312, 367, 1, 7, 1
366, 1, 330, 195, 313, 369, 1, 7, 1
367, 1, 329, 197, 314, 368, 1, 7, 1
368, 1, 332, 195, 311, 369, 1, 7, 1
369, 1, 333, 195, 311, 370, 1, 7, 1
370, 1, 335, 196, 309, 370, 1, 7, 1
371, 1, 337, 196, 308, 368, 1, 7, 1
372, 1, 338, 196, 309, 368, 1, 7, 1
373, 1, 337, 196, 310, 368, 1, 7, 1
374, 1, 340, 195, 307, 368, 1, 7, 1
375, 1, 339, 196, 309, 370, 1, 7, 1
376, 1, 340, 193, 308, 370, 1, 7, 1
377, 1, 340, 193, 310, 372, 1, 7, 1
378, 1, 341, 192, 311, 372, 1, 7, 1
379, 1, 342, 193, 310, 373, 1, 7, 1
380, 1, 342, 191, 311, 374, 1, 7, 1
381, 1, 344, 193, 311, 373, 1, 7, 1
382, 1, 343, 195, 313, 370, 1, 7, 1
383, 1, 343, 197, 315, 368, 1, 7, 1
384, 1, 343, 198, 316, 368, 1, 7, 1
385, 1, 342, 199, 318, 366, 1, 7, 1
386, 1, 344, 202, 317, 365, 1, 7, 1
387, 1, 343, 199, 319, 366, 1, 7, 1
388, 1, 344, 202, 323, 363, 1, 7, 1
389, 1, 349, 203, 319, 362, 1, 7, 1
390, 1, 349, 201, 317, 364, 1, 7, 1
391, 1, 347, 201, 322, 365, 1, 7, 1
392, 1, 355, 200, 313, 365, 1, 7, 1
393, 1, 355, 199, 311, 368, 1, 7, 1
394, 1, 356, 199, 312, 367, 1, 7, 1
395, 1, 355, 198, 316, 368, 1, 7, 1
396, 1, 358, 200, 310, 364, 1, 7, 1
397, 1, 357, 197, 312, 365, 1, 7, 1
398, 1, 359, 201, 311, 365, 1, 7, 1
399, 1, 360, 201, 310, 362, 1, 7, 1
400, 1, 359, 201, 313, 362, 1, 7, 1
401, 1, 358, 203, 317, 362, 1, 7, 1
402, 1, 361, 201, 314, 362, 1, 7, 1
403, 1, 361, 203, 315, 362, 1, 7, 1
404, 1, 363, 202, 314, 362, 1, 7, 1
405, 1, 363, 201, 313, 363, 1, 7, 1
406, 1, 365, 202, 314, 363, 1, 7, 1
407, 1, 363, 201, 314, 362, 1, 7, 1
408, 1, 361, 201, 317, 363, 1, 7, 1
409, 1, 365, 204, 316, 360, 1, 7, 1
410, 1, 364, 200, 318, 364, 1, 7, 1
411, 1, 365, 202, 317, 365, 1, 7, 1
412, 1, 365, 200, 317, 363, 1, 7, 1
413, 1, 367, 201, 315, 364, 1, 7, 1
414, 1, 366, 201, 318, 364, 1, 7, 1
415, 1, 366, 199, 317, 366, 1, 7, 1
416, 1, 367, 202, 318, 364, 1, 7, 1
417, 1, 371, 201, 314, 365, 1, 7, 1
418, 1, 370, 202, 315, 364, 1, 7, 1
419, 1, 371, 202, 314, 363, 1, 7, 1
420, 1, 370, 202, 315, 365, 1, 7, 1
421, 1, 371, 202, 315, 365, 1, 7, 1
422, 1, 372, 201, 313, 363, 1, 7, 1
423, 1, 370, 201, 317, 366, 1, 7, 1
424, 1, 373, 201, 314, 364, 1, 7, 1
425, 1, 374, 200, 316, 366, 1, 7, 1
426, 1, 374, 200, 316, 366, 1, 7, 1
427, 1, 376, 200, 313, 365, 1, 7, 1
428, 1, 377, 199, 313, 367, 1, 7, 1
429, 1, 377, 201, 316, 366, 1, 7, 1
430, 1, 380, 200, 313, 365, 1, 7, 1
431, 1, 380, 201, 315, 365, 1, 7, 1
432, 1, 381, 201, 312, 364, 1, 7, 1
433, 1, 379, 200, 315, 368, 1, 7, 1
434, 1, 380, 202, 315, 366, 1, 7, 1
435, 1, 379, 200, 317, 366, 1, 7, 1
436, 1, 378, 200, 318, 368, 1, 7, 1
437, 1, 379, 200, 319, 368, 1, 7, 1
438, 1, 379, 201, 321, 366, 1, 7, 1
439, 1, 380, 203, 321, 365, 1, 7, 1
440, 1, 377, 202, 325, 364, 1, 7, 1
441, 1, 376, 202, 327, 364, 1, 7, 1
442, 1, 375, 202, 331, 366, 1, 7, 1
443, 1, 373, 200, 332, 369, 1, 7, 1
444, 1, 371, 200, 336, 368, 1, 7, 1
445, 1, 372, 199, 337, 371, 1, 7, 1
446, 1, 371, 198, 339, 371, 1, 7, 1
447, 1, 367, 195, 343, 374, 1, 7, 1
448, 1, 369, 193, 342, 378, 1, 7, 1
449, 1, 368, 192, 346, 379, 1, 7, 1
450, 1, 362, 191, 352, 380, 1, 7, 1
451, 1, 361, 189, 354, 380, 1, 7, 1
452, 1, 359, 190, 357, 383, 1, 7, 1
453, 1, 358, 188, 363, 383, 1, 7, 1
454, 1, 353, 188, 364, 385, 1, 7, 1
455, 1, 351, 188, 369, 386, 1, 7, 1
456, 1, 350, 187, 370, 385, 1, 7, 1
457, 1, 345, 188, 378, 388, 1, 7, 1
458, 1, 343, 184, 382, 389, 1, 7, 1
459, 1, 344, 185, 384, 390, 1, 7, 1
460, 1, 344, 185, 384, 389, 1, 7, 1
461, 1, 339, 181, 390, 393, 1, 7, 1
462, 1, 334, 182, 396, 393, 1, 7, 1
463, 1, 335, 181, 398, 392, 1, 7, 1
464, 1, 328, 181, 404, 396, 1, 7, 1
465, 1, 330, 181, 404, 394, 1, 7, 1
466, 1, 329, 179, 406, 397, 1, 7, 1
467, 1, 328, 181, 409, 398, 1, 7, 1
468, 1, 328, 178, 409, 400, 1, 7, 1
469, 1, 327, 180, 412, 399, 1, 7, 1
470, 1, 327, 180, 415, 397, 1, 7, 1
471, 1, 327, 178, 415, 400, 1, 7, 1
472, 1, 327, 177, 415, 402, 1, 7, 1
473, 1, 327, 176, 416, 402, 1, 7, 1
474, 1, 328, 178, 418, 402, 1, 7, 1
475, 1, 330, 177, 413, 403, 1, 7, 1
476, 1, 330, 178, 414, 401, 1, 7, 1
477, 1, 331, 178, 418, 403, 1, 7, 1
478, 1, 331, 177, 417, 402, 1, 7, 1
479, 1, 331, 179, 417, 402, 1, 7, 1
480, 1, 332, 178, 419, 401, 1, 7, 1
481, 1, 332, 180, 416, 401, 1, 7, 1
482, 1, 331, 180, 417, 398, 1, 7, 1
483, 1, 332, 178, 418, 402, 1, 7, 1
484, 1, 337, 181, 414, 398, 1, 7, 1
485, 1, 335, 179, 415, 399, 1, 7, 1
486, 1, 334, 181, 418, 399, 1, 7, 1
487, 1, 338, 181, 416, 396, 1, 7, 1
488, 1, 340, 180, 412, 402, 1, 7, 1
489, 1, 339, 182, 411, 399, 1, 7, 1
490, 1, 342, 179, 411, 400, 1, 7, 1
491, 1, 342, 181, 410, 401, 1, 7, 1
492, 1, 342, 179, 410, 399, 1, 7, 1
493, 1, 342, 179, 411, 401, 1, 7, 1
494, 1, 344, 181, 408, 401, 1, 7, 1
495, 1, 342, 177, 411, 403, 1, 7, 1
496, 1, 344, 179, 409, 403, 1, 7, 1
497, 1, 345, 179, 411, 400, 1, 7, 1
498, 1, 344, 174, 409, 406, 1, 7, 1
499, 1, 346, 176, 407, 404, 1, 7, 1
500, 1, 345, 177, 412, 404, 1, 7, 1
501, 1, 345, 179, 414, 403, 1, 7, 1
502, 1, 345, 178, 412, 401, 1, 7, 1
503, 1, 345, 181, 411, 400, 1, 7, 1
504, 1, 347, 183, 415, 399, 1, 7, 1
505, 1, 346, 182, 418, 400, 1, 7, 1
506, 1, 346, 181, 417, 401, 1, 7, 1
507, 1, 345, 180, 417, 400, 1, 7, 1
508, 1, 345, 181, 417, 399, 1, 7, 1
509, 1, 345, 182, 418, 398, 1, 7, 1
510, 1, 346, 181, 417, 400, 1, 7, 1
511, 1, 346, 183, 418, 398, 1, 7, 1
512, 1, 348, 182, 416, 399, 1, 7, 1
513, 1, 349, 182, 416, 398, 1, 7, 1
514, 1, 351, 182, 415, 400, 1, 7, 1
515, 1, 350, 180, 415, 400, 1, 7, 1
516, 1, 349, 181, 417, 400, 1, 7, 1
517, 1, 349, 180, 417, 400, 1, 7, 1
518, 1, 351, 180, 415, 401, 1, 7, 1
519, 1, 350, 180, 417, 401, 1, 7, 1
520, 1, 350, 181, 416, 399, 1, 7, 1
521, 1, 349, 180, 418, 400, 1, 7, 1
522, 1, 351, 181, 416, 400, 1, 7, 1
523, 1, 349, 181, 418, 400, 1, 7, 1
524, 1, 349, 180, 419, 401, 1, 7, 1
525, 1, 349, 181, 418, 400, 1, 7, 1
526, 1, 346, 182, 420, 397, 1, 7, 1
527, 1, 345, 183, 422, 397, 1, 7, 1
528, 1, 345, 181, 423, 400, 1, 7, 1
529, 1, 343, 180, 425, 399, 1, 7, 1
530, 1, 344, 180, 424, 401, 1, 7, 1
531, 1, 344, 179, 424, 401, 1, 7, 1
532, 1, 342, 180, 428, 401, 1, 7, 1
533, 1, 341, 179, 426, 401, 1, 7, 1
534, 1, 339, 180, 430, 401, 1, 7, 1
535, 1, 337, 182, 433, 400, 1, 7, 1
536, 1, 332, 179, 436, 400, 1, 7, 1
537, 1, 333, 181, 435, 401, 1, 7, 1
538, 1, 327, 180, 445, 398, 1, 7, 1
539, 1, 325, 180, 448, 398, 1, 7, 1
540, 1, 323, 181, 451, 397, 1, 7, 1
541, 1, 321, 179, 452, 400, 1, 7, 1
542, 1, 316, 181, 457, 398, 1, 7, 1
543, 1, 315, 180, 458, 397, 1, 7, 1
544, 1, 312, 180, 464, 399, 1, 7, 1
545, 1, 311, 181, 465, 400, 1, 7, 1
546, 1, 305, 179, 469, 398, 1, 7, 1
547, 1, 303, 179, 471, 398, 1, 7, 1
548, 1, 301, 181, 474, 398, 1, 7, 1
549, 1, 297, 179, 476, 398, 1, 7, 1
550, 1, 291, 182, 480, 397, 1, 7, 1
551, 1, 290, 181, 482, 396, 1, 7, 1
552, 1, 286, 183, 487, 396, 1, 7, 1
553, 1, 285, 182, 487, 395, 1, 7, 1
554, 1, 280, 183, 493, 393, 1, 7, 1
555, 1, 276, 183, 499, 393, 1, 7, 1
556, 1, 276, 185, 499, 393, 1, 7, 1
557, 1, 270, 189, 506, 388, 1, 7, 1
558, 1, 267, 190, 507, 388, 1, 7, 1
559, 1, 263, 194, 510, 385, 1, 7, 1
560, 1, 263, 195, 511, 384, 1, 7, 1
561, 1, 261, 196, 512, 382, 1, 7, 1
562, 1, 259, 198, 515, 381, 1, 7, 1
563, 1, 257, 201, 517, 379, 1, 7, 1
564, 1, 254, 202, 519, 378, 1, 7, 1
565, 1, 253, 206, 519, 373, 1, 7, 1
566, 1, 254, 206, 517, 372, 1, 7, 1
567, 1, 252, 209, 519, 371, 1, 7, 1
568, 1, 254, 211, 517, 367, 1, 7, 1
569, 1, 253, 213, 518, 365, 1, 7, 1
570, 1, 257, 216, 511, 362, 1, 7, 1
571, 1, 254, 218, 517, 361, 1, 7, 1
572, 1, 254, 222, 517, 357, 1, 7, 1
573, 1, 253, 222, 521, 356, 1, 7, 1
574, 1, 251, 228, 521, 350, 1, 7, 1
575, 1, 251, 229, 522, 348, 1, 7, 1
576, 1, 253, 230, 521, 348, 1, 7, 1
577, 1, 256, 231, 519, 345, 1, 7, 1
578, 1, 254, 234, 520, 342, 1, 7, 1
579, 1, 257, 237, 518, 341, 1, 7, 1
580, 1, 259, 241, 516, 336, 1, 7, 1
581, 1, 259, 243, 518, 334, 1, 7, 1
582, 1, 261, 244, 515, 331, 1, 7, 1
583, 1, 264, 248, 512, 327, 1, 7, 1
584, 1, 263, 251, 513, 326, 1, 7, 1
585, 1, 264, 254, 511, 322, 1, 7, 1
586, 1, 267, 256, 509, 320, 1, 7, 1
587, 1, 270, 260, 507, 317, 1, 7, 1
588, 1, 267, 261, 511, 315, 1, 7, 1
589, 1, 270, 263, 507, 314, 1, 7, 1
590, 1, 273, 265, 503, 310, 1, 7, 1
591, 1, 279, 269, 497, 308, 1, 7, 1
592, 1, 281, 270, 493, 306, 1, 7, 1
593, 1, 287, 272, 488, 305, 1, 7, 1
594, 1, 286, 273, 490, 305, 1, 7, 1
595, 1, 288, 275, 488, 302, 1, 7, 1
596, 1, 294, 276, 481, 300, 1, 7, 1
597, 1, 295, 277, 480, 300, 1, 7, 1
598, 1, 298, 278, 475, 298, 1, 7, 1
599, 1, 299, 279, 474, 297, 1, 7, 1
600, 1, 301, 280, 471, 296, 1, 7, 1
601, 1, 301, 282, 473, 295, 1, 7, 1
602, 1, 304, 285, 469, 291, 1, 7, 1
603, 1, 304, 285, 468, 291, 1, 7, 1
604, 1, 305, 283, 467, 293, 1, 7, 1
605, 1, 305, 284, 468, 293, 1, 7, 1
606, 1, 305, 285, 468, 293, 1, 7, 1
607, 1, 307, 289, 466, 288, 1, 7, 1
608, 1, 302, 286, 471, 290, 1, 7, 1
609, 1, 303, 287, 469, 290, 1, 7, 1
610, 1, 303, 287, 469, 289, 1, 7, 1
611, 1, 305, 286, 468, 292, 1, 7, 1
612, 1, 304, 285, 470, 292, 1, 7, 1
613, 1, 303, 285, 470, 292, 1, 7, 1
614, 1, 298, 284, 475, 292, 1, 7, 1
615, 1, 294, 285, 479, 292, 1, 7, 1
616, 1, 287, 284, 487, 293, 1, 7, 1
617, 1, 272, 285, 502, 292, 1, 7, 1
618, 1, 278, 284, 497, 293, 1, 7, 1
619, 1, 278, 284, 496, 292, 1, 7, 1
620, 1, 267, 284, 508, 293, 1, 7, 1
621, 1, 269, 285, 506, 292, 1, 7, 1
622, 1, 267, 284, 508, 293, 1, 7, 1
623, 1, 262, 285, 512, 292, 1, 7, 1
624, 1, 250, 283, 526, 294, 1, 7, 1
625, 1, 246, 286, 529, 290, 1, 7, 1
626, 1, 245, 284, 530, 293, 1, 7, 1
627, 1, 246, 284, 530, 292, 1, 7, 1
628, 1, 233, 285, 543, 292, 1, 7, 1
629, 1, 226, 285, 551, 293, 1, 7, 1
630, 1, 224, 286, 553, 290, 1, 7, 1
631, 1, 224, 285, 553, 290, 1, 7, 1
632, 1, 217, 286, 560, 291, 1, 7, 1
633, 1, 215, 285, 563, 292, 1, 7, 1
634, 1, 210, 285, 568, 291, 1, 7, 1
635, 1, 214, 286, 565, 292, 1, 7, 1
636, 1, 222, 286, 556, 290, 1, 7, 1
637, 1, 215, 286, 565, 289, 1, 7, 1
638, 1, 215, 286, 560, 291, 1, 7, 1
639, 1, 213, 285, 563, 291, 1, 7, 1
640, 1, 215, 285, 562, 290, 1, 7, 1
641, 1, 212, 285, 566, 291, 1, 7, 1
642, 1, 213, 285, 563, 291, 1, 7, 1
643, 1, 215, 285, 563, 291, 1, 7, 1
644, 1, 214, 285, 564, 290, 1, 7, 1
645, 1, 213, 285, 565, 291, 1, 7, 1
646, 1, 214, 284, 563, 292, 1, 7, 1
647, 1, 215, 284, 563, 293, 1, 7, 1
648, 1, 215, 284, 562, 292, 1, 7, 1
649, 1, 214, 284, 562, 292, 1, 7, 1
650, 1, 212, 283, 565, 293, 1, 7, 1
651, 1, 216, 284, 561, 293, 1, 7, 1
652, 1, 213, 283, 564, 293, 1, 7, 1
653, 1, 212, 282, 564, 294, 1, 7, 1
654, 1, 215, 282, 562, 294, 1, 7, 1
655, 1, 213, 282, 564, 294, 1, 7, 1
656, 1, 213, 281, 563, 295, 1, 7, 1
657, 1, 212, 280, 565, 297, 1, 7, 1
658, 1, 210, 280, 567, 297, 1, 7, 1
659, 1, 211, 280, 565, 297, 1, 7, 1
660, 1, 212, 280, 565, 297, 1, 7, 1
661, 1, 212, 279, 565, 299, 1, 7, 1
662, 1, 211, 279, 565, 298, 1, 7, 1
663, 1, 211, 278, 566, 300, 1, 7, 1
664, 1, 211, 279, 566, 298, 1, 7, 1
665, 1, 208, 277, 566, 300, 1, 7, 1
666, 1, 209, 276, 566, 302, 1, 7, 1
667, 1, 210, 275, 566, 303, 1, 7, 1
668, 1, 212, 274, 565, 303, 1, 7, 1
669, 1, 211, 272, 565, 306, 1, 7, 1
670, 1, 209, 272, 568, 305, 1, 7, 1
671, 1, 209, 271, 569, 307, 1, 7, 1
672, 1, 209, 271, 567, 306, 1, 7, 1
673, 1, 210, 271, 566, 306, 1, 7, 1
674, 1, 213, 271, 563, 307, 1, 7, 1
675, 1, 211, 271, 564, 307, 1, 7, 1
676, 1, 211, 271, 563, 306, 1, 7, 1
677, 1, 212, 270, 563, 309, 1, 7, 1
678, 1, 214, 270, 562, 307, 1, 7, 1
679, 1, 216, 270, 560, 309, 1, 7, 1
680, 1, 215, 271, 559, 307, 1, 7, 1
681, 1, 216, 271, 558, 307, 1, 7, 1
682, 1, 215, 271, 560, 306, 1, 7, 1
683, 1, 217, 270, 557, 307, 1, 7, 1
684, 1, 222, 271, 552, 308, 1, 7, 1
685, 1, 221, 271, 553, 306, 1, 7, 1
686, 1, 225, 272, 546, 305, 1, 7, 1
687, 1, 228, 272, 545, 306, 1, 7, 1
688, 1, 229, 272, 544, 305, 1, 7, 1
689, 1, 230, 272, 543, 307, 1, 7, 1
690, 1, 235, 272, 538, 305, 1, 7, 1
691, 1, 238, 272, 534, 305, 1, 7, 1
692, 1, 236, 273, 537, 304, 1, 7, 1
693, 1, 236, 272, 535, 305, 1, 7, 1
694, 1, 241, 273, 531, 304, 1, 7, 1
695, 1, 244, 273, 528, 304, 1, 7, 1
696, 1, 245, 275, 525, 302, 1, 7, 1
697, 1, 240, 275, 532, 302, 1, 7, 1
698, 1, 244, 276, 526, 302, 1, 7, 1
699, 1, 240, 276, 531, 301, 1, 7, 1
700, 1, 241, 276, 530, 301, 1, 7, 1
701, 1, 238, 277, 533, 301, 1, 7, 1
702, 1, 245, 278, 526, 300, 1, 7, 1
703, 1, 248, 278, 522, 300, 1, 7, 1
704, 1, 247, 278, 523, 298, 1, 7, 1
705, 1, 247, 280, 524, 297, 1, 7, 1
706, 1, 245, 280, 525, 296, 1, 7, 1
707, 1, 247, 280, 522, 296, 1, 7, 1
708, 1, 251, 280, 519, 296, 1, 7, 1
709, 1, 252, 281, 520, 297, 1, 7, 1
710, 1, 253, 282, 519, 296, 1, 7, 1
711, 1, 253, 282, 518, 295, 1, 7, 1
712, 1, 252, 282, 520, 295, 1, 7, 1
713, 1, 246, 283, 524, 295, 1, 7, 1
714, 1, 252, 281, 518, 296, 1, 7, 1
715, 1, 250, 282, 520, 296, 1, 7, 1
716, 1, 252, 282, 518, 294, 1, 7, 1
717, 1, 252, 282, 518, 296, 1, 7, 1
718, 1, 253, 283, 517, 294, 1, 7, 1
719, 1, 255, 283, 517, 293, 1, 7, 1
720, 1, 254, 283, 515, 295, 1, 7, 1
721, 1, 257, 283, 512, 295, 1, 7, 1
722, 1, 253, 284, 516, 295, 1, 7, 1
723, 1, 255, 284, 515, 293, 1, 7, 1
724, 1, 257, 282, 512, 295, 1, 7, 1
725, 1, 257, 283, 512, 294, 1, 7, 1
726, 1, 252, 282, 518, 295, 1, 7, 1
727, 1, 254, 281, 515, 295, 1, 7, 1
728, 1, 255, 280, 514, 297, 1, 7, 1
729, 1, 260, 279, 509, 298, 1, 7, 1
730, 1, 256, 278, 513, 298, 1, 7, 1
731, 1, 251, 278, 518, 298, 1, 7, 1
732, 1, 253, 275, 515, 300, 1, 7, 1
733, 1, 248, 275, 520, 303, 1, 7, 1
734, 1, 250, 274, 519, 300, 1, 7, 1
735, 1, 245, 274, 524, 303, 1, 7, 1
736, 1, 249, 272, 520, 304, 1, 7, 1
737, 1, 251, 270, 518, 307, 1, 7, 1
738, 1, 253, 267, 517, 308, 1, 7, 1
739, 1, 254, 267, 516, 309, 1, 7, 1
740, 1, 248, 263, 522, 313, 1, 7, 1
741, 1, 251, 264, 520, 314, 1, 7, 1
742, 1, 244, 262, 527, 314, 1, 7, 1
743, 1, 242, 262, 528, 314, 1, 7, 1
744, 1, 242, 262, 529, 315, 1, 7, 1
745, 1, 241, 257, 528, 318, 1, 7, 1
746, 1, 240, 256, 531, 319, 1, 7, 1
747, 1, 241, 254, 529, 320, 1, 7, 1
748, 1, 244, 255, 526, 322, 1, 7, 1
749, 1, 247, 254, 524, 322, 1, 7, 1
750, 1, 244, 253, 526, 325, 1, 7, 1
1, 2, 612, 333, 750, 368, 1, 5, 1
2, 2, 620, 333, 754, 372, 1, 5, 1
3, 2, 628, 331, 750, 375, 1, 5, 1
4, 2, 635, 333, 753, 374, 1, 5, 1
5, 2, 637, 333, 756, 374, 1, 5, 1
6, 2, 649, 334, 753, 373, 1, 5, 1
7, 2, 654, 335, 753, 374, 1, 5, 1
8, 2, 660, 332, 755, 378, 1, 5, 1
9, 2, 666, 333, 755, 378, 1, 5, 1
10, 2, 671, 333, 755, 380, 1, 5, 1
11, 2, 680, 333, 751, 383, 1, 5, 1
12, 2, 686, 331, 754, 383, 1, 5, 1
13, 2, 695, 332, 751, 384, 1, 5, 1
14, 2, 700, 331, 752, 382, 1, 5, 1
15, 2, 706, 331, 752, 386, 1, 5, 1
16, 2, 714, 334, 753, 384, 1, 5, 1
17, 2, 718, 336, 755, 382, 1, 5, 1
18, 2, 733, 336, 747, 386, 1, 5, 1
19, 2, 735, 336, 753, 385, 1, 5, 1
20, 2, 740, 336, 754, 385, 1, 5, 1
21, 2, 750, 336, 751, 390, 1, 5, 1
22, 2, 757, 337, 752, 390, 1, 5, 1
23, 2, 764, 337, 752, 389, 1, 5, 1
24, 2, 775, 338, 747, 390, 1, 5, 1
25, 2, 782, 337, 749, 392, 1, 5, 1
26, 2, 785, 337, 752, 392, 1, 5, 1
27, 2, 794, 336, 749, 394, 1, 5, 1
28, 2, 804, 337, 746, 395, 1, 5, 1
29, 2, 808, 336, 750, 395, 1, 5, 1
30, 2, 817, 339, 748, 400, 1, 5, 1
31, 2, 820, 338, 753, 398, 1, 5, 1
32, 2, 827, 340, 753, 401, 1, 5, 1
33, 2, 836, 345, 749, 395, 1, 5, 1
34, 2, 843, 350, 751, 391, 1, 5, 1
35, 2, 851, 354, 752, 386, 1, 5, 1
36, 2, 862, 354, 746, 388, 1, 5, 1
37, 2, 868, 352, 745, 393, 1, 5, 1
38, 2, 875, 349, 747, 393, 1, 5, 1
39, 2, 881, 345, 743, 399, 1, 5, 1
40, 2, 885, 344, 746, 402, 1, 5, 1
41, 2, 890, 345, 746, 403, 1, 5, 1
42, 2, 904, 346, 738, 402, 1, 5, 1
43, 2, 910, 348, 740, 401, 1, 5, 1
44, 2, 916, 347, 743, 403, 1, 5, 1
45, 2, 919, 348, 743, 402, 1, 5, 1
46, 2, 927, 350, 742, 400, 1, 5, 1
47, 2, 935, 351, 739, 399, 1, 5, 1
48, 2, 941, 352, 739, 398, 1, 5, 1
49, 2, 945, 352, 741, 399, 1, 5, 1
50, 2, 954, 357, 739, 395, 1, 5, 1
51, 2, 958, 356, 743, 398, 1, 5, 1
52, 2, 963, 356, 743, 400, 1, 5, 1
53, 2, 970, 354, 739, 402, 1, 5, 1
54, 2, 980, 354, 734, 405, 1, 5, 1
55, 2, 983, 352, 736, 408, 1, 5, 1
56, 2, 991, 354, 736, 408, 1, 5, 1
57, 2, 998, 352, 730, 411, 1, 5, 1
58, 2, 1004, 353, 731, 410, 1, 5, 1
59, 2, 1007, 353, 731, 410, 1, 5, 1
60, 2, 1015, 353, 730, 410, 1, 5, 1
61, 2, 1023, 354, 727, 410, 1, 5, 1
62, 2, 1027, 355, 729, 412, 1, 5, 1
63, 2, 1037, 358, 722, 413, 1, 5, 1
64, 2, 1040, 359, 728, 408, 1, 5, 1
65, 2, 1046, 361, 723, 409, 1, 5, 1
66, 2, 1055, 361, 724, 408, 1, 5, 1
67, 2, 1059, 361, 725, 404, 1, 5, 1
68, 2, 1065, 358, 723, 408, 1, 5, 1
69, 2, 1071, 359, 720, 410, 1, 5, 1
70, 2, 1080, 358, 715, 415, 1, 5, 1
71, 2, 1085, 358, 715, 415, 1, 5, 1
72, 2, 1093, 358, 711, 415, 1, 5, 1
73, 2, 1098, 357, 709, 421, 1, 5, 1
74, 2, 1105, 356, 704, 422, 1, 5, 1
75, 2, 1114, 357, 697, 422, 1, 5, 1
76, 2, 1122, 361, 692, 416, 1, 5, 1
77, 2, 1129, 363, 686, 418, 1, 5, 1
78, 2, 1133, 363, 682, 417, 1, 5, 1
79, 2, 1137, 364, 676, 420, 1, 5, 1
80, 2, 1140, 363, 672, 419, 1, 5, 1
81, 2, 1150, 364, 663, 419, 1, 5, 1
82, 2, 1155, 362, 658, 427, 1, 5, 1
83, 2, 1161, 363, 652, 428, 1, 5, 1
84, 2, 1166, 362, 648, 427, 1, 5, 1
85, 2, 1173, 362, 640, 429, 1, 5, 1
86, 2, 1181, 360, 634, 432, 1, 5, 1
87, 2, 1193, 361, 624, 431, 1, 5, 1
88, 2, 1197, 361, 620, 433, 1, 5, 1
89, 2, 1201, 360, 614, 435, 1, 5, 1
90, 2, 1207, 361, 608, 434, 1, 5, 1
91, 2, 1212, 361, 602, 436, 1, 5, 1
92, 2, 1220, 365, 593, 438, 1, 5, 1
93, 2, 1222, 365, 590, 437, 1, 5, 1
94, 2, 1228, 369, 586, 436, 1, 5, 1
95, 2, 1232, 368, 579, 436, 1, 5, 1
96, 2, 1244, 367, 570, 438, 1, 5, 1
97, 2, 1250, 366, 563, 440, 1, 5, 1
98, 2, 1254, 367, 558, 436, 1, 5, 1
99, 2, 1261, 368, 552, 439, 1, 5, 1
100, 2, 1266, 367, 546, 438, 1, 5, 1
101, 2, 1271, 367, 541, 437, 1, 5, 1
102, 2, 1274, 362, 539, 446, 1, 5, 1
103, 2, 1279, 364, 534, 446, 1, 5, 1
104, 2, 1287, 362, 526, 442, 1, 5, 1
105, 2, 1291, 363, 522, 444, 1, 5, 1
106, 2, 1297, 361, 516, 450, 1, 5, 1
107, 2, 1300, 365, 513, 451, 1, 5, 1
108, 2, 1307, 366, 506, 446, 1, 5, 1
109, 2, 1310, 368, 502, 455, 1, 5, 1
110, 2, 1316, 368, 496, 456, 1, 5, 1
111, 2, 1320, 372, 491, 460, 1, 5, 1
112, 2, 1323, 371, 489, 463, 1, 5, 1
113, 2, 1328, 370, 484, 453, 1, 5, 1
114, 2, 1335, 369, 478, 454, 1, 5, 1
115, 2, 1338, 367, 476, 459, 1, 5, 1
116, 2, 1342, 368, 471, 465, 1, 5, 1
117, 2, 1345, 369, 469, 461, 1, 5, 1
118, 2, 1348, 367, 465, 466, 1, 5, 1
119, 2, 1348, 367, 466, 470, 1, 5, 1
120, 2, 1352, 371, 462, 469, 1, 5, 1
121, 2, 1358, 370, 454, 476, 1, 5, 1
122, 2, 1359, 374, 453, 480, 1, 5, 1
123, 2, 1361, 374, 451, 482, 1, 5, 1
124, 2, 1367, 377, 445, 478, 1, 5, 1
125, 2, 1372, 377, 440, 478, 1, 5, 1
126, 2, 1375, 376, 437, 486, 1, 5, 1
127, 2, 1384, 376, 428, 483, 1, 5, 1
128, 2, 1389, 378, 422, 479, 1, 5, 1
129, 2, 1388, 377, 424, 482, 1, 5, 1
130, 2, 1392, 376, 420, 484, 1, 5, 1
131, 2, 1398, 377, 413, 484, 1, 5, 1
132, 2, 1401, 376, 411, 490, 1, 5, 1
133, 2, 1404, 376, 407, 488, 1, 5, 1
134, 2, 1408, 377, 403, 492, 1, 5, 1
135, 2, 1412, 377, 400, 497, 1, 5, 1
136, 2, 1413, 376, 399, 496, 1, 5, 1
137, 2, 1419, 378, 395, 499, 1, 5, 1
138, 2, 1421, 379, 391, 498, 1, 5, 1
139, 2, 1422, 380, 391, 499, 1, 5, 1
140, 2, 1425, 381, 387, 498, 1, 5, 1
141, 2, 1426, 384, 387, 499, 1, 5, 1
142, 2, 1427, 383, 386, 494, 1, 5, 1
143, 2, 1430, 384, 382, 498, 1, 5, 1
144, 2, 1431, 381, 382, 503, 1, 5, 1
145, 2, 1435, 384, 377, 503, 1, 5, 1
146, 2, 1438, 382, 376, 507, 1, 5, 1
147, 2, 1440, 382, 374, 509, 1, 5, 1
148, 2, 1443, 382, 371, 506, 1, 5, 1
149, 2, 1446, 382, 366, 513, 1, 5, 1
150, 2, 1447, 387, 366, 504, 1, 5, 1
151, 2, 1450, 386, 362, 506, 1, 5, 1
152, 2, 1448, 385, 365, 513, 1, 5, 1
153, 2, 1444, 385, 369, 515, 1, 5, 1
154, 2, 1445, 386, 369, 512, 1, 5, 1
155, 2, 1444, 388, 370, 513, 1, 5, 1
156, 2, 1440, 388, 375, 520, 1, 5, 1
157, 2, 1436, 389, 381, 519, 1, 5, 1
158, 2, 1438, 387, 379, 522, 1, 5, 1
159, 2, 1433, 387, 384, 526, 1, 5, 1
160, 2, 1428, 387, 388, 533, 1, 5, 1
161, 2, 1425, 391, 390, 530, 1, 5, 1
162, 2, 1428, 389, 389, 530, 1, 5, 1
163, 2, 1426, 388, 390, 534, 1, 5, 1
164, 2, 1426, 387, 390, 534, 1, 5, 1
165, 2, 1426, 388, 390, 536, 1, 5, 1
166, 2, 1419, 389, 398, 534, 1, 5, 1
167, 2, 1419, 389, 396, 540, 1, 5, 1
168, 2, 1417, 392, 398, 535, 1, 5, 1
169, 2, 1413, 393, 402, 539, 1, 5, 1
170, 2, 1410, 393, 405, 546, 1, 5, 1
171, 2, 1407, 393, 409, 550, 1, 5, 1
172, 2, 1408, 396, 408, 538, 1, 5, 1
173, 2, 1405, 394, 412, 545, 1, 5, 1
174, 2, 1402, 393, 415, 538, 1, 5, 1
175, 2, 1402, 391, 415, 544, 1, 5, 1
176, 2, 1401, 392, 415, 548, 1, 5, 1
177, 2, 1396, 391, 420, 548, 1, 5, 1
178, 2, 1391, 393, 425, 546, 1, 5, 1
179, 2, 1387, 394, 428, 545, 1, 5, 1
180, 2, 1382, 394, 431, 548, 1, 5, 1
181, 2, 1382, 396, 431, 549, 1, 5, 1
182, 2, 1379, 396, 434, 556, 1, 5, 1
183, 2, 1378, 397, 436, 560, 1, 5, 1
184, 2, 1374, 398, 440, 559, 1, 5, 1
185, 2, 1371, 398, 442, 560, 1, 5, 1
186, 2, 1363, 395, 449, 563, 1, 5, 1
187, 2, 1361, 396, 452, 565, 1, 5, 1
188, 2, 1355, 398, 456, 566, 1, 5, 1
189, 2, 1351, 397, 461, 568, 1, 5, 1
190, 2, 1347, 397, 465, 569, 1, 5, 1
191, 2, 1341, 397, 470, 568, 1, 5, 1
192, 2, 1340, 398, 471, 570, 1, 5, 1
193, 2, 1336, 399, 474, 567, 1, 5, 1
194, 2, 1333, 402, 477, 566, 1, 5, 1
195, 2, 1330, 403, 481, 564, 1, 5, 1
196, 2, 1326, 401, 483, 567, 1, 5, 1
197, 2, 1323, 402, 486, 566, 1, 5, 1
198, 2, 1320, 404, 488, 563, 1, 5, 1
199, 2, 1315, 407, 488, 561, 1, 5, 1
200, 2, 1308, 407, 495, 561, 1, 5, 1
201, 2, 1302, 407, 498, 560, 1, 5, 1
202, 2, 1298, 403, 502, 566, 1, 5, 1
203, 2, 1296, 403, 501, 564, 1, 5, 1
204, 2, 1290, 406, 510, 561, 1, 5, 1
205, 2, 1286, 407, 513, 562, 1, 5, 1
206, 2, 1284, 405, 512, 564, 1, 5, 1
207, 2, 1284, 405, 512, 566, 1, 5, 1
208, 2, 1280, 404, 519, 566, 1, 5, 1
209, 2, 1280, 404, 514, 565, 1, 5, 1
210, 2, 1275, 407, 519, 562, 1, 5, 1
211, 2, 1271, 412, 525, 556, 1, 5, 1
212, 2, 1269, 410, 524, 559, 1, 5, 1
213, 2, 1263, 409, 528, 559, 1, 5, 1
214, 2, 1260, 410, 527, 559, 1, 5, 1
215, 2, 1256, 410, 529, 561, 1, 5, 1
216, 2, 1250, 410, 536, 559, 1, 5, 1
217, 2, 1244, 414, 538, 553, 1, 5, 1
218, 2, 1242, 413, 540, 556, 1, 5, 1
219, 2, 1238, 414, 542, 555, 1, 5, 1
220, 2, 1234, 408, 545, 562, 1, 5, 1
221, 2, 1232, 410, 547, 559, 1, 5, 1
222, 2, 1230, 416, 546, 554, 1, 5, 1
223, 2, 1227, 421, 547, 548, 1, 5, 1
224, 2, 1224, 422, 549, 549, 1, 5, 1
225, 2, 1223, 420, 550, 551, 1, 5, 1
226, 2, 1217, 421, 553, 549, 1, 5, 1
227, 2, 1212, 418, 558, 552, 1, 5, 1
228, 2, 1210, 422, 562, 549, 1, 5, 1
229, 2, 1207, 424, 563, 546, 1, 5, 1
230, 2, 1198, 426, 575, 546, 1, 5, 1
231, 2, 1194, 426, 579, 546, 1, 5, 1
232, 2, 1189, 428, 582, 544, 1, 5, 1
233, 2, 1187, 428, 581, 544, 1, 5, 1
234, 2, 1182, 428, 585, 546, 1, 5, 1
235, 2, 1178, 428, 589, 545, 1, 5, 1
236, 2, 1177, 428, 586, 544, 1, 5, 1
237, 2, 1173, 429, 585, 544, 1, 5, 1
238, 2, 1172, 429, 583, 545, 1, 5, 1
239, 2, 1173, 430, 581, 543, 1, 5, 1
240, 2, 1165, 431, 585, 544, 1, 5, 1
241, 2, 1161, 431, 588, 543, 1, 5, 1
242, 2, 1154, 431, 595, 543, 1, 5, 1
243, 2, 1148, 433, 600, 541, 1, 5, 1
244, 2, 1141, 432, 608, 541, 1, 5, 1
245, 2, 1135, 433, 611, 540, 1, 5, 1
246, 2, 1129, 436, 617, 538, 1, 5, 1
247, 2, 1125, 438, 618, 537, 1, 5, 1
248, 2, 1116, 439, 624, 535, 1, 5, 1
249, 2, 1113, 440, 626, 535, 1, 5, 1
250, 2, 1110, 443, 627, 533, 1, 5, 1
251, 2, 1106, 443, 631, 532, 1, 5, 1
252, 2, 1105, 442, 632, 533, 1, 5, 1
253, 2, 1099, 442, 634, 533, 1, 5, 1
254, 2, 1092, 442, 641, 534, 1, 5, 1
255, 2, 1090, 443, 642, 532, 1, 5, 1
256, 2, 1084, 441, 649, 533, 1, 5, 1
257, 2, 1076, 444, 657, 532, 1, 5, 1
258, 2, 1074, 445, 658, 529, 1, 5, 1
259, 2, 1067, 445, 664, 530, 1, 5, 1
260, 2, 1057, 447, 669, 527, 1, 5, 1
261, 2, 1050, 448, 673, 526, 1, 5, 1
262, 2, 1044, 453, 678, 521, 1, 5, 1
263, 2, 1039, 452, 681, 521, 1, 5, 1
264, 2, 1033, 452, 687, 522, 1, 5, 1
265, 2, 1028, 455, 689, 519, 1, 5, 1
266, 2, 1021, 452, 695, 520, 1, 5, 1
267, 2, 1019, 452, 696, 522, 1, 5, 1
268, 2, 1015, 455, 697, 518, 1, 5, 1
269, 2, 1009, 455, 701, 518, 1, 5, 1
270, 2, 1004, 456, 703, 516, 1, 5, 1
271, 2, 999, 454, 705, 520, 1, 5, 1
272, 2, 989, 457, 714, 517, 1, 5, 1
273, 2, 981, 458, 721, 516, 1, 5, 1
274, 2, 965, 460, 736, 514, 1, 5, 1
275, 2, 960, 459, 741, 516, 1, 5, 1
276, 2, 951, 459, 747, 517, 1, 5, 1
277, 2, 944, 458, 754, 516, 1, 5, 1
278, 2, 934, 459, 761, 516, 1, 5, 1
279, 2, 927, 461, 769, 513, 1, 5, 1
280, 2, 915, 463, 779, 511, 1, 5, 1
281, 2, 906, 463, 786, 510, 1, 5, 1
282, 2, 898, 465, 794, 509, 1, 5, 1
283, 2, 889, 465, 799, 510, 1, 5, 1
284, 2, 875, 467, 812, 509, 1, 5, 1
285, 2, 866, 471, 823, 504, 1, 5, 1
286, 2, 855, 473, 832, 502, 1, 5, 1
287, 2, 846, 475, 841, 500, 1, 5, 1
288, 2, 839, 476, 842, 500, 1, 5, 1
289, 2, 828, 476, 855, 499, 1, 5, 1
290, 2, 815, 477, 863, 497, 1, 5, 1
291, 2, 805, 477, 869, 499, 1, 5, 1
292, 2, 803, 478, 871, 498, 1, 5, 1
293, 2, 784, 479, 889, 496, 1, 5, 1
294, 2, 775, 481, 899, 494, 1, 5, 1
295, 2, 769, 483, 901, 491, 1, 5, 1
296, 2, 755, 483, 913, 494, 1, 5, 1
297, 2, 737, 483, 929, 493, 1, 5, 1
298, 2, 722, 486, 940, 489, 1, 5, 1
299, 2, 712, 491, 946, 484, 1, 5, 1
300, 2, 697, 497, 961, 478, 1, 5, 1
301, 2, 665, 501, 986, 472, 1, 5, 1
302, 2, 664, 497, 986, 478, 1, 5, 1
303, 2, 655, 494, 995, 482, 1, 5, 1
304, 2, 638, 490, 1008, 484, 1, 5, 1
305, 2, 633, 489, 1011, 485, 1, 5, 1
306, 2, 619, 488, 1022, 486, 1, 5, 1
307, 2, 619, 492, 1017, 483, 1, 5, 1
308, 2, 585, 494, 1044, 482, 1, 5, 1
309, 2, 575, 495, 1052, 480, 1, 5, 1
310, 2, 562, 504, 1060, 471, 1, 5, 1
311, 2, 547, 509, 1068, 463, 1, 5, 1
312, 2, 519, 511, 1090, 463, 1, 5, 1
313, 2, 520, 517, 1086, 457, 1, 5, 1
314, 2, 486, 519, 1114, 453, 1, 5, 1
315, 2, 469, 519, 1127, 454, 1, 5, 1
316, 2, 461, 519, 1128, 456, 1, 5, 1
317, 2, 443, 520, 1141, 455, 1, 5, 1
318, 2, 437, 521, 1143, 454, 1, 5, 1
319, 2, 417, 520, 1157, 455, 1, 5, 1
320, 2, 403, 518, 1165, 457, 1, 5, 1
321, 2, 383, 518, 1175, 455, 1, 5, 1
322, 2, 365, 519, 1186, 454, 1, 5, 1
323, 2, 339, 528, 1207, 445, 1, 5, 1
324, 2, 330, 540, 1210, 434, 1, 5, 1
325, 2, 299, 545, 1232, 429, 1, 5, 1
326, 2, 281, 549, 1240, 425, 1, 5, 1
327, 2, 267, 551, 1252, 421, 1, 5, 1
328, 2, 248, 555, 1262, 417, 1, 5, 1
329, 2, 240, 557, 1262, 413, 1, 5, 1
330, 2, 209, 558, 1289, 412, 1, 5, 1
331, 2, 185, 556, 1303, 415, 1, 5, 1
332, 2, 159, 556, 1319, 415, 1, 5, 1
333, 2, 143, 564, 1332, 407, 1, 5, 1
334, 2, 122, 563, 1345, 407, 1, 5, 1
335, 2, 110, 568, 1344, 401, 1, 5, 1
336, 2, 84, 565, 1363, 406, 1, 5, 1
337, 2, 39, 568, 1398, 401, 1, 5, 1
338, 2, 35, 574, 1395, 396, 1, 5, 1
339, 2, 20, 578, 1402, 391, 1, 5, 1
340, 2, 14, 576, 1401, 393, 1, 5, 1
341, 2, 14, 576, 1392, 394, 1, 5, 1
342, 2, 9, 579, 1390, 391, 1, 5, 1
343, 2, 11, 575, 1378, 395, 1, 5, 1
344, 2, 11, 572, 1368, 398, 1, 5, 1
345, 2, 6, 574, 1367, 395, 1, 5, 1
346, 2, 6, 577, 1358, 392, 1, 5, 1
347, 2, 5, 587, 1351, 383, 1, 5, 1
348, 2, 2, 578, 1346, 392, 1, 5, 1
349, 2, 3, 586, 1334, 385, 1, 5, 1
350, 2, 2, 592, 1324, 380, 1, 5, 1
351, 2, 1, 601, 1317, 370, 1, 5, 1
352, 2, 1, 609, 1308, 362, 1, 5, 1
353, 2, 1, 613, 1299, 358, 1, 5, 1
354, 2, 1, 613, 1292, 358, 1, 5, 1
355, 2, 2, 608, 1282, 362, 1, 5, 1
356, 2, 2, 603, 1275, 368, 1, 5, 1
357, 2, 4, 608, 1261, 365, 1, 5, 1
358, 2, 2, 615, 1256, 358, 1, 5, 1
359, 2, 3, 614, 1243, 357, 1, 5, 1
360, 2, 6, 612, 1230, 361, 1, 5, 1
361, 2, 4, 614, 1219, 357, 1, 5, 1
362, 2, 3, 619, 1217, 352, 1, 5, 1
363, 2, 1, 623, 1204, 348, 1, 5, 1
364, 2, 1, 628, 1195, 343, 1, 5, 1
365, 2, 1, 633, 1191, 340, 1, 5, 1
366, 2, 2, 634, 1183, 337, 1, 5, 1
367, 2, 2, 634, 1172, 337, 1, 5, 1
368, 2, 1, 631, 1161, 340, 1, 5, 1
369, 2, 2, 636, 1150, 337, 1, 5, 1
370, 2, 1, 637, 1139, 336, 1, 5, 1
371, 2, 1, 641, 1130, 332, 1, 5, 1
372, 2, 2, 647, 1112, 325, 1, 5, 1
373, 2, 2, 657, 1101, 313, 1, 5, 1
374, 2, 3, 684, 1085, 287, 1, 5, 1
375, 2, 1, 677, 1077, 296, 1, 5, 1
376, 2, 2, 734, 1057, 238, 1, 5, 1
377, 2, 1, 733, 1047, 239, 1, 5, 1
378, 2, 2, 742, 1030, 230, 1, 5, 1
379, 2, 3, 735, 1020, 236, 1, 5, 1
380, 2, 5, 746, 1013, 225, 1, 5, 1
381, 2, 5, 752, 1012, 218, 1, 5, 1
382, 2, 5, 752, 1012, 216, 1, 5, 1
383, 2, 4, 761, 1012, 208, 1, 5, 1
384, 2, 3, 761, 930, 209, 1, 5, 1
385, 2, 1, 768, 904, 203, 1, 5, 1
386, 2, 2, 770, 874, 200, 1, 5, 1
387, 2, 1, 772, 849, 202, 1, 5, 1
388, 2, 1, 778, 829, 198, 1, 5, 1
389, 2, 2, 780, 811, 195, 1, 5, 1
390, 2, 2, 783, 792, 191, 1, 5, 1
391, 2, 1, 788, 773, 187, 1, 5, 1
392, 2, 2, 788, 754, 188, 1, 5, 1
393, 2, 1, 790, 738, 185, 1, 5, 1
394, 2, 1, 786, 713, 189, 1, 5, 1
395, 2, 1, 790, 691, 185, 1, 5, 1
396, 2, 2, 796, 670, 181, 1, 5, 1
397, 2, 2, 797, 650, 179, 1, 5, 1
398, 2, 4, 801, 626, 174, 1, 5, 1
399, 2, 3, 801, 614, 174, 1, 5, 1
400, 2, 1, 802, 590, 174, 1, 5, 1
401, 2, 2, 805, 572, 171, 1, 5, 1
402, 2, 2, 803, 552, 172, 1, 5, 1
403, 2, 3, 807, 533, 170, 1, 5, 1
404, 2, 2, 806, 512, 171, 1, 5, 1
405, 2, 3, 812, 488, 165, 1, 5, 1
406, 2, 1, 820, 466, 157, 1, 5, 1
407, 2, 1, 820, 440, 156, 1, 5, 1
408, 2, 1, 824, 417, 153, 1, 5, 1
409, 2, 1, 828, 396, 150, 1, 5, 1
410, 2, 1, 828, 369, 149, 1, 5, 1
411, 2, 2, 830, 343, 147, 1, 5, 1
412, 2, 1, 830, 316, 148, 1, 5, 1
413, 2, 1, 836, 287, 140, 1, 5, 1
414, 2, 1, 837, 262, 141, 1, 5, 1
354, 3, 1766, 797, 53, 181, 1, 1, 1
355, 3, 1761, 795, 58, 183, 1, 1, 1
356, 3, 1761, 795, 58, 183, 1, 1, 1
357, 3, 1754, 795, 65, 183, 1, 1, 1
358, 3, 1746, 794, 73, 184, 1, 1, 1
359, 3, 1744, 796, 75, 181, 1, 1, 1
360, 3, 1744, 796, 75, 181, 1, 1, 1
361, 3, 1732, 794, 86, 183, 1, 1, 1
362, 3, 1727, 794, 86, 183, 1, 1, 1
363, 3, 1721, 792, 92, 185, 1, 1, 1
364, 3, 1717, 795, 94, 181, 1, 1, 1
365, 3, 1717, 795, 94, 181, 1, 1, 1
366, 3, 1709, 796, 86, 182, 1, 1, 1
367, 3, 1703, 794, 86, 184, 1, 1, 1
368, 3, 1695, 797, 90, 181, 1, 1, 1
369, 3, 1689, 799, 92, 179, 1, 1, 1
370, 3, 1681, 801, 95, 176, 1, 1, 1
371, 3, 1675, 800, 96, 178, 1, 1, 1
372, 3, 1666, 802, 95, 176, 1, 1, 1
373, 3, 1666, 802, 95, 176, 1, 1, 1
374, 3, 1651, 798, 95, 179, 1, 1, 1
375, 3, 1644, 796, 95, 179, 1, 1, 1
376, 3, 1639, 797, 95, 178, 1, 1, 1
377, 3, 1632, 796, 95, 179, 1, 1, 1
378, 3, 1627, 796, 95, 179, 1, 1, 1
379, 3, 1626, 794, 87, 184, 1, 1, 1
380, 3, 1616, 792, 88, 185, 1, 1, 1
381, 3, 1607, 795, 88, 184, 1, 1, 1
382, 3, 1604, 795, 88, 184, 1, 1, 1
383, 3, 1597, 795, 88, 184, 1, 1, 1
384, 3, 1596, 797, 86, 181, 1, 1, 1
385, 3, 1589, 797, 90, 181, 1, 1, 1
386, 3, 1585, 799, 89, 178, 1, 1, 1
387, 3, 1582, 796, 81, 182, 1, 1, 1
388, 3, 1571, 795, 87, 180, 1, 1, 1
389, 3, 1569, 793, 84, 184, 1, 1, 1
390, 3, 1569, 791, 75, 186, 1, 1, 1
391, 3, 1565, 793, 76, 184, 1, 1, 1
392, 3, 1558, 791, 82, 187, 1, 1, 1
393, 3, 1542, 792, 94, 186, 1, 1, 1
394, 3, 1536, 791, 97, 187, 1, 1, 1
395, 3, 1529, 791, 97, 187, 1, 1, 1
396, 3, 1522, 795, 95, 183, 1, 1, 1
397, 3, 1515, 793, 97, 185, 1, 1, 1
398, 3, 1520, 800, 88, 177, 1, 1, 1
399, 3, 1515, 799, 88, 178, 1, 1, 1
400, 3, 1505, 801, 90, 176, 1, 1, 1
401, 3, 1499, 803, 88, 173, 1, 1, 1
402, 3, 1490, 800, 86, 177, 1, 1, 1
403, 3, 1485, 802, 79, 175, 1, 1, 1
404, 3, 1467, 800, 85, 177, 1, 1, 1
405, 3, 1470, 797, 77, 180, 1, 1, 1
406, 3, 1468, 798, 76, 180, 1, 1, 1
407, 3, 1457, 794, 78, 184, 1, 1, 1
408, 3, 1452, 795, 76, 183, 1, 1, 1
409, 3, 1448, 795, 72, 182, 1, 1, 1
410, 3, 1440, 794, 73, 184, 1, 1, 1
411, 3, 1432, 797, 75, 180, 1, 1, 1
412, 3, 1424, 798, 77, 179, 1, 1, 1
413, 3, 1418, 802, 77, 176, 1, 1, 1
414, 3, 1398, 802, 87, 174, 1, 1, 1
415, 3, 1404, 801, 72, 176, 1, 1, 1
416, 3, 1399, 803, 72, 174, 1, 1, 1
417, 3, 1393, 799, 70, 179, 1, 1, 1
418, 3, 1377, 800, 79, 176, 1, 1, 1
419, 3, 1375, 796, 79, 181, 1, 1, 1
420, 3, 1358, 798, 88, 179, 1, 1, 1
421, 3, 1362, 796, 79, 182, 1, 1, 1
422, 3, 1356, 796, 79, 182, 1, 1, 1
423, 3, 1348, 798, 81, 179, 1, 1, 1
424, 3, 1332, 801, 94, 176, 1, 1, 1
425, 3, 1326, 803, 95, 174, 1, 1, 1
426, 3, 1323, 805, 91, 172, 1, 1, 1
427, 3, 1316, 807, 91, 170, 1, 1, 1
428, 3, 1307, 807, 91, 170, 1, 1, 1
429, 3, 1297, 806, 88, 171, 1, 1, 1
430, 3, 1289, 804, 84, 174, 1, 1, 1
431, 3, 1281, 804, 84, 174, 1, 1, 1
432, 3, 1273, 803, 84, 174, 1, 1, 1
433, 3, 1270, 801, 84, 174, 1, 1, 1
434, 3, 1261, 798, 84, 174, 1, 1, 1
435, 3, 1257, 798, 85, 179, 1, 1, 1
436, 3, 1249, 797, 84, 180, 1, 1, 1
437, 3, 1245, 800, 83, 177, 1, 1, 1
438, 3, 1232, 801, 89, 175, 1, 1, 1
439, 3, 1229, 802, 93, 174, 1, 1, 1
440, 3, 1220, 803, 90, 174, 1, 1, 1
441, 3, 1213, 804, 88, 174, 1, 1, 1
442, 3, 1208, 802, 83, 175, 1, 1, 1
443, 3, 1203, 802, 80, 176, 1, 1, 1
444, 3, 1197, 802, 80, 176, 1, 1, 1
445, 3, 1188, 799, 77, 178, 1, 1, 1
446, 3, 1182, 797, 76, 180, 1, 1, 1
447, 3, 1171, 795, 80, 183, 1, 1, 1
448, 3, 1176, 795, 72, 183, 1, 1, 1
449, 3, 1161, 793, 80, 184, 1, 1, 1
450, 3, 1149, 791, 85, 186, 1, 1, 1
451, 3, 1142, 791, 89, 185, 1, 1, 1
452, 3, 1138, 794, 87, 184, 1, 1, 1
453, 3, 1130, 794, 90, 184, 1, 1, 1
454, 3, 1132, 800, 82, 178, 1, 1, 1
455, 3, 1126, 799, 84, 178, 1, 1, 1
456, 3, 1112, 799, 90, 179, 1, 1, 1
457, 3, 1110, 802, 87, 175, 1, 1, 1
458, 3, 1103, 802, 87, 175, 1, 1, 1
459, 3, 1094, 801, 78, 176, 1, 1, 1
460, 3, 1086, 798, 77, 180, 1, 1, 1
461, 3, 1079, 798, 77, 180, 1, 1, 1
462, 3, 1075, 792, 74, 186, 1, 1, 1
463, 3, 1065, 790, 78, 188, 1, 1, 1
464, 3, 1059, 790, 76, 187, 1, 1, 1
465, 3, 1052, 789, 76, 187, 1, 1, 1
466, 3, 1042, 793, 80, 184, 1, 1, 1
467, 3, 1033, 794, 82, 183, 1, 1, 1
468, 3, 1032, 795, 77, 182, 1, 1, 1
469, 3, 1027, 800, 74, 175, 1, 1, 1
470, 3, 1019, 799, 76, 178, 1, 1, 1
471, 3, 1011, 799, 76, 178, 1, 1, 1
472, 3, 1000, 800, 76, 178, 1, 1, 1
473, 3, 995, 800, 76, 178, 1, 1, 1
474, 3, 986, 800, 76, 178, 1, 1, 1
475, 3, 978, 798, 76, 178, 1, 1, 1
476, 3, 974, 795, 76, 178, 1, 1, 1
477, 3, 966, 795, 76, 178, 1, 1, 1
478, 3, 957, 794, 76, 178, 1, 1, 1
479, 3, 949, 795, 76, 178, 1, 1, 1
480, 3, 944, 795, 76, 178, 1, 1, 1
481, 3, 934, 797, 76, 178, 1, 1, 1
482, 3, 924, 798, 87, 178, 1, 1, 1
483, 3, 920, 802, 83, 177, 1, 1, 1
484, 3, 913, 801, 80, 176, 1, 1, 1
485, 3, 904, 801, 80, 176, 1, 1, 1
486, 3, 898, 802, 80, 176, 1, 1, 1
487, 3, 892, 802, 80, 176, 1, 1, 1
488, 3, 872, 799, 83, 179, 1, 1, 1
489, 3, 869, 799, 77, 178, 1, 1, 1
490, 3, 852, 793, 89, 185, 1, 1, 1
491, 3, 857, 794, 75, 183, 1, 1, 1
492, 3, 852, 790, 73, 188, 1, 1, 1
493, 3, 837, 786, 82, 191, 1, 1, 1
494, 3, 841, 790, 72, 188, 1, 1, 1
495, 3, 824, 794, 79, 182, 1, 1, 1
496, 3, 809, 799, 90, 178, 1, 1, 1
497, 3, 803, 799, 90, 178, 1, 1, 1
498, 3, 795, 800, 90, 178, 1, 1, 1
499, 3, 803, 802, 71, 176, 1, 1, 1
500, 3, 794, 802, 71, 176, 1, 1, 1
501, 3, 785, 801, 71, 176, 1, 1, 1
502, 3, 754, 794, 92, 181, 1, 1, 1
503, 3, 760, 796, 78, 181, 1, 1, 1
504, 3, 735, 795, 97, 182, 1, 1, 1
505, 3, 710, 792, 120, 183, 1, 1, 1
506, 3, 704, 792, 119, 183, 1, 1, 1
507, 3, 709, 791, 107, 186, 1, 1, 1
508, 3, 702, 795, 106, 182, 1, 1, 1
509, 3, 690, 796, 112, 179, 1, 1, 1
510, 3, 677, 796, 117, 178, 1, 1, 1
511, 3, 669, 796, 119, 177, 1, 1, 1
512, 3, 661, 793, 116, 181, 1, 1, 1
513, 3, 658, 801, 108, 173, 1, 1, 1
514, 3, 645, 802, 114, 174, 1, 1, 1
515, 3, 637, 801, 110, 174, 1, 1, 1
516, 3, 629, 801, 108, 174, 1, 1, 1
517, 3, 621, 799, 112, 178, 1, 1, 1
518, 3, 612, 802, 112, 176, 1, 1, 1
519, 3, 605, 799, 112, 176, 1, 1, 1
520, 3, 592, 800, 121, 177, 1, 1, 1
521, 3, 585, 797, 122, 178, 1, 1, 1
522, 3, 577, 801, 124, 174, 1, 1, 1
523, 3, 571, 801, 124, 175, 1, 1, 1
524, 3, 565, 798, 121, 176, 1, 1, 1
525, 3, 556, 798, 122, 177, 1, 1, 1
526, 3, 545, 800, 121, 172, 1, 1, 1
527, 3, 537, 799, 120, 175, 1, 1, 1
528, 3, 531, 800, 114, 174, 1, 1, 1
529, 3, 520, 801, 113, 174, 1, 1, 1
530, 3, 508, 800, 117, 176, 1, 1, 1
531, 3, 502, 799, 117, 177, 1, 1, 1
532, 3, 494, 798, 116, 175, 1, 1, 1
533, 3, 484, 795, 119, 180, 1, 1, 1
534, 3, 480, 795, 117, 181, 1, 1, 1
535, 3, 472, 797, 119, 179, 1, 1, 1
536, 3, 464, 797, 120, 180, 1, 1, 1
537, 3, 458, 800, 119, 176, 1, 1, 1
538, 3, 451, 797, 119, 178, 1, 1, 1
539, 3, 439, 800, 119, 173, 1, 1, 1
540, 3, 433, 800, 118, 175, 1, 1, 1
541, 3, 424, 800, 119, 173, 1, 1, 1
542, 3, 428, 800, 105, 175, 1, 1, 1
543, 3, 417, 797, 104, 178, 1, 1, 1
544, 3, 405, 797, 111, 178, 1, 1, 1
545, 3, 396, 797, 114, 178, 1, 1, 1
546, 3, 391, 793, 109, 183, 1, 1, 1
547, 3, 387, 793, 107, 183, 1, 1, 1
548, 3, 377, 792, 110, 183, 1, 1, 1
549, 3, 368, 791, 112, 186, 1, 1, 1
550, 3, 366, 793, 108, 182, 1, 1, 1
551, 3, 359, 793, 108, 183, 1, 1, 1
552, 3, 357, 796, 104, 180, 1, 1, 1
553, 3, 348, 796, 106, 180, 1, 1, 1
554, 3, 341, 799, 106, 177, 1, 1, 1
555, 3, 334, 800, 104, 176, 1, 1, 1
556, 3, 325, 799, 105, 176, 1, 1, 1
557, 3, 322, 799, 97, 177, 1, 1, 1
558, 3, 319, 798, 91, 179, 1, 1, 1
559, 3, 310, 797, 92, 180, 1, 1, 1
560, 3, 305, 796, 93, 180, 1, 1, 1
561, 3, 299, 793, 91, 183, 1, 1, 1
562, 3, 298, 795, 87, 182, 1, 1, 1
563, 3, 299, 794, 82, 183, 1, 1, 1
564, 3, 290, 795, 83, 182, 1, 1, 1
565, 3, 281, 798, 86, 178, 1, 1, 1
566, 3, 273, 798, 86, 178, 1, 1, 1
567, 3, 265, 802, 88, 175, 1, 1, 1
568, 3, 256, 802, 95, 175, 1, 1, 1
569, 3, 248, 802, 95, 176, 1, 1, 1
570, 3, 239, 804, 95, 175, 1, 1, 1
571, 3, 230, 804, 95, 175, 1, 1, 1
572, 3, 223, 802, 90, 174, 1, 1, 1
573, 3, 216, 802, 90, 174, 1, 1, 1
574, 3, 209, 801, 90, 174, 1, 1, 1
575, 3, 199, 795, 90, 181, 1, 1, 1
576, 3, 193, 795, 90, 181, 1, 1, 1
577, 3, 187, 793, 90, 181, 1, 1, 1
578, 3, 178, 794, 90, 181, 1, 1, 1
579, 3, 169, 796, 94, 180, 1, 1, 1
580, 3, 166, 800, 91, 177, 1, 1, 1
581, 3, 154, 800, 95, 176, 1, 1, 1
582, 3, 149, 802, 95, 175, 1, 1, 1
583, 3, 135, 805, 99, 171, 1, 1, 1
584, 3, 126, 806, 99, 171, 1, 1, 1
585, 3, 119, 806, 99, 171, 1, 1, 1
586, 3, 110, 806, 99, 171, 1, 1, 1
587, 3, 101, 803, 99, 171, 1, 1, 1
588, 3, 94, 802, 99, 171, 1, 1, 1
589, 3, 101, 802, 83, 175, 1, 1, 1
590, 3, 91, 801, 83, 175, 1, 1, 1
591, 3, 88, 798, 83, 178, 1, 1, 1
592, 3, 75, 796, 91, 181, 1, 1, 1
593, 3, 62, 798, 97, 179, 1, 1, 1
594, 3, 65, 800, 89, 176, 1, 1, 1
595, 3, 58, 803, 87, 171, 1, 1, 1
596, 3, 41, 803, 100, 169, 1, 1, 1
597, 3, 35, 805, 98, 171, 1, 1, 1
598, 3, 24, 805, 98, 172, 1, 1, 1
599, 3, 19, 804, 99, 172, 1, 1, 1
600, 3, 9, 804, 99, 172, 1, 1, 1
601, 3, 4, 802, 91, 174, 1, 1, 1
602, 3, 2, 803, 86, 174, 1, 1, 1
603, 3, 1, 801, 79, 175, 1, 1, 1
604, 3, 2, 801, 74, 175, 1, 1, 1
605, 3, 3, 801, 65, 177, 1, 1, 1
564, 4, 1687, 437, 131, 254, 1, 5, 1
565, 4, 1683, 437, 134, 279, 1, 5, 1
566, 4, 1679, 433, 138, 279, 1, 5, 1
567, 4, 1674, 436, 143, 282, 1, 5, 1
568, 4, 1669, 435, 149, 278, 1, 5, 1
569, 4, 1664, 436, 153, 280, 1, 5, 1
570, 4, 1653, 440, 165, 274, 1, 5, 1
571, 4, 1658, 437, 159, 273, 1, 5, 1
572, 4, 1652, 438, 165, 286, 1, 5, 1
573, 4, 1647, 436, 171, 303, 1, 5, 1
574, 4, 1642, 438, 175, 307, 1, 5, 1
575, 4, 1638, 437, 178, 315, 1, 5, 1
576, 4, 1635, 437, 181, 319, 1, 5, 1
577, 4, 1632, 436, 186, 324, 1, 5, 1
578, 4, 1626, 438, 192, 324, 1, 5, 1
579, 4, 1623, 435, 193, 326, 1, 5, 1
580, 4, 1620, 437, 197, 324, 1, 5, 1
581, 4, 1614, 437, 204, 326, 1, 5, 1
582, 4, 1608, 433, 210, 330, 1, 5, 1
583, 4, 1600, 434, 217, 329, 1, 5, 1
584, 4, 1599, 434, 218, 328, 1, 5, 1
585, 4, 1595, 432, 221, 329, 1, 5, 1
586, 4, 1587, 434, 230, 328, 1, 5, 1
587, 4, 1588, 432, 230, 330, 1, 5, 1
588, 4, 1585, 432, 233, 331, 1, 5, 1
589, 4, 1578, 431, 240, 332, 1, 5, 1
590, 4, 1575, 430, 244, 330, 1, 5, 1
591, 4, 1569, 432, 249, 330, 1, 5, 1
592, 4, 1563, 429, 255, 331, 1, 5, 1
593, 4, 1562, 428, 256, 336, 1, 5, 1
594, 4, 1555, 428, 263, 333, 1, 5, 1
595, 4, 1555, 429, 263, 333, 1, 5, 1
596, 4, 1551, 429, 266, 335, 1, 5, 1
597, 4, 1546, 429, 271, 334, 1, 5, 1
598, 4, 1542, 428, 275, 335, 1, 5, 1
599, 4, 1538, 430, 280, 335, 1, 5, 1
600, 4, 1536, 427, 281, 335, 1, 5, 1
601, 4, 1528, 427, 289, 336, 1, 5, 1
602, 4, 1523, 429, 295, 335, 1, 5, 1
603, 4, 1517, 428, 299, 336, 1, 5, 1
604, 4, 1512, 429, 306, 334, 1, 5, 1
605, 4, 1506, 429, 312, 334, 1, 5, 1
606, 4, 1503, 429, 314, 333, 1, 5, 1
607, 4, 1500, 428, 317, 336, 1, 5, 1
608, 4, 1495, 428, 322, 336, 1, 5, 1
609, 4, 1493, 430, 325, 333, 1, 5, 1
610, 4, 1490, 430, 327, 334, 1, 5, 1
611, 4, 1486, 429, 330, 335, 1, 5, 1
612, 4, 1485, 430, 331, 335, 1, 5, 1
613, 4, 1476, 429, 340, 336, 1, 5, 1
614, 4, 1469, 430, 347, 335, 1, 5, 1
615, 4, 1470, 429, 346, 336, 1, 5, 1
616, 4, 1461, 429, 355, 337, 1, 5, 1
617, 4, 1459, 429, 356, 336, 1, 5, 1
618, 4, 1456, 429, 359, 337, 1, 5, 1
619, 4, 1454, 427, 361, 338, 1, 5, 1
620, 4, 1450, 427, 365, 337, 1, 5, 1
621, 4, 1445, 428, 370, 336, 1, 5, 1
622, 4, 1438, 428, 379, 336, 1, 5, 1
623, 4, 1432, 428, 382, 335, 1, 5, 1
624, 4, 1423, 427, 391, 335, 1, 5, 1
625, 4, 1423, 428, 391, 336, 1, 5, 1
626, 4, 1417, 427, 397, 337, 1, 5, 1
627, 4, 1414, 428, 399, 337, 1, 5, 1
628, 4, 1410, 428, 404, 337, 1, 5, 1
629, 4, 1407, 427, 407, 337, 1, 5, 1
630, 4, 1404, 427, 411, 336, 1, 5, 1
631, 4, 1401, 430, 416, 332, 1, 5, 1
632, 4, 1394, 427, 423, 337, 1, 5, 1
633, 4, 1389, 427, 427, 335, 1, 5, 1
634, 4, 1387, 427, 428, 335, 1, 5, 1
635, 4, 1381, 426, 436, 337, 1, 5, 1
636, 4, 1377, 425, 439, 337, 1, 5, 1
637, 4, 1371, 424, 446, 339, 1, 5, 1
638, 4, 1369, 425, 447, 336, 1, 5, 1
639, 4, 1361, 424, 456, 337, 1, 5, 1
640, 4, 1359, 424, 457, 339, 1, 5, 1
641, 4, 1356, 424, 460, 336, 1, 5, 1
642, 4, 1354, 423, 460, 340, 1, 5, 1
643, 4, 1351, 424, 461, 338, 1, 5, 1
644, 4, 1348, 423, 467, 339, 1, 5, 1
645, 4, 1342, 423, 472, 339, 1, 5, 1
646, 4, 1339, 425, 478, 336, 1, 5, 1
647, 4, 1334, 426, 483, 337, 1, 5, 1
648, 4, 1332, 425, 483, 337, 1, 5, 1
649, 4, 1327, 427, 488, 336, 1, 5, 1
650, 4, 1326, 429, 484, 333, 1, 5, 1
651, 4, 1320, 426, 496, 336, 1, 5, 1
652, 4, 1314, 424, 497, 336, 1, 5, 1
653, 4, 1313, 425, 502, 339, 1, 5, 1
654, 4, 1310, 425, 505, 337, 1, 5, 1
655, 4, 1305, 424, 509, 336, 1, 5, 1
656, 4, 1303, 424, 510, 335, 1, 5, 1
657, 4, 1295, 425, 516, 334, 1, 5, 1
658, 4, 1293, 425, 520, 335, 1, 5, 1
659, 4, 1286, 425, 527, 334, 1, 5, 1
660, 4, 1287, 425, 526, 335, 1, 5, 1
661, 4, 1279, 423, 532, 335, 1, 5, 1
662, 4, 1276, 424, 539, 332, 1, 5, 1
663, 4, 1273, 424, 539, 332, 1, 5, 1
664, 4, 1267, 425, 548, 330, 1, 5, 1
665, 4, 1264, 423, 551, 333, 1, 5, 1
666, 4, 1263, 423, 553, 334, 1, 5, 1
667, 4, 1257, 424, 557, 330, 1, 5, 1
668, 4, 1252, 424, 562, 331, 1, 5, 1
669, 4, 1248, 424, 568, 331, 1, 5, 1
670, 4, 1245, 423, 571, 332, 1, 5, 1
671, 4, 1243, 424, 572, 330, 1, 5, 1
672, 4, 1239, 422, 575, 332, 1, 5, 1
673, 4, 1234, 422, 581, 330, 1, 5, 1
674, 4, 1229, 422, 586, 332, 1, 5, 1
675, 4, 1226, 422, 590, 331, 1, 5, 1
676, 4, 1223, 423, 591, 330, 1, 5, 1
677, 4, 1221, 422, 592, 332, 1, 5, 1
678, 4, 1218, 423, 596, 330, 1, 5, 1
679, 4, 1211, 423, 604, 329, 1, 5, 1
680, 4, 1211, 423, 604, 328, 1, 5, 1
681, 4, 1207, 423, 608, 328, 1, 5, 1
682, 4, 1201, 424, 612, 328, 1, 5, 1
683, 4, 1198, 424, 617, 327, 1, 5, 1
684, 4, 1198, 425, 617, 326, 1, 5, 1
685, 4, 1190, 425, 624, 324, 1, 5, 1
686, 4, 1188, 424, 625, 326, 1, 5, 1
687, 4, 1187, 424, 625, 326, 1, 5, 1
688, 4, 1181, 424, 629, 326, 1, 5, 1
689, 4, 1178, 423, 632, 328, 1, 5, 1
690, 4, 1175, 423, 636, 326, 1, 5, 1
691, 4, 1174, 423, 637, 327, 1, 5, 1
692, 4, 1169, 423, 642, 326, 1, 5, 1
693, 4, 1166, 422, 646, 328, 1, 5, 1
694, 4, 1165, 424, 647, 324, 1, 5, 1
695, 4, 1159, 422, 649, 325, 1, 5, 1
696, 4, 1159, 423, 653, 326, 1, 5, 1
697, 4, 1153, 422, 659, 327, 1, 5, 1
698, 4, 1150, 421, 665, 328, 1, 5, 1
699, 4, 1148, 421, 665, 327, 1, 5, 1
700, 4, 1143, 422, 671, 327, 1, 5, 1
701, 4, 1141, 421, 674, 326, 1, 5, 1
702, 4, 1139, 422, 673, 327, 1, 5, 1
703, 4, 1136, 421, 676, 326, 1, 5, 1
704, 4, 1132, 421, 681, 327, 1, 5, 1
705, 4, 1131, 421, 683, 327, 1, 5, 1
706, 4, 1124, 420, 692, 325, 1, 5, 1
707, 4, 1122, 420, 693, 328, 1, 5, 1
708, 4, 1117, 420, 699, 333, 1, 5, 1
709, 4, 1116, 420, 698, 334, 1, 5, 1
710, 4, 1115, 420, 701, 342, 1, 5, 1
711, 4, 1112, 419, 705, 346, 1, 5, 1
712, 4, 1106, 417, 711, 347, 1, 5, 1
713, 4, 1103, 419, 715, 351, 1, 5, 1
714, 4, 1100, 417, 717, 352, 1, 5, 1
715, 4, 1099, 421, 720, 349, 1, 5, 1
716, 4, 1095, 417, 722, 354, 1, 5, 1
717, 4, 1094, 418, 724, 353, 1, 5, 1
718, 4, 1091, 409, 727, 364, 1, 5, 1
719, 4, 1089, 404, 729, 367, 1, 5, 1
720, 4, 1086, 402, 732, 372, 1, 5, 1
721, 4, 1084, 396, 734, 377, 1, 5, 1
722, 4, 1079, 392, 739, 380, 1, 5, 1
723, 4, 1076, 387, 742, 383, 1, 5, 1
724, 4, 1074, 385, 745, 386, 1, 5, 1
725, 4, 1073, 386, 745, 385, 1, 5, 1
726, 4, 1073, 386, 745, 387, 1, 5, 1
727, 4, 1066, 385, 752, 387, 1, 5, 1
728, 4, 1066, 385, 753, 388, 1, 5, 1
729, 4, 1061, 384, 758, 389, 1, 5, 1
730, 4, 1061, 385, 757, 389, 1, 5, 1
731, 4, 1057, 384, 761, 389, 1, 5, 1
732, 4, 1053, 387, 766, 386, 1, 5, 1
733, 4, 1051, 383, 767, 392, 1, 5, 1
734, 4, 1050, 385, 768, 387, 1, 5, 1
735, 4, 1046, 385, 771, 387, 1, 5, 1
736, 4, 1044, 384, 773, 387, 1, 5, 1
737, 4, 1039, 383, 777, 387, 1, 5, 1
738, 4, 1035, 383, 779, 384, 1, 5, 1
739, 4, 1036, 383, 779, 383, 1, 5, 1
740, 4, 1034, 382, 780, 385, 1, 5, 1
741, 4, 1035, 385, 778, 391, 1, 5, 1
742, 4, 1029, 383, 785, 395, 1, 5, 1
743, 4, 1027, 383, 787, 395, 1, 5, 1
744, 4, 1027, 384, 790, 396, 1, 5, 1
745, 4, 1023, 381, 792, 398, 1, 5, 1
746, 4, 1020, 382, 794, 400, 1, 5, 1
747, 4, 1019, 380, 794, 401, 1, 5, 1
748, 4, 1017, 381, 797, 399, 1, 5, 1
749, 4, 1015, 379, 799, 402, 1, 5, 1
750, 4, 1015, 380, 798, 400, 1, 5, 1