1, 1, 915, 200, 657, 326, 1, 9, 1
2, 1, 913, 201, 662, 324, 1, 9, 1
3, 1, 914, 200, 660, 324, 1, 9, 1
4, 1, 916, 200, 658, 329, 1, 9, 1
5, 1, 916, 200, 657, 331, 1, 9, 1
6, 1, 920, 199, 652, 331, 1, 9, 1
7, 1, 922, 199, 653, 331, 1, 9, 1
8, 1, 923, 199, 648, 328, 1, 9, 1
9, 1, 924, 198, 649, 327, 1, 9, 1
10, 1, 928, 199, 647, 330, 1, 9, 1
11, 1, 929, 198, 644, 331, 1, 9, 1
12, 1, 930, 198, 645, 327, 1, 9, 1
13, 1, 931, 198, 642, 328, 1, 9, 1
14, 1, 930, 197, 641, 331, 1, 9, 1
15, 1, 930, 197, 642, 327, 1, 9, 1
16, 1, 931, 198, 641, 331, 1, 9, 1
17, 1, 935, 197, 638, 331, 1, 9, 1
18, 1, 937, 197, 637, 332, 1, 9, 1
19, 1, 938, 196, 632, 331, 1, 9, 1
20, 1, 942, 197, 633, 330, 1, 9, 1
21, 1, 943, 197, 634, 328, 1, 9, 1
22, 1, 953, 196, 624, 326, 1, 9, 1
23, 1, 955, 194, 621, 330, 1, 9, 1
24, 1, 952, 194, 626, 327, 1, 9, 1
25, 1, 953, 192, 619, 334, 1, 9, 1
26, 1, 952, 194, 622, 329, 1, 9, 1
27, 1, 949, 195, 627, 329, 1, 9, 1
28, 1, 952, 194, 628, 326, 1, 9, 1
29, 1, 949, 193, 632, 329, 1, 9, 1
30, 1, 945, 193, 633, 327, 1, 9, 1
31, 1, 950, 193, 633, 329, 1, 9, 1
32, 1, 946, 194, 631, 329, 1, 9, 1
33, 1, 946, 196, 636, 329, 1, 9, 1
34, 1, 946, 194, 637, 329, 1, 9, 1
35, 1, 948, 194, 634, 329, 1, 9, 1
36, 1, 949, 194, 633, 329, 1, 9, 1
37, 1, 948, 195, 635, 330, 1, 9, 1
38, 1, 943, 194, 637, 329, 1, 9, 1
39, 1, 945, 194, 634, 331, 1, 9, 1
40, 1, 951, 195, 625, 329, 1, 9, 1
41, 1, 942, 195, 639, 331, 1, 9, 1
42, 1, 947, 195, 634, 330, 1, 9, 1
43, 1, 939, 196, 642, 327, 1, 9, 1
44, 1, 939, 195, 641, 331, 1, 9, 1
45, 1, 939, 196, 641, 331, 1, 9, 1
46, 1, 934, 195, 646, 329, 1, 9, 1
47, 1, 935, 195, 642, 332, 1, 9, 1
48, 1, 935, 195, 645, 331, 1, 9, 1
49, 1, 934, 195, 643, 330, 1, 9, 1
50, 1, 934, 197, 643, 324, 1, 9, 1
51, 1, 935, 197, 641, 325, 1, 9, 1
52, 1, 932, 196, 642, 327, 1, 9, 1
53, 1, 931, 197, 641, 327, 1, 9, 1
54, 1, 929, 196, 643, 328, 1, 9, 1
55, 1, 932, 198, 638, 326, 1, 9, 1
56, 1, 929, 196, 644, 328, 1, 9, 1
57, 1, 930, 197, 642, 327, 1, 9, 1
58, 1, 930, 195, 640, 327, 1, 9, 1
59, 1, 929, 196, 643, 327, 1, 9, 1
60, 1, 928, 198, 638, 325, 1, 9, 1
61, 1, 928, 198, 637, 325, 1, 9, 1
62, 1, 927, 199, 644, 327, 1, 9, 1
63, 1, 928, 198, 640, 329, 1, 9, 1
64, 1, 928, 199, 640, 327, 1, 9, 1
65, 1, 925, 198, 641, 327, 1, 9, 1
66, 1, 914, 198, 637, 329, 1, 9, 1
67, 1, 887, 198, 636, 327, 1, 9, 1
68, 1, 858, 197, 636, 328, 1, 9, 1
69, 1, 810, 195, 635, 331, 1, 9, 1
70, 1, 778, 201, 633, 324, 1, 9, 1
71, 1, 731, 197, 636, 326, 1, 9, 1
72, 1, 679, 196, 630, 327, 1, 9, 1
73, 1, 636, 195, 628, 328, 1, 9, 1
74, 1, 620, 195, 613, 329, 1, 9, 1
75, 1, 615, 193, 613, 339, 1, 9, 1
76, 1, 611, 194, 619, 332, 1, 9, 1
77, 1, 608, 194, 623, 333, 1, 9, 1
78, 1, 610, 195, 619, 325, 1, 9, 1
79, 1, 611, 193, 620, 329, 1, 9, 1
80, 1, 614, 195, 616, 324, 1, 9, 1
81, 1, 612, 197, 615, 321, 1, 9, 1
82, 1, 617, 194, 610, 327, 1, 9, 1
83, 1, 610, 194, 612, 330, 1, 9, 1
84, 1, 610, 195, 611, 328, 1, 9, 1
85, 1, 610, 196, 613, 331, 1, 9, 1
86, 1, 610, 194, 612, 330, 1, 9, 1
87, 1, 615, 194, 605, 330, 1, 9, 1
88, 1, 617, 193, 602, 333, 1, 9, 1
89, 1, 611, 195, 612, 330, 1, 9, 1
90, 1, 611, 198, 605, 329, 1, 9, 1
91, 1, 609, 195, 608, 326, 1, 9, 1
92, 1, 608, 197, 609, 330, 1, 9, 1
93, 1, 609, 194, 606, 332, 1, 9, 1
94, 1, 608, 196, 609, 325, 1, 9, 1
95, 1, 608, 196, 607, 327, 1, 9, 1
96, 1, 607, 196, 609, 330, 1, 9, 1
97, 1, 606, 195, 606, 329, 1, 9, 1
98, 1, 606, 197, 607, 317, 1, 9, 1
99, 1, 607, 196, 605, 327, 1, 9, 1
100, 1, 607, 197, 603, 325, 1, 9, 1
101, 1, 603, 198, 605, 326, 1, 9, 1
102, 1, 603, 198, 606, 326, 1, 9, 1
103, 1, 597, 198, 608, 328, 1, 9, 1
104, 1, 595, 198, 608, 327, 1, 9, 1
105, 1, 594, 198, 609, 326, 1, 9, 1
106, 1, 593, 197, 606, 328, 1, 9, 1
107, 1, 595, 198, 603, 328, 1, 9, 1
108, 1, 592, 199, 607, 326, 1, 9, 1
109, 1, 587, 198, 608, 327, 1, 9, 1
110, 1, 591, 200, 606, 323, 1, 9, 1
111, 1, 589, 200, 604, 323, 1, 9, 1
112, 1, 590, 198, 602, 329, 1, 9, 1
113, 1, 585, 198, 611, 326, 1, 9, 1
114, 1, 583, 199, 609, 329, 1, 9, 1
115, 1, 582, 201, 610, 325, 1, 9, 1
116, 1, 581, 200, 607, 327, 1, 9, 1
117, 1, 583, 200, 606, 326, 1, 9, 1
118, 1, 585, 200, 604, 327, 1, 9, 1
119, 1, 580, 200, 604, 326, 1, 9, 1
120, 1, 584, 200, 599, 326, 1, 9, 1
121, 1, 584, 201, 600, 324, 1, 9, 1
122, 1, 582, 201, 601, 324, 1, 9, 1
123, 1, 580, 201, 600, 323, 1, 9, 1
124, 1, 580, 201, 600, 324, 1, 9, 1
125, 1, 585, 201, 591, 328, 1, 9, 1
126, 1, 581, 201, 594, 325, 1, 9, 1
127, 1, 579, 201, 593, 324, 1, 9, 1
128, 1, 583, 201, 589, 323, 1, 9, 1
129, 1, 582, 201, 585, 325, 1, 9, 1
130, 1, 582, 200, 585, 325, 1, 9, 1
131, 1, 584, 201, 581, 326, 1, 9, 1
132, 1, 586, 203, 580, 324, 1, 9, 1
133, 1, 585, 202, 576, 324, 1, 9, 1
134, 1, 584, 202, 575, 324, 1, 9, 1
135, 1, 585, 203, 574, 322, 1, 9, 1
136, 1, 583, 201, 574, 325, 1, 9, 1
137, 1, 590, 202, 566, 324, 1, 9, 1
138, 1, 585, 201, 570, 325, 1, 9, 1
139, 1, 589, 200, 566, 326, 1, 9, 1
140, 1, 585, 201, 568, 328, 1, 9, 1
141, 1, 586, 202, 565, 327, 1, 9, 1
142, 1, 587, 201, 563, 330, 1, 9, 1
143, 1, 588, 202, 564, 327, 1, 9, 1
144, 1, 586, 201, 562, 331, 1, 9, 1
145, 1, 585, 203, 565, 329, 1, 9, 1
146, 1, 587, 202, 561, 331, 1, 9, 1
147, 1, 585, 202, 564, 330, 1, 9, 1
148, 1, 584, 203, 563, 329, 1, 9, 1
149, 1, 583, 203, 561, 329, 1, 9, 1
150, 1, 586, 204, 562, 325, 1, 9, 1
151, 1, 584, 204, 564, 328, 1, 9, 1
152, 1, 584, 205, 564, 327, 1, 9, 1
153, 1, 586, 205, 561, 325, 1, 9, 1
154, 1, 580, 205, 567, 326, 1, 9, 1
155, 1, 580, 205, 564, 326, 1, 9, 1
156, 1, 577, 205, 569, 328, 1, 9, 1
157, 1, 577, 205, 566, 330, 1, 9, 1
158, 1, 574, 204, 572, 330, 1, 9, 1
159, 1, 573, 205, 569, 330, 1, 9, 1
160, 1, 569, 205, 572, 330, 1, 9, 1
161, 1, 567, 206, 572, 329, 1, 9, 1
162, 1, 568, 206, 573, 327, 1, 9, 1
163, 1, 569, 206, 571, 328, 1, 9, 1
164, 1, 569, 205, 571, 327, 1, 9, 1
165, 1, 565, 206, 574, 328, 1, 9, 1
166, 1, 562, 206, 575, 326, 1, 9, 1
167, 1, 563, 206, 572, 326, 1, 9, 1
168, 1, 563, 205, 574, 326, 1, 9, 1
169, 1, 560, 207, 579, 327, 1, 9, 1
170, 1, 564, 206, 571, 325, 1, 9, 1
171, 1, 559, 207, 576, 328, 1, 9, 1
172, 1, 556, 207, 576, 326, 1, 9, 1
173, 1, 557, 207, 574, 330, 1, 9, 1
174, 1, 554, 207, 577, 328, 1, 9, 1
175, 1, 554, 209, 579, 326, 1, 9, 1
176, 1, 551, 207, 580, 330, 1, 9, 1
177, 1, 555, 209, 576, 327, 1, 9, 1
178, 1, 555, 209, 574, 328, 1, 9, 1
179, 1, 550, 208, 578, 328, 1, 9, 1
180, 1, 550, 209, 579, 327, 1, 9, 1
181, 1, 550, 209, 573, 327, 1, 9, 1
182, 1, 551, 209, 575, 325, 1, 9, 1
183, 1, 552, 210, 568, 327, 1, 9, 1
184, 1, 550, 210, 570, 323, 1, 9, 1
185, 1, 549, 210, 567, 321, 1, 9, 1
186, 1, 552, 210, 565, 326, 1, 9, 1
187, 1, 548, 211, 568, 326, 1, 9, 1
188, 1, 546, 211, 569, 327, 1, 9, 1
189, 1, 549, 211, 564, 325, 1, 9, 1
190, 1, 546, 212, 568, 325, 1, 9, 1
191, 1, 548, 211, 565, 328, 1, 9, 1
192, 1, 545, 212, 569, 328, 1, 9, 1
193, 1, 546, 212, 567, 328, 1, 9, 1
194, 1, 547, 211, 565, 327, 1, 9, 1
195, 1, 544, 211, 569, 323, 1, 9, 1
196, 1, 547, 213, 564, 326, 1, 9, 1
197, 1, 546, 213, 562, 326, 1, 9, 1
198, 1, 542, 213, 565, 326, 1, 9, 1
199, 1, 544, 212, 564, 326, 1, 9, 1
200, 1, 539, 214, 565, 328, 1, 9, 1
201, 1, 539, 214, 566, 328, 1, 9, 1
202, 1, 537, 213, 568, 328, 1, 9, 1
203, 1, 538, 214, 570, 328, 1, 9, 1
204, 1, 537, 213, 568, 329, 1, 9, 1
205, 1, 536, 213, 570, 330, 1, 9, 1
206, 1, 534, 214, 573, 330, 1, 9, 1
207, 1, 534, 214, 570, 330, 1, 9, 1
208, 1, 532, 214, 573, 330, 1, 9, 1
209, 1, 532, 214, 573, 330, 1, 9, 1
210, 1, 531, 214, 572, 331, 1, 9, 1
211, 1, 533, 214, 569, 331, 1, 9, 1
212, 1, 528, 215, 575, 332, 1, 9, 1
213, 1, 528, 214, 572, 334, 1, 9, 1
214, 1, 530, 215, 570, 333, 1, 9, 1
215, 1, 528, 216, 570, 330, 1, 9, 1
216, 1, 526, 217, 572, 329, 1, 9, 1
217, 1, 526, 217, 571, 326, 1, 9, 1
218, 1, 526, 217, 568, 328, 1, 9, 1
219, 1, 527, 216, 567, 329, 1, 9, 1
220, 1, 527, 217, 568, 327, 1, 9, 1
221, 1, 526, 217, 566, 328, 1, 9, 1
222, 1, 526, 217, 568, 330, 1, 9, 1
223, 1, 527, 216, 569, 330, 1, 9, 1
224, 1, 523, 218, 569, 330, 1, 9, 1
225, 1, 523, 219, 571, 330, 1, 9, 1
226, 1, 525, 218, 568, 330, 1, 9, 1
227, 1, 523, 218, 570, 329, 1, 9, 1
228, 1, 524, 218, 569, 330, 1, 9, 1
229, 1, 525, 218, 570, 330, 1, 9, 1
230, 1, 524, 219, 569, 327, 1, 9, 1
231, 1, 525, 219, 571, 328, 1, 9, 1
232, 1, 526, 219, 570, 329, 1, 9, 1
233, 1, 526, 219, 570, 331, 1, 9, 1
234, 1, 525, 219, 571, 330, 1, 9, 1
235, 1, 524, 218, 573, 331, 1, 9, 1
236, 1, 524, 218, 572, 330, 1, 9, 1
237, 1, 524, 219, 572, 329, 1, 9, 1
238, 1, 525, 218, 570, 330, 1, 9, 1
239, 1, 525, 218, 574, 330, 1, 9, 1
240, 1, 525, 219, 569, 330, 1, 9, 1
241, 1, 525, 220, 572, 326, 1, 9, 1
242, 1, 526, 219, 572, 328, 1, 9, 1
243, 1, 526, 218, 572, 329, 1, 9, 1
244, 1, 527, 218, 571, 329, 1, 9, 1
245, 1, 526, 218, 571, 330, 1, 9, 1
246, 1, 526, 218, 572, 330, 1, 9, 1
247, 1, 526, 217, 571, 330, 1, 9, 1
248, 1, 526, 218, 569, 330, 1, 9, 1
249, 1, 528, 217, 568, 329, 1, 9, 1
250, 1, 526, 218, 570, 331, 1, 9, 1
251, 1, 525, 218, 572, 331, 1, 9, 1
252, 1, 527, 218, 569, 330, 1, 9, 1
253, 1, 526, 218, 570, 331, 1, 9, 1
254, 1, 526, 217, 572, 334, 1, 9, 1
255, 1, 526, 217, 572, 332, 1, 9, 1
256, 1, 526, 217, 570, 334, 1, 9, 1
257, 1, 527, 216, 571, 334, 1, 9, 1
258, 1, 527, 217, 571, 334, 1, 9, 1
259, 1, 527, 218, 570, 331, 1, 9, 1
260, 1, 530, 217, 568, 333, 1, 9, 1
261, 1, 528, 218, 570, 331, 1, 9, 1
262, 1, 530, 217, 568, 332, 1, 9, 1
263, 1, 528, 218, 570, 333, 1, 9, 1
264, 1, 527, 217, 571, 333, 1, 9, 1
265, 1, 529, 218, 570, 332, 1, 9, 1
266, 1, 530, 218, 569, 331, 1, 9, 1
267, 1, 532, 218, 567, 332, 1, 9, 1
268, 1, 530, 218, 569, 333, 1, 9, 1
269, 1, 531, 217, 568, 333, 1, 9, 1
270, 1, 533, 217, 567, 332, 1, 9, 1
271, 1, 535, 216, 566, 335, 1, 9, 1
272, 1, 533, 218, 568, 333, 1, 9, 1
273, 1, 533, 218, 568, 332, 1, 9, 1
274, 1, 534, 217, 566, 332, 1, 9, 1
275, 1, 537, 217, 563, 331, 1, 9, 1
276, 1, 533, 216, 568, 332, 1, 9, 1
277, 1, 533, 217, 569, 333, 1, 9, 1
278, 1, 534, 217, 567, 330, 1, 9, 1
279, 1, 537, 216, 565, 329, 1, 9, 1
280, 1, 535, 217, 568, 330, 1, 9, 1
281, 1, 540, 218, 564, 330, 1, 9, 1
282, 1, 536, 218, 566, 330, 1, 9, 1
283, 1, 536, 218, 566, 329, 1, 9, 1
284, 1, 539, 217, 563, 330, 1, 9, 1
285, 1, 538, 217, 565, 329, 1, 9, 1
286, 1, 537, 218, 566, 329, 1, 9, 1
287, 1, 538, 216, 564, 331, 1, 9, 1
288, 1, 537, 217, 567, 331, 1, 9, 1
289, 1, 537, 217, 567, 330, 1, 9, 1
290, 1, 538, 217, 564, 330, 1, 9, 1
291, 1, 536, 217, 565, 331, 1, 9, 1
292, 1, 538, 216, 563, 332, 1, 9, 1
293, 1, 538, 216, 564, 331, 1, 9, 1
294, 1, 539, 216, 562, 332, 1, 9, 1
295, 1, 539, 216, 562, 331, 1, 9, 1
296, 1, 538, 216, 563, 332, 1, 9, 1
297, 1, 537, 216, 566, 332, 1, 9, 1
298, 1, 538, 216, 565, 331, 1, 9, 1
299, 1, 538, 217, 565, 330, 1, 9, 1
300, 1, 538, 217, 571, 328, 1, 9, 1
301, 1, 541, 218, 567, 326, 1, 9, 1
302, 1, 542, 217, 567, 328, 1, 9, 1
303, 1, 541, 217, 567, 328, 1, 9, 1
304, 1, 542, 217, 566, 330, 1, 9, 1
305, 1, 542, 217, 567, 328, 1, 9, 1
306, 1, 539, 217, 569, 330, 1, 9, 1
307, 1, 539, 217, 568, 329, 1, 9, 1
308, 1, 537, 216, 571, 329, 1, 9, 1
309, 1, 538, 217, 568, 328, 1, 9, 1
310, 1, 538, 217, 570, 328, 1, 9, 1
311, 1, 539, 217, 568, 328, 1, 9, 1
312, 1, 538, 216, 567, 329, 1, 9, 1
313, 1, 541, 216, 565, 329, 1, 9, 1
314, 1, 537, 216, 569, 329, 1, 9, 1
315, 1, 539, 215, 565, 329, 1, 9, 1
316, 1, 539, 216, 567, 328, 1, 9, 1
317, 1, 540, 216, 565, 328, 1, 9, 1
318, 1, 539, 215, 563, 330, 1, 9, 1
319, 1, 540, 216, 566, 329, 1, 9, 1
320, 1, 541, 216, 563, 329, 1, 9, 1
321, 1, 544, 215, 563, 331, 1, 9, 1
322, 1, 540, 215, 567, 328, 1, 9, 1
323, 1, 541, 215, 567, 329, 1, 9, 1
324, 1, 542, 215, 565, 331, 1, 9, 1
325, 1, 540, 214, 566, 331, 1, 9, 1
326, 1, 539, 215, 566, 331, 1, 9, 1
327, 1, 538, 216, 565, 330, 1, 9, 1
328, 1, 539, 216, 566, 329, 1, 9, 1
329, 1, 536, 216, 570, 330, 1, 9, 1
330, 1, 538, 217, 567, 329, 1, 9, 1
331, 1, 538, 217, 568, 329, 1, 9, 1
332, 1, 539, 216, 566, 332, 1, 9, 1
333, 1, 540, 215, 567, 332, 1, 9, 1
334, 1, 539, 215, 566, 331, 1, 9, 1
335, 1, 539, 215, 567, 332, 1, 9, 1
336, 1, 540, 214, 566, 329, 1, 9, 1
337, 1, 537, 215, 570, 329, 1, 9, 1
338, 1, 536, 214, 569, 331, 1, 9, 1
339, 1, 540, 213, 565, 332, 1, 9, 1
340, 1, 538, 214, 566, 331, 1, 9, 1
341, 1, 539, 214, 567, 331, 1, 9, 1
342, 1, 538, 215, 568, 332, 1, 9, 1
343, 1, 537, 214, 567, 336, 1, 9, 1
344, 1, 536, 214, 569, 332, 1, 9, 1
345, 1, 537, 214, 568, 331, 1, 9, 1
346, 1, 538, 214, 567, 332, 1, 9, 1
347, 1, 541, 215, 563, 331, 1, 9, 1
348, 1, 537, 214, 567, 330, 1, 9, 1
349, 1, 537, 214, 567, 332, 1, 9, 1
350, 1, 536, 214, 565, 332, 1, 9, 1
351, 1, 537, 215, 562, 331, 1, 9, 1
352, 1, 538, 215, 563, 334, 1, 9, 1
353, 1, 535, 215, 568, 332, 1, 9, 1
354, 1, 538, 214, 566, 333, 1, 9, 1
355, 1, 537, 214, 567, 331, 1, 9, 1
356, 1, 537, 215, 564, 332, 1, 9, 1
357, 1, 537, 215, 564, 333, 1, 9, 1
358, 1, 535, 213, 566, 332, 1, 9, 1
359, 1, 533, 215, 569, 329, 1, 9, 1
360, 1, 538, 216, 565, 330, 1, 9, 1
361, 1, 537, 216, 565, 330, 1, 9, 1
362, 1, 537, 215, 564, 330, 1, 9, 1
363, 1, 537, 213, 566, 331, 1, 9, 1
364, 1, 541, 214, 560, 331, 1, 9, 1
365, 1, 540, 214, 563, 330, 1, 9, 1
366, 1, 539, 214, 561, 332, 1, 9, 1
367, 1, 539, 215, 563, 334, 1, 9, 1
368, 1, 538, 215, 563, 336, 1, 9, 1
369, 1, 538, 215, 565, 338, 1, 9, 1
370, 1, 537, 214, 565, 342, 1, 9, 1
371, 1, 538, 214, 564, 346, 1, 9, 1
372, 1, 538, 214, 564, 348, 1, 9, 1
373, 1, 538, 214, 565, 349, 1, 9, 1
374, 1, 541, 214, 560, 351, 1, 9, 1
375, 1, 536, 214, 566, 355, 1, 9, 1
376, 1, 537, 215, 565, 359, 1, 9, 1
377, 1, 540, 215, 562, 364, 1, 9, 1
378, 1, 540, 215, 556, 366, 1, 9, 1
379, 1, 540, 215, 558, 370, 1, 9, 1
380, 1, 540, 214, 561, 373, 1, 9, 1
381, 1, 543, 214, 560, 375, 1, 9, 1
382, 1, 540, 214, 561, 376, 1, 9, 1
383, 1, 540, 215, 558, 375, 1, 9, 1
384, 1, 541, 214, 559, 378, 1, 9, 1
385, 1, 540, 213, 555, 378, 1, 9, 1
386, 1, 540, 214, 558, 377, 1, 9, 1
387, 1, 540, 214, 562, 376, 1, 9, 1
388, 1, 540, 215, 558, 376, 1, 9, 1
389, 1, 541, 215, 561, 375, 1, 9, 1
390, 1, 540, 215, 558, 375, 1, 9, 1
391, 1, 540, 214, 563, 376, 1, 9, 1
392, 1, 541, 214, 556, 377, 1, 9, 1
393, 1, 540, 215, 557, 377, 1, 9, 1
394, 1, 540, 216, 561, 374, 1, 9, 1
395, 1, 541, 215, 556, 377, 1, 9, 1
396, 1, 539, 214, 563, 377, 1, 9, 1
397, 1, 539, 214, 564, 378, 1, 9, 1
398, 1, 538, 215, 563, 375, 1, 9, 1
399, 1, 540, 215, 561, 377, 1, 9, 1
400, 1, 541, 218, 561, 374, 1, 9, 1
401, 1, 542, 218, 561, 376, 1, 9, 1
402, 1, 541, 217, 562, 375, 1, 9, 1
403, 1, 542, 217, 561, 375, 1, 9, 1
404, 1, 541, 217, 562, 376, 1, 9, 1
405, 1, 540, 217, 563, 376, 1, 9, 1
406, 1, 542, 217, 561, 377, 1, 9, 1
407, 1, 539, 217, 565, 376, 1, 9, 1
408, 1, 541, 217, 561, 375, 1, 9, 1
409, 1, 539, 217, 564, 375, 1, 9, 1
410, 1, 540, 218, 558, 374, 1, 9, 1
411, 1, 542, 217, 560, 375, 1, 9, 1
412, 1, 539, 217, 558, 375, 1, 9, 1
413, 1, 542, 216, 561, 376, 1, 9, 1
414, 1, 539, 217, 564, 375, 1, 9, 1
415, 1, 540, 217, 562, 375, 1, 9, 1
416, 1, 540, 218, 558, 375, 1, 9, 1
417, 1, 540, 218, 558, 375, 1, 9, 1
418, 1, 540, 217, 562, 375, 1, 9, 1
419, 1, 541, 217, 561, 375, 1, 9, 1
420, 1, 538, 217, 564, 375, 1, 9, 1
421, 1, 539, 217, 564, 376, 1, 9, 1
422, 1, 538, 217, 564, 377, 1, 9, 1
423, 1, 539, 217, 562, 375, 1, 9, 1
424, 1, 539, 218, 564, 375, 1, 9, 1
425, 1, 541, 218, 562, 374, 1, 9, 1
426, 1, 541, 217, 563, 375, 1, 9, 1
427, 1, 541, 217, 562, 375, 1, 9, 1
428, 1, 539, 216, 565, 375, 1, 9, 1
429, 1, 540, 218, 563, 373, 1, 9, 1
430, 1, 541, 216, 563, 376, 1, 9, 1
431, 1, 539, 217, 564, 376, 1, 9, 1
432, 1, 541, 216, 561, 375, 1, 9, 1
433, 1, 539, 217, 558, 375, 1, 9, 1
434, 1, 541, 216, 558, 375, 1, 9, 1
435, 1, 539, 217, 563, 375, 1, 9, 1
436, 1, 540, 216, 558, 377, 1, 9, 1
437, 1, 541, 216, 562, 375, 1, 9, 1
438, 1, 540, 215, 556, 377, 1, 9, 1
439, 1, 538, 216, 564, 376, 1, 9, 1
440, 1, 539, 216, 563, 376, 1, 9, 1
441, 1, 541, 217, 557, 375, 1, 9, 1
442, 1, 540, 218, 560, 374, 1, 9, 1
443, 1, 541, 217, 561, 374, 1, 9, 1
444, 1, 541, 216, 561, 375, 1, 9, 1
445, 1, 539, 216, 564, 375, 1, 9, 1
446, 1, 540, 216, 561, 376, 1, 9, 1
447, 1, 539, 217, 563, 373, 1, 9, 1
448, 1, 541, 217, 558, 374, 1, 9, 1
449, 1, 540, 217, 562, 376, 1, 9, 1
450, 1, 540, 217, 563, 376, 1, 9, 1
451, 1, 542, 216, 561, 375, 1, 9, 1
452, 1, 541, 215, 560, 376, 1, 9, 1
453, 1, 541, 216, 561, 375, 1, 9, 1
454, 1, 540, 217, 564, 375, 1, 9, 1
455, 1, 539, 216, 563, 376, 1, 9, 1
456, 1, 540, 216, 562, 375, 1, 9, 1
457, 1, 541, 216, 563, 376, 1, 9, 1
458, 1, 543, 217, 561, 375, 1, 9, 1
459, 1, 542, 217, 562, 374, 1, 9, 1
460, 1, 542, 216, 559, 376, 1, 9, 1
461, 1, 541, 216, 561, 376, 1, 9, 1
462, 1, 540, 216, 562, 376, 1, 9, 1
463, 1, 542, 216, 562, 376, 1, 9, 1
464, 1, 542, 216, 562, 376, 1, 9, 1
465, 1, 543, 216, 562, 377, 1, 9, 1
466, 1, 543, 216, 560, 376, 1, 9, 1
467, 1, 542, 216, 561, 376, 1, 9, 1
468, 1, 541, 216, 562, 377, 1, 9, 1
469, 1, 542, 216, 562, 376, 1, 9, 1
470, 1, 540, 216, 561, 376, 1, 9, 1
471, 1, 540, 216, 563, 375, 1, 9, 1
472, 1, 541, 216, 563, 377, 1, 9, 1
473, 1, 542, 216, 563, 377, 1, 9, 1
474, 1, 541, 216, 562, 377, 1, 9, 1
475, 1, 542, 217, 562, 376, 1, 9, 1
476, 1, 542, 217, 562, 374, 1, 9, 1
477, 1, 542, 216, 561, 377, 1, 9, 1
478, 1, 542, 216, 560, 375, 1, 9, 1
479, 1, 544, 215, 557, 376, 1, 9, 1
480, 1, 541, 217, 557, 375, 1, 9, 1
481, 1, 544, 216, 559, 375, 1, 9, 1
482, 1, 542, 216, 560, 377, 1, 9, 1
483, 1, 542, 215, 560, 377, 1, 9, 1
484, 1, 544, 215, 558, 377, 1, 9, 1
485, 1, 544, 215, 560, 376, 1, 9, 1
486, 1, 543, 215, 557, 376, 1, 9, 1
487, 1, 544, 215, 555, 376, 1, 9, 1
488, 1, 542, 215, 560, 376, 1, 9, 1
489, 1, 544, 215, 559, 376, 1, 9, 1
490, 1, 545, 215, 557, 377, 1, 9, 1
491, 1, 545, 215, 557, 376, 1, 9, 1
492, 1, 545, 215, 558, 376, 1, 9, 1
493, 1, 547, 216, 556, 375, 1, 9, 1
494, 1, 544, 215, 558, 377, 1, 9, 1
495, 1, 545, 215, 557, 376, 1, 9, 1
496, 1, 543, 215, 558, 377, 1, 9, 1
497, 1, 546, 215, 558, 376, 1, 9, 1
498, 1, 544, 215, 560, 376, 1, 9, 1
499, 1, 545, 215, 557, 377, 1, 9, 1
500, 1, 544, 214, 565, 376, 1, 9, 1
501, 1, 545, 214, 563, 377, 1, 9, 1
502, 1, 545, 214, 562, 376, 1, 9, 1
503, 1, 546, 215, 557, 375, 1, 9, 1
504, 1, 546, 215, 557, 376, 1, 9, 1
505, 1, 545, 215, 560, 375, 1, 9, 1
506, 1, 545, 214, 562, 376, 1, 9, 1
507, 1, 544, 214, 563, 376, 1, 9, 1
508, 1, 544, 215, 563, 375, 1, 9, 1
509, 1, 546, 215, 559, 375, 1, 9, 1
510, 1, 545, 215, 562, 375, 1, 9, 1
511, 1, 545, 215, 563, 376, 1, 9, 1
512, 1, 545, 215, 563, 376, 1, 9, 1
513, 1, 545, 215, 563, 375, 1, 9, 1
514, 1, 545, 214, 560, 377, 1, 9, 1
515, 1, 547, 215, 561, 375, 1, 9, 1
516, 1, 544, 214, 565, 376, 1, 9, 1
517, 1, 547, 214, 561, 378, 1, 9, 1
518, 1, 545, 214, 563, 376, 1, 9, 1
519, 1, 546, 215, 564, 375, 1, 9, 1
520, 1, 547, 214, 561, 376, 1, 9, 1
521, 1, 545, 215, 562, 376, 1, 9, 1
522, 1, 547, 215, 561, 376, 1, 9, 1
523, 1, 547, 215, 561, 375, 1, 9, 1
524, 1, 545, 215, 564, 375, 1, 9, 1
525, 1, 546, 215, 561, 376, 1, 9, 1
526, 1, 545, 215, 563, 376, 1, 9, 1
527, 1, 545, 215, 565, 375, 1, 9, 1
528, 1, 545, 216, 564, 375, 1, 9, 1
529, 1, 545, 216, 563, 375, 1, 9, 1
530, 1, 545, 216, 564, 376, 1, 9, 1
531, 1, 545, 215, 564, 376, 1, 9, 1
532, 1, 546, 216, 562, 376, 1, 9, 1
533, 1, 546, 215, 563, 375, 1, 9, 1
534, 1, 545, 216, 562, 375, 1, 9, 1
535, 1, 544, 216, 563, 375, 1, 9, 1
536, 1, 545, 216, 564, 376, 1, 9, 1
537, 1, 543, 216, 565, 375, 1, 9, 1
538, 1, 546, 215, 562, 376, 1, 9, 1
539, 1, 546, 215, 562, 376, 1, 9, 1
540, 1, 545, 215, 564, 376, 1, 9, 1
541, 1, 544, 215, 559, 376, 1, 9, 1
542, 1, 546, 215, 562, 377, 1, 9, 1
543, 1, 544, 215, 564, 376, 1, 9, 1
544, 1, 545, 216, 562, 375, 1, 9, 1
545, 1, 545, 216, 563, 376, 1, 9, 1
546, 1, 547, 216, 561, 376, 1, 9, 1
547, 1, 549, 216, 559, 375, 1, 9, 1
548, 1, 546, 215, 563, 377, 1, 9, 1
549, 1, 547, 215, 561, 377, 1, 9, 1
550, 1, 548, 214, 561, 376, 1, 9, 1
551, 1, 544, 214, 563, 377, 1, 9, 1
552, 1, 545, 214, 564, 376, 1, 9, 1
553, 1, 547, 214, 561, 377, 1, 9, 1
554, 1, 547, 214, 561, 378, 1, 9, 1
555, 1, 547, 214, 561, 377, 1, 9, 1
556, 1, 548, 214, 559, 377, 1, 9, 1
557, 1, 547, 215, 560, 376, 1, 9, 1
558, 1, 547, 214, 562, 378, 1, 9, 1
559, 1, 547, 214, 561, 378, 1, 9, 1
560, 1, 544, 214, 564, 377, 1, 9, 1
561, 1, 545, 214, 563, 377, 1, 9, 1
562, 1, 546, 214, 557, 377, 1, 9, 1
563, 1, 547, 214, 560, 377, 1, 9, 1
564, 1, 546, 214, 561, 377, 1, 9, 1
565, 1, 545, 214, 562, 377, 1, 9, 1
566, 1, 545, 214, 564, 376, 1, 9, 1
567, 1, 545, 214, 563, 376, 1, 9, 1
568, 1, 546, 214, 561, 377, 1, 9, 1
569, 1, 546, 214, 563, 378, 1, 9, 1
570, 1, 545, 215, 562, 376, 1, 9, 1
571, 1, 544, 215, 563, 375, 1, 9, 1
572, 1, 545, 215, 562, 375, 1, 9, 1
573, 1, 545, 215, 563, 375, 1, 9, 1
574, 1, 544, 214, 564, 377, 1, 9, 1
575, 1, 545, 214, 563, 376, 1, 9, 1
576, 1, 545, 214, 564, 376, 1, 9, 1
577, 1, 546, 214, 563, 376, 1, 9, 1
578, 1, 545, 214, 563, 376, 1, 9, 1
579, 1, 543, 215, 566, 376, 1, 9, 1
580, 1, 545, 214, 564, 376, 1, 9, 1
581, 1, 546, 214, 562, 377, 1, 9, 1
582, 1, 544, 215, 564, 375, 1, 9, 1
583, 1, 545, 214, 562, 376, 1, 9, 1
584, 1, 544, 214, 564, 377, 1, 9, 1
585, 1, 544, 215, 563, 375, 1, 9, 1
586, 1, 543, 214, 563, 377, 1, 9, 1
587, 1, 543, 215, 563, 374, 1, 9, 1
588, 1, 545, 214, 561, 377, 1, 9, 1
589, 1, 545, 214, 561, 376, 1, 9, 1
590, 1, 544, 214, 563, 377, 1, 9, 1
591, 1, 545, 214, 561, 376, 1, 9, 1
592, 1, 544, 214, 563, 377, 1, 9, 1
593, 1, 541, 214, 565, 376, 1, 9, 1
594, 1, 544, 214, 563, 377, 1, 9, 1
595, 1, 542, 214, 565, 376, 1, 9, 1
596, 1, 542, 214, 564, 375, 1, 9, 1
597, 1, 543, 214, 563, 377, 1, 9, 1
598, 1, 544, 214, 562, 375, 1, 9, 1
599, 1, 543, 214, 562, 375, 1, 9, 1
600, 1, 540, 214, 561, 375, 1, 9, 1
601, 1, 542, 214, 562, 375, 1, 9, 1
602, 1, 540, 214, 560, 376, 1, 9, 1
603, 1, 540, 214, 563, 375, 1, 9, 1
604, 1, 540, 215, 563, 374, 1, 9, 1
605, 1, 540, 215, 565, 374, 1, 9, 1
606, 1, 540, 214, 564, 375, 1, 9, 1
607, 1, 541, 213, 562, 376, 1, 9, 1
608, 1, 541, 214, 562, 375, 1, 9, 1
609, 1, 540, 214, 564, 375, 1, 9, 1
610, 1, 542, 214, 561, 376, 1, 9, 1
611, 1, 541, 214, 560, 375, 1, 9, 1
612, 1, 541, 215, 563, 374, 1, 9, 1
613, 1, 541, 215, 559, 375, 1, 9, 1
614, 1, 540, 215, 563, 374, 1, 9, 1
615, 1, 541, 215, 562, 374, 1, 9, 1
616, 1, 541, 215, 559, 375, 1, 9, 1
617, 1, 540, 215, 564, 374, 1, 9, 1
618, 1, 540, 215, 564, 374, 1, 9, 1
619, 1, 542, 215, 561, 374, 1, 9, 1
620, 1, 542, 215, 562, 375, 1, 9, 1
621, 1, 542, 215, 561, 375, 1, 9, 1
622, 1, 540, 215, 565, 374, 1, 9, 1
623, 1, 540, 215, 558, 375, 1, 9, 1
624, 1, 540, 215, 564, 374, 1, 9, 1
625, 1, 541, 215, 562, 374, 1, 9, 1
626, 1, 540, 215, 563, 375, 1, 9, 1
627, 1, 539, 215, 563, 374, 1, 9, 1
628, 1, 539, 215, 563, 376, 1, 9, 1
629, 1, 540, 215, 557, 374, 1, 9, 1
630, 1, 541, 215, 562, 376, 1, 9, 1
631, 1, 539, 214, 563, 375, 1, 9, 1
632, 1, 541, 215, 561, 375, 1, 9, 1
633, 1, 539, 215, 563, 375, 1, 9, 1
634, 1, 540, 215, 561, 375, 1, 9, 1
635, 1, 540, 215, 561, 375, 1, 9, 1
636, 1, 538, 215, 563, 375, 1, 9, 1
637, 1, 538, 215, 562, 375, 1, 9, 1
638, 1, 539, 215, 562, 375, 1, 9, 1
639, 1, 538, 215, 562, 376, 1, 9, 1
640, 1, 540, 216, 560, 375, 1, 9, 1
641, 1, 538, 216, 561, 374, 1, 9, 1
642, 1, 538, 215, 563, 376, 1, 9, 1
643, 1, 538, 215, 561, 376, 1, 9, 1
644, 1, 539, 215, 560, 376, 1, 9, 1
645, 1, 537, 215, 562, 375, 1, 9, 1
646, 1, 539, 215, 560, 377, 1, 9, 1
647, 1, 539, 215, 561, 376, 1, 9, 1
648, 1, 540, 215, 558, 375, 1, 9, 1
649, 1, 539, 215, 559, 376, 1, 9, 1
650, 1, 537, 215, 565, 376, 1, 9, 1
651, 1, 538, 215, 564, 376, 1, 9, 1
652, 1, 538, 215, 564, 377, 1, 9, 1
653, 1, 539, 216, 562, 375, 1, 9, 1
654, 1, 538, 216, 563, 376, 1, 9, 1
655, 1, 539, 216, 561, 374, 1, 9, 1
656, 1, 539, 216, 562, 376, 1, 9, 1
657, 1, 539, 216, 563, 376, 1, 9, 1
658, 1, 536, 216, 564, 375, 1, 9, 1
659, 1, 540, 216, 559, 376, 1, 9, 1
660, 1, 539, 216, 561, 375, 1, 9, 1
661, 1, 540, 216, 558, 375, 1, 9, 1
662, 1, 536, 216, 565, 375, 1, 9, 1
663, 1, 538, 216, 562, 376, 1, 9, 1
664, 1, 539, 216, 562, 377, 1, 9, 1
665, 1, 539, 216, 561, 376, 1, 9, 1
666, 1, 537, 216, 563, 377, 1, 9, 1
667, 1, 536, 216, 563, 376, 1, 9, 1
668, 1, 539, 217, 561, 375, 1, 9, 1
669, 1, 539, 216, 561, 376, 1, 9, 1
670, 1, 537, 217, 563, 375, 1, 9, 1
671, 1, 538, 216, 563, 376, 1, 9, 1
672, 1, 538, 216, 561, 376, 1, 9, 1
673, 1, 538, 217, 560, 375, 1, 9, 1
674, 1, 538, 217, 558, 376, 1, 9, 1
675, 1, 538, 217, 559, 376, 1, 9, 1
676, 1, 540, 217, 562, 376, 1, 9, 1
677, 1, 538, 217, 556, 376, 1, 9, 1
678, 1, 538, 217, 563, 376, 1, 9, 1
679, 1, 539, 217, 562, 376, 1, 9, 1
680, 1, 540, 217, 562, 378, 1, 9, 1
681, 1, 538, 217, 562, 377, 1, 9, 1
682, 1, 540, 217, 563, 376, 1, 9, 1
683, 1, 539, 217, 562, 377, 1, 9, 1
684, 1, 539, 217, 564, 376, 1, 9, 1
685, 1, 539, 217, 563, 376, 1, 9, 1
686, 1, 538, 217, 565, 376, 1, 9, 1
687, 1, 540, 217, 558, 377, 1, 9, 1
688, 1, 537, 217, 566, 376, 1, 9, 1
689, 1, 540, 217, 564, 376, 1, 9, 1
690, 1, 540, 217, 563, 376, 1, 9, 1
691, 1, 538, 217, 565, 376, 1, 9, 1
692, 1, 542, 218, 561, 376, 1, 9, 1
693, 1, 540, 217, 564, 376, 1, 9, 1
694, 1, 541, 217, 563, 377, 1, 9, 1
695, 1, 541, 217, 563, 376, 1, 9, 1
696, 1, 539, 217, 566, 376, 1, 9, 1
697, 1, 540, 217, 561, 376, 1, 9, 1
698, 1, 539, 217, 567, 375, 1, 9, 1
699, 1, 540, 217, 564, 375, 1, 9, 1
700, 1, 539, 217, 565, 376, 1, 9, 1
701, 1, 541, 217, 559, 375, 1, 9, 1
702, 1, 539, 216, 564, 376, 1, 9, 1
703, 1, 541, 217, 562, 375, 1, 9, 1
704, 1, 540, 216, 562, 375, 1, 9, 1
705, 1, 539, 217, 564, 375, 1, 9, 1
706, 1, 540, 217, 562, 374, 1, 9, 1
707, 1, 541, 217, 563, 376, 1, 9, 1
708, 1, 538, 216, 564, 377, 1, 9, 1
709, 1, 541, 217, 563, 376, 1, 9, 1
710, 1, 538, 217, 562, 375, 1, 9, 1
711, 1, 541, 217, 563, 376, 1, 9, 1
712, 1, 540, 217, 559, 375, 1, 9, 1
713, 1, 540, 216, 563, 376, 1, 9, 1
714, 1, 541, 217, 563, 374, 1, 9, 1
715, 1, 541, 217, 563, 376, 1, 9, 1
716, 1, 542, 217, 562, 375, 1, 9, 1
717, 1, 542, 217, 561, 375, 1, 9, 1
718, 1, 542, 217, 561, 376, 1, 9, 1
719, 1, 540, 217, 564, 376, 1, 9, 1
720, 1, 542, 216, 561, 375, 1, 9, 1
721, 1, 542, 216, 562, 377, 1, 9, 1
722, 1, 542, 216, 561, 377, 1, 9, 1
723, 1, 542, 217, 562, 376, 1, 9, 1
724, 1, 544, 217, 560, 375, 1, 9, 1
725, 1, 540, 217, 565, 375, 1, 9, 1
726, 1, 544, 217, 560, 375, 1, 9, 1
727, 1, 543, 216, 561, 376, 1, 9, 1
728, 1, 541, 216, 563, 376, 1, 9, 1
729, 1, 541, 215, 564, 377, 1, 9, 1
730, 1, 541, 216, 563, 376, 1, 9, 1
731, 1, 542, 216, 560, 377, 1, 9, 1
732, 1, 542, 215, 562, 377, 1, 9, 1
733, 1, 542, 215, 561, 378, 1, 9, 1
734, 1, 543, 215, 560, 377, 1, 9, 1
735, 1, 541, 215, 563, 376, 1, 9, 1
736, 1, 543, 215, 562, 376, 1, 9, 1
737, 1, 542, 214, 563, 379, 1, 9, 1
738, 1, 542, 215, 563, 377, 1, 9, 1
739, 1, 543, 214, 559, 379, 1, 9, 1
740, 1, 543, 214, 561, 377, 1, 9, 1
741, 1, 542, 215, 562, 376, 1, 9, 1
742, 1, 543, 214, 560, 378, 1, 9, 1
743, 1, 543, 214, 561, 377, 1, 9, 1
744, 1, 543, 214, 558, 377, 1, 9, 1
745, 1, 544, 214, 561, 377, 1, 9, 1
746, 1, 543, 214, 562, 377, 1, 9, 1
747, 1, 543, 214, 564, 377, 1, 9, 1
748, 1, 545, 213, 562, 379, 1, 9, 1
749, 1, 544, 213, 563, 377, 1, 9, 1
750, 1, 551, 215, 552, 375, 1, 9, 1
751, 1, 545, 215, 561, 376, 1, 9, 1
752, 1, 546, 215, 558, 375, 1, 9, 1
753, 1, 548, 215, 556, 374, 1, 9, 1
754, 1, 546, 215, 556, 375, 1, 9, 1
755, 1, 545, 214, 561, 375, 1, 9, 1
756, 1, 544, 215, 560, 375, 1, 9, 1
757, 1, 546, 215, 560, 375, 1, 9, 1
758, 1, 546, 214, 557, 375, 1, 9, 1
759, 1, 546, 213, 556, 375, 1, 9, 1
760, 1, 546, 214, 560, 375, 1, 9, 1
761, 1, 546, 214, 560, 374, 1, 9, 1
762, 1, 546, 214, 561, 376, 1, 9, 1
763, 1, 545, 214, 562, 374, 1, 9, 1
764, 1, 545, 214, 561, 374, 1, 9, 1
765, 1, 546, 214, 560, 374, 1, 9, 1
766, 1, 546, 214, 561, 374, 1, 9, 1
767, 1, 547, 214, 561, 376, 1, 9, 1
768, 1, 545, 214, 563, 375, 1, 9, 1
769, 1, 547, 214, 560, 374, 1, 9, 1
770, 1, 547, 214, 562, 374, 1, 9, 1
771, 1, 546, 214, 558, 375, 1, 9, 1
772, 1, 545, 214, 564, 374, 1, 9, 1
773, 1, 546, 213, 564, 376, 1, 9, 1
774, 1, 546, 214, 562, 374, 1, 9, 1
775, 1, 547, 214, 562, 375, 1, 9, 1
776, 1, 546, 214, 563, 374, 1, 9, 1
777, 1, 547, 213, 564, 375, 1, 9, 1
778, 1, 546, 213, 559, 375, 1, 9, 1
779, 1, 546, 213, 562, 375, 1, 9, 1
780, 1, 545, 213, 560, 375, 1, 9, 1
781, 1, 547, 214, 557, 374, 1, 9, 1
782, 1, 545, 213, 560, 375, 1, 9, 1
783, 1, 546, 213, 564, 376, 1, 9, 1
784, 1, 546, 213, 562, 376, 1, 9, 1
785, 1, 547, 214, 557, 375, 1, 9, 1
786, 1, 545, 213, 564, 376, 1, 9, 1
787, 1, 546, 213, 562, 376, 1, 9, 1
788, 1, 546, 214, 562, 375, 1, 9, 1
789, 1, 545, 213, 564, 377, 1, 9, 1
790, 1, 546, 214, 561, 376, 1, 9, 1
791, 1, 545, 213, 562, 377, 1, 9, 1
792, 1, 545, 214, 563, 376, 1, 9, 1
793, 1, 546, 214, 562, 377, 1, 9, 1
794, 1, 547, 213, 561, 376, 1, 9, 1
795, 1, 547, 214, 556, 377, 1, 9, 1
796, 1, 546, 214, 561, 377, 1, 9, 1
797, 1, 544, 214, 563, 377, 1, 9, 1
798, 1, 546, 215, 562, 375, 1, 9, 1
799, 1, 545, 216, 563, 375, 1, 9, 1
800, 1, 544, 214, 564, 377, 1, 9, 1