1, 1, 88, 432, 657, 287, 1, 9, 1
2, 1, 91, 432, 656, 287, 1, 9, 1
3, 1, 87, 435, 656, 287, 1, 9, 1
4, 1, 90, 436, 658, 286, 1, 9, 1
5, 1, 84, 436, 664, 285, 1, 9, 1
6, 1, 98, 435, 656, 285, 1, 9, 1
7, 1, 84, 438, 669, 286, 1, 9, 1
8, 1, 93, 439, 666, 284, 1, 9, 1
9, 1, 93, 436, 669, 288, 1, 9, 1
10, 1, 88, 438, 676, 285, 1, 9, 1
11, 1, 95, 438, 670, 287, 1, 9, 1
12, 1, 100, 441, 666, 284, 1, 9, 1
13, 1, 91, 441, 677, 285, 1, 9, 1
14, 1, 99, 441, 670, 286, 1, 9, 1
15, 1, 99, 445, 673, 286, 1, 9, 1
16, 1, 97, 445, 679, 285, 1, 9, 1
17, 1, 91, 442, 686, 285, 1, 9, 1
18, 1, 105, 440, 675, 289, 1, 9, 1
19, 1, 110, 436, 670, 290, 1, 9, 1
20, 1, 105, 442, 678, 286, 1, 9, 1
21, 1, 103, 445, 677, 284, 1, 9, 1
22, 1, 97, 444, 685, 286, 1, 9, 1
23, 1, 96, 442, 685, 288, 1, 9, 1
24, 1, 98, 442, 686, 289, 1, 9, 1
25, 1, 91, 447, 694, 286, 1, 9, 1
26, 1, 87, 449, 697, 288, 1, 9, 1
27, 1, 96, 445, 691, 291, 1, 9, 1
28, 1, 96, 444, 689, 292, 1, 9, 1
29, 1, 94, 446, 693, 292, 1, 9, 1
30, 1, 101, 447, 687, 290, 1, 9, 1
31, 1, 99, 446, 691, 291, 1, 9, 1
32, 1, 95, 443, 697, 292, 1, 9, 1
33, 1, 100, 443, 693, 291, 1, 9, 1
34, 1, 115, 444, 680, 290, 1, 9, 1
35, 1, 93, 445, 696, 288, 1, 9, 1
36, 1, 90, 447, 706, 292, 1, 9, 1
37, 1, 108, 448, 687, 288, 1, 9, 1
38, 1, 123, 447, 679, 288, 1, 9, 1
39, 1, 108, 447, 694, 288, 1, 9, 1
40, 1, 123, 447, 684, 288, 1, 9, 1
41, 1, 119, 446, 686, 286, 1, 9, 1
42, 1, 129, 447, 681, 287, 1, 9, 1
43, 1, 126, 450, 682, 289, 1, 9, 1
44, 1, 127, 452, 682, 286, 1, 9, 1
45, 1, 128, 450, 683, 288, 1, 9, 1
46, 1, 128, 450, 687, 288, 1, 9, 1
47, 1, 124, 450, 695, 287, 1, 9, 1
48, 1, 121, 451, 697, 288, 1, 9, 1
49, 1, 130, 452, 684, 286, 1, 9, 1
50, 1, 127, 452, 690, 287, 1, 9, 1
51, 1, 148, 454, 677, 282, 1, 9, 1
52, 1, 144, 454, 683, 283, 1, 9, 1
53, 1, 142, 455, 684, 284, 1, 9, 1
54, 1, 136, 455, 690, 283, 1, 9, 1
55, 1, 139, 454, 693, 282, 1, 9, 1
56, 1, 138, 455, 694, 283, 1, 9, 1
57, 1, 133, 456, 699, 283, 1, 9, 1
58, 1, 140, 457, 695, 282, 1, 9, 1
59, 1, 141, 457, 694, 284, 1, 9, 1
60, 1, 150, 458, 687, 284, 1, 9, 1
61, 1, 150, 459, 688, 284, 1, 9, 1
62, 1, 151, 458, 689, 285, 1, 9, 1
63, 1, 158, 458, 681, 285, 1, 9, 1
64, 1, 156, 459, 687, 286, 1, 9, 1
65, 1, 161, 460, 682, 285, 1, 9, 1
66, 1, 169, 460, 674, 284, 1, 9, 1
67, 1, 156, 459, 691, 284, 1, 9, 1
68, 1, 155, 460, 695, 285, 1, 9, 1
69, 1, 174, 460, 679, 286, 1, 9, 1
70, 1, 179, 459, 677, 288, 1, 9, 1
71, 1, 169, 457, 690, 287, 1, 9, 1
72, 1, 193, 457, 671, 286, 1, 9, 1
73, 1, 179, 458, 685, 286, 1, 9, 1
74, 1, 193, 457, 675, 286, 1, 9, 1
75, 1, 193, 454, 673, 290, 1, 9, 1
76, 1, 195, 455, 672, 288, 1, 9, 1
77, 1, 193, 458, 675, 288, 1, 9, 1
78, 1, 182, 460, 691, 285, 1, 9, 1
79, 1, 203, 456, 670, 288, 1, 9, 1
80, 1, 207, 453, 668, 291, 1, 9, 1
81, 1, 204, 455, 675, 286, 1, 9, 1
82, 1, 208, 457, 675, 284, 1, 9, 1
83, 1, 215, 458, 670, 286, 1, 9, 1
84, 1, 221, 455, 664, 290, 1, 9, 1
85, 1, 216, 453, 672, 290, 1, 9, 1
86, 1, 230, 453, 661, 289, 1, 9, 1
87, 1, 217, 455, 677, 288, 1, 9, 1
88, 1, 223, 456, 671, 287, 1, 9, 1
89, 1, 227, 454, 671, 290, 1, 9, 1
90, 1, 234, 451, 660, 292, 1, 9, 1
91, 1, 232, 450, 668, 290, 1, 9, 1
92, 1, 232, 451, 667, 291, 1, 9, 1
93, 1, 241, 451, 661, 290, 1, 9, 1
94, 1, 242, 451, 663, 290, 1, 9, 1
95, 1, 238, 451, 671, 292, 1, 9, 1
96, 1, 239, 449, 668, 292, 1, 9, 1
97, 1, 245, 451, 665, 290, 1, 9, 1
98, 1, 251, 451, 659, 292, 1, 9, 1
99, 1, 236, 454, 680, 290, 1, 9, 1
100, 1, 240, 453, 676, 288, 1, 9, 1
101, 1, 254, 451, 669, 285, 1, 9, 1
102, 1, 244, 450, 678, 286, 1, 9, 1
103, 1, 248, 453, 678, 282, 1, 9, 1
104, 1, 243, 451, 682, 283, 1, 9, 1
105, 1, 247, 448, 676, 281, 1, 9, 1
106, 1, 244, 447, 680, 282, 1, 9, 1
107, 1, 260, 450, 670, 284, 1, 9, 1
108, 1, 260, 450, 670, 284, 1, 9, 1
109, 1, 259, 450, 672, 281, 1, 9, 1
110, 1, 261, 449, 668, 279, 1, 9, 1
111, 1, 264, 450, 673, 282, 1, 9, 1
112, 1, 262, 449, 678, 282, 1, 9, 1
113, 1, 262, 447, 678, 279, 1, 9, 1
114, 1, 265, 448, 678, 278, 1, 9, 1
115, 1, 264, 448, 683, 282, 1, 9, 1
116, 1, 270, 448, 678, 279, 1, 9, 1
117, 1, 270, 449, 680, 275, 1, 9, 1
118, 1, 277, 447, 678, 275, 1, 9, 1
119, 1, 278, 446, 675, 278, 1, 9, 1
120, 1, 283, 447, 674, 277, 1, 9, 1
121, 1, 284, 446, 674, 277, 1, 9, 1
122, 1, 291, 445, 669, 278, 1, 9, 1
123, 1, 282, 445, 685, 278, 1, 9, 1
124, 1, 287, 447, 679, 277, 1, 9, 1
125, 1, 303, 446, 670, 275, 1, 9, 1
126, 1, 300, 443, 675, 279, 1, 9, 1
127, 1, 302, 442, 673, 283, 1, 9, 1
128, 1, 310, 443, 668, 282, 1, 9, 1
129, 1, 308, 444, 673, 278, 1, 9, 1
130, 1, 309, 441, 675, 282, 1, 9, 1
131, 1, 307, 440, 676, 282, 1, 9, 1
132, 1, 308, 444, 682, 280, 1, 9, 1
133, 1, 310, 444, 686, 279, 1, 9, 1
134, 1, 312, 440, 685, 283, 1, 9, 1
135, 1, 327, 438, 672, 288, 1, 9, 1
136, 1, 332, 438, 667, 287, 1, 9, 1
137, 1, 331, 442, 671, 282, 1, 9, 1
138, 1, 333, 440, 669, 284, 1, 9, 1
139, 1, 330, 440, 673, 287, 1, 9, 1
140, 1, 332, 441, 676, 286, 1, 9, 1
141, 1, 333, 440, 678, 284, 1, 9, 1
142, 1, 343, 439, 674, 286, 1, 9, 1
143, 1, 341, 437, 675, 286, 1, 9, 1
144, 1, 339, 436, 680, 289, 1, 9, 1
145, 1, 346, 435, 678, 290, 1, 9, 1
146, 1, 343, 434, 684, 292, 1, 9, 1
147, 1, 346, 434, 680, 290, 1, 9, 1
148, 1, 359, 431, 671, 295, 1, 9, 1
149, 1, 352, 432, 683, 298, 1, 9, 1
150, 1, 355, 434, 683, 294, 1, 9, 1
151, 1, 383, 431, 658, 291, 1, 9, 1
152, 1, 381, 429, 662, 293, 1, 9, 1
153, 1, 380, 427, 668, 293, 1, 9, 1
154, 1, 395, 427, 655, 293, 1, 9, 1
155, 1, 394, 428, 662, 292, 1, 9, 1
156, 1, 393, 426, 664, 294, 1, 9, 1
157, 1, 396, 427, 663, 293, 1, 9, 1
158, 1, 398, 426, 662, 297, 1, 9, 1
159, 1, 402, 427, 664, 294, 1, 9, 1
160, 1, 403, 425, 664, 295, 1, 9, 1
161, 1, 411, 425, 660, 295, 1, 9, 1
162, 1, 412, 425, 662, 295, 1, 9, 1
163, 1, 405, 426, 672, 295, 1, 9, 1
164, 1, 409, 424, 673, 300, 1, 9, 1
165, 1, 410, 424, 670, 300, 1, 9, 1
166, 1, 415, 421, 670, 300, 1, 9, 1
167, 1, 414, 422, 679, 301, 1, 9, 1
168, 1, 424, 420, 672, 300, 1, 9, 1
169, 1, 428, 418, 669, 297, 1, 9, 1
170, 1, 432, 419, 668, 299, 1, 9, 1
171, 1, 424, 421, 684, 293, 1, 9, 1
172, 1, 436, 419, 673, 294, 1, 9, 1
173, 1, 439, 419, 674, 298, 1, 9, 1
174, 1, 447, 417, 673, 299, 1, 9, 1
175, 1, 470, 420, 644, 288, 1, 9, 1
176, 1, 476, 419, 638, 292, 1, 9, 1
177, 1, 436, 418, 680, 294, 1, 9, 1
178, 1, 458, 417, 656, 294, 1, 9, 1
179, 1, 455, 419, 668, 296, 1, 9, 1
180, 1, 450, 419, 674, 293, 1, 9, 1
181, 1, 453, 417, 678, 298, 1, 9, 1
182, 1, 460, 414, 673, 300, 1, 9, 1
183, 1, 478, 415, 654, 298, 1, 9, 1
184, 1, 472, 415, 660, 299, 1, 9, 1
185, 1, 482, 417, 656, 298, 1, 9, 1
186, 1, 490, 416, 648, 298, 1, 9, 1
187, 1, 499, 418, 641, 293, 1, 9, 1
188, 1, 501, 419, 647, 292, 1, 9, 1
189, 1, 491, 418, 665, 296, 1, 9, 1
190, 1, 502, 416, 659, 295, 1, 9, 1
191, 1, 500, 415, 664, 301, 1, 9, 1
192, 1, 500, 415, 665, 299, 1, 9, 1
193, 1, 490, 416, 679, 299, 1, 9, 1
194, 1, 493, 414, 685, 298, 1, 9, 1
195, 1, 506, 410, 668, 303, 1, 9, 1
196, 1, 522, 412, 663, 304, 1, 9, 1
197, 1, 531, 410, 653, 301, 1, 9, 1
198, 1, 521, 411, 667, 304, 1, 9, 1
199, 1, 532, 414, 661, 299, 1, 9, 1
200, 1, 543, 413, 655, 302, 1, 9, 1
201, 1, 542, 409, 662, 308, 1, 9, 1
202, 1, 547, 410, 654, 306, 1, 9, 1
203, 1, 546, 413, 664, 301, 1, 9, 1
204, 1, 549, 413, 665, 301, 1, 9, 1
205, 1, 543, 409, 675, 303, 1, 9, 1
206, 1, 551, 411, 672, 303, 1, 9, 1
207, 1, 552, 414, 675, 301, 1, 9, 1
208, 1, 559, 412, 675, 302, 1, 9, 1
209, 1, 554, 410, 684, 303, 1, 9, 1
210, 1, 559, 411, 682, 301, 1, 9, 1
211, 1, 561, 411, 682, 303, 1, 9, 1
212, 1, 565, 410, 686, 304, 1, 9, 1
213, 1, 565, 408, 686, 305, 1, 9, 1
214, 1, 563, 410, 692, 302, 1, 9, 1
215, 1, 590, 413, 668, 302, 1, 9, 1
216, 1, 585, 414, 674, 302, 1, 9, 1
217, 1, 584, 412, 682, 303, 1, 9, 1
218, 1, 579, 410, 684, 303, 1, 9, 1
219, 1, 590, 413, 681, 303, 1, 9, 1
220, 1, 596, 415, 677, 300, 1, 9, 1
221, 1, 608, 412, 668, 299, 1, 9, 1
222, 1, 610, 411, 670, 302, 1, 9, 1
223, 1, 609, 412, 677, 303, 1, 9, 1
224, 1, 621, 415, 670, 302, 1, 9, 1
225, 1, 586, 413, 710, 297, 1, 9, 1
226, 1, 594, 410, 703, 299, 1, 9, 1
227, 1, 621, 410, 678, 302, 1, 9, 1
228, 1, 630, 414, 677, 298, 1, 9, 1
229, 1, 622, 414, 689, 299, 1, 9, 1
230, 1, 625, 412, 688, 302, 1, 9, 1
231, 1, 654, 412, 665, 299, 1, 9, 1
232, 1, 660, 414, 668, 302, 1, 9, 1
233, 1, 634, 413, 692, 299, 1, 9, 1
234, 1, 635, 413, 696, 297, 1, 9, 1
235, 1, 656, 415, 676, 296, 1, 9, 1
236, 1, 660, 417, 677, 299, 1, 9, 1
237, 1, 665, 415, 683, 298, 1, 9, 1
238, 1, 671, 412, 673, 302, 1, 9, 1
239, 1, 670, 411, 677, 303, 1, 9, 1
240, 1, 676, 413, 675, 301, 1, 9, 1
241, 1, 692, 414, 658, 298, 1, 9, 1
242, 1, 680, 413, 675, 299, 1, 9, 1
243, 1, 685, 413, 673, 299, 1, 9, 1
244, 1, 703, 414, 665, 301, 1, 9, 1
245, 1, 704, 415, 668, 298, 1, 9, 1
246, 1, 707, 413, 666, 304, 1, 9, 1
247, 1, 707, 411, 665, 302, 1, 9, 1
248, 1, 705, 413, 669, 303, 1, 9, 1
249, 1, 698, 416, 681, 299, 1, 9, 1
250, 1, 710, 415, 673, 301, 1, 9, 1
251, 1, 724, 412, 663, 302, 1, 9, 1
252, 1, 725, 412, 660, 300, 1, 9, 1
253, 1, 732, 412, 656, 305, 1, 9, 1
254, 1, 736, 413, 660, 304, 1, 9, 1
255, 1, 738, 413, 658, 301, 1, 9, 1
256, 1, 738, 413, 663, 299, 1, 9, 1
257, 1, 737, 414, 666, 302, 1, 9, 1
258, 1, 739, 415, 666, 301, 1, 9, 1
259, 1, 741, 415, 664, 301, 1, 9, 1
260, 1, 731, 414, 677, 302, 1, 9, 1
261, 1, 746, 416, 662, 298, 1, 9, 1
262, 1, 750, 420, 665, 295, 1, 9, 1
263, 1, 744, 416, 669, 302, 1, 9, 1
264, 1, 750, 413, 666, 300, 1, 9, 1
265, 1, 749, 416, 669, 303, 1, 9, 1
266, 1, 762, 418, 657, 303, 1, 9, 1
267, 1, 751, 417, 672, 299, 1, 9, 1
268, 1, 750, 416, 674, 301, 1, 9, 1
269, 1, 750, 416, 677, 297, 1, 9, 1
270, 1, 749, 420, 682, 295, 1, 9, 1
271, 1, 765, 418, 665, 297, 1, 9, 1
272, 1, 771, 416, 660, 301, 1, 9, 1
273, 1, 763, 419, 673, 295, 1, 9, 1
274, 1, 758, 420, 679, 294, 1, 9, 1
275, 1, 757, 421, 681, 293, 1, 9, 1
276, 1, 760, 419, 682, 296, 1, 9, 1
277, 1, 776, 420, 663, 294, 1, 9, 1
278, 1, 782, 421, 661, 298, 1, 9, 1
279, 1, 754, 422, 689, 294, 1, 9, 1
280, 1, 753, 422, 692, 294, 1, 9, 1
281, 1, 759, 420, 686, 297, 1, 9, 1
282, 1, 767, 419, 679, 298, 1, 9, 1
283, 1, 771, 420, 676, 296, 1, 9, 1
284, 1, 771, 421, 677, 294, 1, 9, 1
285, 1, 758, 420, 691, 297, 1, 9, 1
286, 1, 778, 422, 670, 294, 1, 9, 1
287, 1, 797, 423, 647, 293, 1, 9, 1
288, 1, 786, 422, 661, 294, 1, 9, 1
289, 1, 787, 422, 659, 299, 1, 9, 1
290, 1, 785, 419, 660, 300, 1, 9, 1
291, 1, 784, 421, 661, 297, 1, 9, 1
292, 1, 782, 423, 663, 293, 1, 9, 1
293, 1, 779, 422, 669, 296, 1, 9, 1
294, 1, 782, 422, 665, 295, 1, 9, 1
295, 1, 775, 423, 671, 293, 1, 9, 1
296, 1, 772, 423, 674, 292, 1, 9, 1
297, 1, 776, 422, 671, 295, 1, 9, 1
298, 1, 781, 420, 667, 296, 1, 9, 1
299, 1, 773, 422, 673, 294, 1, 9, 1
300, 1, 772, 423, 674, 294, 1, 9, 1
301, 1, 790, 421, 653, 295, 1, 9, 1
302, 1, 790, 419, 651, 296, 1, 9, 1
303, 1, 790, 420, 654, 296, 1, 9, 1
304, 1, 786, 421, 658, 296, 1, 9, 1
305, 1, 788, 421, 654, 294, 1, 9, 1
306, 1, 784, 421, 660, 295, 1, 9, 1
307, 1, 778, 422, 667, 294, 1, 9, 1
308, 1, 779, 421, 668, 298, 1, 9, 1
309, 1, 777, 423, 670, 294, 1, 9, 1
310, 1, 772, 421, 674, 297, 1, 9, 1
311, 1, 779, 422, 670, 294, 1, 9, 1
312, 1, 778, 425, 670, 295, 1, 9, 1
313, 1, 783, 424, 669, 297, 1, 9, 1
314, 1, 780, 424, 671, 294, 1, 9, 1
315, 1, 777, 423, 675, 293, 1, 9, 1
316, 1, 774, 423, 678, 292, 1, 9, 1
317, 1, 780, 423, 672, 294, 1, 9, 1
318, 1, 776, 424, 675, 293, 1, 9, 1
319, 1, 774, 423, 678, 297, 1, 9, 1
320, 1, 787, 422, 663, 298, 1, 9, 1
321, 1, 775, 426, 678, 296, 1, 9, 1
322, 1, 778, 425, 675, 296, 1, 9, 1
323, 1, 767, 425, 687, 294, 1, 9, 1
324, 1, 771, 424, 681, 295, 1, 9, 1
325, 1, 765, 425, 688, 294, 1, 9, 1
326, 1, 788, 425, 666, 294, 1, 9, 1
327, 1, 763, 425, 689, 292, 1, 9, 1
328, 1, 763, 424, 688, 294, 1, 9, 1
329, 1, 774, 425, 676, 292, 1, 9, 1
330, 1, 780, 424, 669, 297, 1, 9, 1
331, 1, 771, 424, 682, 296, 1, 9, 1
332, 1, 766, 422, 689, 295, 1, 9, 1
333, 1, 770, 423, 687, 297, 1, 9, 1
334, 1, 766, 423, 700, 294, 1, 9, 1
335, 1, 750, 414, 707, 303, 1, 9, 1
336, 1, 767, 412, 689, 300, 1, 9, 1
337, 1, 781, 423, 669, 288, 1, 9, 1
338, 1, 786, 433, 666, 287, 1, 9, 1
339, 1, 790, 422, 657, 298, 1, 9, 1
340, 1, 791, 415, 659, 300, 1, 9, 1
341, 1, 779, 421, 667, 299, 1, 9, 1
342, 1, 752, 430, 692, 294, 1, 9, 1
343, 1, 758, 433, 682, 303, 1, 9, 1
344, 1, 768, 429, 672, 306, 1, 9, 1
345, 1, 771, 417, 666, 312, 1, 9, 1
346, 1, 768, 420, 671, 309, 1, 9, 1
347, 1, 767, 421, 669, 304, 1, 9, 1
348, 1, 775, 421, 664, 303, 1, 9, 1
349, 1, 760, 417, 671, 307, 1, 9, 1
350, 1, 756, 416, 667, 308, 1, 9, 1
351, 1, 765, 417, 661, 304, 1, 9, 1
352, 1, 759, 418, 667, 303, 1, 9, 1
353, 1, 758, 419, 669, 306, 1, 9, 1
354, 1, 749, 420, 677, 310, 1, 9, 1
355, 1, 747, 416, 672, 310, 1, 9, 1
356, 1, 745, 415, 668, 307, 1, 9, 1
357, 1, 742, 415, 670, 308, 1, 9, 1
358, 1, 735, 417, 670, 308, 1, 9, 1
359, 1, 742, 426, 662, 305, 1, 9, 1
360, 1, 737, 418, 672, 311, 1, 9, 1
361, 1, 731, 412, 673, 312, 1, 9, 1
362, 1, 726, 416, 677, 308, 1, 9, 1
363, 1, 726, 421, 678, 310, 1, 9, 1
364, 1, 723, 425, 677, 307, 1, 9, 1
365, 1, 715, 417, 685, 312, 1, 9, 1
366, 1, 720, 414, 673, 309, 1, 9, 1
367, 1, 721, 416, 677, 311, 1, 9, 1
368, 1, 723, 420, 675, 305, 1, 9, 1
369, 1, 715, 417, 682, 307, 1, 9, 1
370, 1, 713, 416, 684, 307, 1, 9, 1
371, 1, 717, 417, 672, 308, 1, 9, 1
372, 1, 718, 417, 669, 307, 1, 9, 1
373, 1, 711, 416, 682, 307, 1, 9, 1
374, 1, 708, 416, 682, 307, 1, 9, 1
375, 1, 711, 421, 679, 305, 1, 9, 1
376, 1, 711, 423, 685, 307, 1, 9, 1
377, 1, 706, 419, 686, 308, 1, 9, 1
378, 1, 706, 414, 683, 310, 1, 9, 1
379, 1, 706, 413, 685, 311, 1, 9, 1
380, 1, 705, 416, 687, 308, 1, 9, 1
381, 1, 703, 419, 689, 308, 1, 9, 1
382, 1, 711, 414, 680, 312, 1, 9, 1
383, 1, 707, 414, 684, 310, 1, 9, 1
384, 1, 712, 418, 686, 310, 1, 9, 1
385, 1, 711, 417, 688, 310, 1, 9, 1
386, 1, 711, 414, 686, 313, 1, 9, 1
387, 1, 709, 412, 688, 311, 1, 9, 1
388, 1, 714, 416, 685, 311, 1, 9, 1
389, 1, 715, 418, 688, 310, 1, 9, 1
390, 1, 712, 415, 692, 312, 1, 9, 1
391, 1, 722, 414, 683, 308, 1, 9, 1
392, 1, 726, 415, 684, 310, 1, 9, 1
393, 1, 737, 417, 676, 310, 1, 9, 1
394, 1, 746, 416, 665, 308, 1, 9, 1
395, 1, 737, 413, 676, 310, 1, 9, 1
396, 1, 750, 415, 668, 311, 1, 9, 1
397, 1, 755, 416, 665, 310, 1, 9, 1
398, 1, 752, 415, 668, 311, 1, 9, 1
399, 1, 748, 413, 675, 308, 1, 9, 1
400, 1, 754, 413, 668, 307, 1, 9, 1
401, 1, 768, 415, 659, 312, 1, 9, 1
402, 1, 772, 415, 657, 314, 1, 9, 1
403, 1, 768, 413, 664, 317, 1, 9, 1
404, 1, 771, 412, 667, 320, 1, 9, 1
405, 1, 775, 412, 665, 322, 1, 9, 1
406, 1, 781, 411, 661, 325, 1, 9, 1
407, 1, 778, 411, 663, 324, 1, 9, 1
408, 1, 781, 412, 662, 323, 1, 9, 1
409, 1, 786, 413, 658, 322, 1, 9, 1
410, 1, 786, 414, 660, 324, 1, 9, 1
411, 1, 788, 412, 662, 325, 1, 9, 1
412, 1, 793, 410, 658, 323, 1, 9, 1
413, 1, 790, 411, 662, 325, 1, 9, 1
414, 1, 791, 415, 667, 323, 1, 9, 1
415, 1, 791, 415, 667, 323, 1, 9, 1
416, 1, 793, 414, 669, 322, 1, 9, 1
417, 1, 795, 412, 666, 324, 1, 9, 1
418, 1, 811, 414, 652, 327, 1, 9, 1
419, 1, 811, 413, 655, 324, 1, 9, 1
420, 1, 812, 410, 657, 324, 1, 9, 1
421, 1, 815, 411, 654, 324, 1, 9, 1
422, 1, 821, 413, 651, 324, 1, 9, 1
423, 1, 823, 414, 653, 327, 1, 9, 1
424, 1, 825, 410, 654, 327, 1, 9, 1
425, 1, 821, 409, 658, 329, 1, 9, 1
426, 1, 828, 412, 655, 323, 1, 9, 1
427, 1, 835, 412, 649, 326, 1, 9, 1
428, 1, 833, 413, 654, 325, 1, 9, 1
429, 1, 828, 410, 659, 330, 1, 9, 1
430, 1, 836, 410, 654, 329, 1, 9, 1
431, 1, 835, 411, 658, 328, 1, 9, 1
432, 1, 838, 411, 657, 330, 1, 9, 1
433, 1, 837, 409, 656, 330, 1, 9, 1
434, 1, 842, 410, 657, 328, 1, 9, 1
435, 1, 846, 410, 656, 329, 1, 9, 1
436, 1, 845, 411, 662, 329, 1, 9, 1
437, 1, 844, 410, 659, 331, 1, 9, 1
438, 1, 848, 410, 659, 327, 1, 9, 1
439, 1, 849, 410, 658, 331, 1, 9, 1
440, 1, 860, 412, 654, 326, 1, 9, 1
441, 1, 850, 409, 666, 329, 1, 9, 1
442, 1, 860, 408, 658, 326, 1, 9, 1
443, 1, 859, 410, 664, 328, 1, 9, 1
444, 1, 868, 411, 661, 327, 1, 9, 1
445, 1, 870, 410, 661, 333, 1, 9, 1
446, 1, 880, 409, 652, 328, 1, 9, 1
447, 1, 885, 409, 647, 330, 1, 9, 1
448, 1, 887, 409, 653, 328, 1, 9, 1
449, 1, 885, 410, 658, 331, 1, 9, 1
450, 1, 886, 408, 659, 334, 1, 9, 1
451, 1, 895, 407, 661, 320, 1, 9, 1
452, 1, 898, 409, 662, 321, 1, 9, 1
453, 1, 898, 410, 662, 320, 1, 9, 1
454, 1, 896, 410, 664, 322, 1, 9, 1
455, 1, 902, 408, 663, 322, 1, 9, 1
456, 1, 908, 408, 662, 326, 1, 9, 1
457, 1, 913, 408, 664, 325, 1, 9, 1
458, 1, 912, 408, 666, 325, 1, 9, 1
459, 1, 923, 408, 658, 322, 1, 9, 1
460, 1, 927, 408, 657, 325, 1, 9, 1
461, 1, 928, 410, 663, 321, 1, 9, 1
462, 1, 932, 409, 663, 328, 1, 9, 1
463, 1, 931, 409, 666, 318, 1, 9, 1
464, 1, 940, 407, 660, 323, 1, 9, 1
465, 1, 944, 409, 657, 321, 1, 9, 1
466, 1, 950, 409, 654, 326, 1, 9, 1
467, 1, 946, 407, 664, 325, 1, 9, 1
468, 1, 950, 407, 667, 324, 1, 9, 1
469, 1, 953, 406, 669, 326, 1, 9, 1
470, 1, 960, 408, 666, 327, 1, 9, 1
471, 1, 957, 408, 671, 329, 1, 9, 1
472, 1, 965, 406, 665, 324, 1, 9, 1
473, 1, 969, 407, 668, 324, 1, 9, 1
474, 1, 970, 408, 673, 325, 1, 9, 1
475, 1, 981, 406, 663, 327, 1, 9, 1
476, 1, 982, 404, 664, 328, 1, 9, 1
477, 1, 989, 404, 657, 322, 1, 9, 1
478, 1, 992, 405, 660, 322, 1, 9, 1
479, 1, 986, 407, 669, 325, 1, 9, 1
480, 1, 999, 406, 655, 322, 1, 9, 1
481, 1, 988, 405, 664, 325, 1, 9, 1
482, 1, 997, 405, 656, 325, 1, 9, 1
483, 1, 996, 407, 654, 323, 1, 9, 1
484, 1, 993, 406, 658, 324, 1, 9, 1
485, 1, 991, 405, 665, 325, 1, 9, 1
486, 1, 997, 406, 666, 323, 1, 9, 1
487, 1, 1011, 408, 659, 321, 1, 9, 1
488, 1, 1016, 407, 653, 321, 1, 9, 1
489, 1, 1015, 403, 655, 322, 1, 9, 1
490, 1, 1015, 406, 657, 319, 1, 9, 1
491, 1, 1018, 409, 669, 322, 1, 9, 1
492, 1, 1016, 406, 673, 326, 1, 9, 1
493, 1, 1031, 402, 661, 328, 1, 9, 1
494, 1, 1029, 402, 665, 328, 1, 9, 1
495, 1, 1037, 404, 654, 325, 1, 9, 1
496, 1, 1031, 404, 667, 326, 1, 9, 1
497, 1, 1045, 398, 659, 325, 1, 9, 1
498, 1, 1043, 398, 666, 328, 1, 9, 1
499, 1, 1041, 403, 672, 325, 1, 9, 1
500, 1, 1059, 404, 658, 321, 1, 9, 1
501, 1, 1075, 401, 651, 324, 1, 9, 1
502, 1, 1074, 389, 649, 324, 1, 9, 1
503, 1, 1080, 392, 652, 329, 1, 9, 1
504, 1, 1083, 402, 654, 324, 1, 9, 1
505, 1, 1082, 400, 660, 320, 1, 9, 1
506, 1, 1085, 396, 662, 324, 1, 9, 1
507, 1, 1098, 396, 651, 324, 1, 9, 1
508, 1, 1098, 401, 660, 323, 1, 9, 1
509, 1, 1096, 401, 667, 320, 1, 9, 1
510, 1, 1097, 388, 665, 325, 1, 9, 1
511, 1, 1097, 387, 668, 329, 1, 9, 1
512, 1, 1104, 397, 667, 322, 1, 9, 1
513, 1, 1119, 400, 662, 319, 1, 9, 1
514, 1, 1122, 396, 664, 321, 1, 9, 1
515, 1, 1113, 387, 669, 329, 1, 9, 1
516, 1, 1124, 397, 670, 327, 1, 9, 1
517, 1, 1137, 398, 662, 320, 1, 9, 1
518, 1, 1141, 393, 661, 320, 1, 9, 1
519, 1, 1136, 385, 662, 317, 1, 9, 1
520, 1, 1141, 390, 667, 325, 1, 9, 1
521, 1, 1146, 399, 665, 318, 1, 9, 1
522, 1, 1146, 394, 668, 322, 1, 9, 1
523, 1, 1158, 384, 656, 329, 1, 9, 1
524, 1, 1156, 385, 662, 327, 1, 9, 1
525, 1, 1162, 396, 662, 322, 1, 9, 1
526, 1, 1167, 395, 664, 321, 1, 9, 1
527, 1, 1168, 387, 665, 318, 1, 9, 1
528, 1, 1170, 382, 664, 325, 1, 9, 1
529, 1, 1170, 395, 674, 319, 1, 9, 1
530, 1, 1177, 395, 669, 319, 1, 9, 1
531, 1, 1184, 386, 664, 319, 1, 9, 1
532, 1, 1176, 382, 672, 323, 1, 9, 1
533, 1, 1183, 388, 672, 322, 1, 9, 1
534, 1, 1182, 395, 678, 313, 1, 9, 1
535, 1, 1185, 391, 678, 318, 1, 9, 1
536, 1, 1183, 384, 680, 318, 1, 9, 1
537, 1, 1189, 389, 678, 318, 1, 9, 1
538, 1, 1190, 392, 680, 321, 1, 9, 1
539, 1, 1193, 391, 683, 314, 1, 9, 1
540, 1, 1199, 382, 675, 322, 1, 9, 1
541, 1, 1204, 384, 676, 318, 1, 9, 1
542, 1, 1209, 394, 673, 316, 1, 9, 1
543, 1, 1210, 391, 674, 318, 1, 9, 1
544, 1, 1210, 384, 671, 317, 1, 9, 1
545, 1, 1212, 380, 673, 326, 1, 9, 1
546, 1, 1221, 385, 677, 321, 1, 9, 1
547, 1, 1219, 387, 678, 322, 1, 9, 1
548, 1, 1219, 382, 682, 326, 1, 9, 1
549, 1, 1211, 383, 688, 316, 1, 9, 1
550, 1, 1219, 389, 685, 319, 1, 9, 1
551, 1, 1250, 386, 660, 311, 1, 9, 1
552, 1, 1250, 383, 661, 313, 1, 9, 1
553, 1, 1245, 378, 661, 316, 1, 9, 1
554, 1, 1255, 384, 657, 315, 1, 9, 1
555, 1, 1252, 389, 661, 309, 1, 9, 1
556, 1, 1255, 389, 661, 310, 1, 9, 1
557, 1, 1249, 380, 661, 313, 1, 9, 1
558, 1, 1261, 380, 653, 316, 1, 9, 1
559, 1, 1252, 385, 662, 316, 1, 9, 1
560, 1, 1255, 388, 658, 314, 1, 9, 1
561, 1, 1248, 381, 663, 315, 1, 9, 1
562, 1, 1256, 381, 654, 317, 1, 9, 1
563, 1, 1254, 386, 658, 312, 1, 9, 1
564, 1, 1255, 391, 657, 314, 1, 9, 1
565, 1, 1253, 388, 663, 307, 1, 9, 1
566, 1, 1251, 384, 665, 308, 1, 9, 1
567, 1, 1251, 385, 666, 311, 1, 9, 1
568, 1, 1259, 390, 657, 310, 1, 9, 1
569, 1, 1265, 388, 649, 304, 1, 9, 1
570, 1, 1258, 385, 659, 310, 1, 9, 1
571, 1, 1262, 387, 650, 308, 1, 9, 1
572, 1, 1262, 392, 649, 307, 1, 9, 1
573, 1, 1272, 393, 642, 304, 1, 9, 1
574, 1, 1260, 385, 650, 305, 1, 9, 1
575, 1, 1267, 390, 647, 307, 1, 9, 1
576, 1, 1281, 393, 632, 310, 1, 9, 1
577, 1, 1282, 395, 632, 299, 1, 9, 1
578, 1, 1270, 389, 648, 306, 1, 9, 1
579, 1, 1272, 391, 643, 300, 1, 9, 1
580, 1, 1276, 396, 638, 298, 1, 9, 1
581, 1, 1265, 397, 646, 295, 1, 9, 1
582, 1, 1274, 391, 641, 300, 1, 9, 1
583, 1, 1269, 390, 647, 298, 1, 9, 1
584, 1, 1277, 392, 637, 302, 1, 9, 1
585, 1, 1271, 398, 639, 295, 1, 9, 1
586, 1, 1270, 392, 641, 298, 1, 9, 1
587, 1, 1282, 391, 630, 302, 1, 9, 1
588, 1, 1280, 395, 634, 299, 1, 9, 1
589, 1, 1281, 397, 632, 299, 1, 9, 1
590, 1, 1279, 397, 633, 295, 1, 9, 1
591, 1, 1279, 395, 635, 299, 1, 9, 1
592, 1, 1277, 394, 638, 295, 1, 9, 1
593, 1, 1279, 399, 637, 298, 1, 9, 1
594, 1, 1282, 398, 633, 297, 1, 9, 1
595, 1, 1284, 396, 631, 297, 1, 9, 1
596, 1, 1274, 394, 643, 298, 1, 9, 1
597, 1, 1281, 397, 635, 298, 1, 9, 1
598, 1, 1278, 400, 636, 295, 1, 9, 1
599, 1, 1276, 396, 639, 299, 1, 9, 1
600, 1, 1274, 394, 641, 298, 1, 9, 1
601, 1, 1281, 397, 634, 307, 1, 9, 1
602, 1, 1270, 400, 648, 305, 1, 9, 1
603, 1, 1281, 395, 634, 306, 1, 9, 1
604, 1, 1278, 391, 641, 306, 1, 9, 1
605, 1, 1275, 397, 643, 304, 1, 9, 1
606, 1, 1271, 401, 647, 301, 1, 9, 1
607, 1, 1271, 399, 646, 303, 1, 9, 1
608, 1, 1278, 392, 640, 306, 1, 9, 1
609, 1, 1266, 395, 652, 305, 1, 9, 1
610, 1, 1256, 400, 661, 305, 1, 9, 1
611, 1, 1256, 402, 659, 301, 1, 9, 1
612, 1, 1253, 399, 665, 302, 1, 9, 1
613, 1, 1252, 399, 667, 299, 1, 9, 1
614, 1, 1254, 403, 664, 299, 1, 9, 1
615, 1, 1243, 404, 674, 300, 1, 9, 1
616, 1, 1246, 403, 672, 299, 1, 9, 1
617, 1, 1260, 399, 659, 298, 1, 9, 1
618, 1, 1257, 401, 661, 302, 1, 9, 1
619, 1, 1246, 405, 673, 298, 1, 9, 1
620, 1, 1252, 405, 666, 299, 1, 9, 1
621, 1, 1276, 401, 642, 300, 1, 9, 1
622, 1, 1278, 403, 639, 300, 1, 9, 1
623, 1, 1275, 405, 640, 301, 1, 9, 1
624, 1, 1282, 407, 635, 300, 1, 9, 1
625, 1, 1276, 405, 641, 300, 1, 9, 1
626, 1, 1279, 406, 638, 298, 1, 9, 1
627, 1, 1283, 407, 634, 302, 1, 9, 1
628, 1, 1282, 409, 635, 299, 1, 9, 1
629, 1, 1264, 407, 654, 298, 1, 9, 1
630, 1, 1273, 407, 643, 296, 1, 9, 1
631, 1, 1274, 408, 639, 299, 1, 9, 1
632, 1, 1276, 410, 637, 296, 1, 9, 1
633, 1, 1266, 407, 645, 298, 1, 9, 1
634, 1, 1262, 406, 650, 298, 1, 9, 1
635, 1, 1259, 407, 656, 299, 1, 9, 1
636, 1, 1262, 409, 652, 298, 1, 9, 1
637, 1, 1273, 407, 636, 296, 1, 9, 1
638, 1, 1269, 406, 643, 297, 1, 9, 1
639, 1, 1258, 408, 653, 301, 1, 9, 1
640, 1, 1256, 410, 655, 300, 1, 9, 1
641, 1, 1250, 408, 662, 300, 1, 9, 1
642, 1, 1256, 406, 655, 304, 1, 9, 1
643, 1, 1253, 406, 659, 302, 1, 9, 1
644, 1, 1254, 408, 658, 301, 1, 9, 1
645, 1, 1243, 409, 671, 301, 1, 9, 1
646, 1, 1247, 408, 667, 304, 1, 9, 1
647, 1, 1246, 406, 670, 305, 1, 9, 1
648, 1, 1251, 406, 665, 308, 1, 9, 1
649, 1, 1246, 409, 669, 301, 1, 9, 1
650, 1, 1251, 407, 664, 301, 1, 9, 1
651, 1, 1244, 402, 671, 300, 1, 9, 1
652, 1, 1246, 403, 665, 302, 1, 9, 1
653, 1, 1250, 405, 664, 308, 1, 9, 1
654, 1, 1248, 405, 666, 305, 1, 9, 1
655, 1, 1250, 404, 660, 305, 1, 9, 1
656, 1, 1253, 404, 662, 304, 1, 9, 1
657, 1, 1259, 405, 657, 306, 1, 9, 1
658, 1, 1260, 404, 655, 308, 1, 9, 1
659, 1, 1256, 402, 656, 310, 1, 9, 1
660, 1, 1261, 403, 650, 315, 1, 9, 1
661, 1, 1264, 406, 647, 309, 1, 9, 1
662, 1, 1266, 403, 640, 311, 1, 9, 1
663, 1, 1265, 400, 646, 316, 1, 9, 1
664, 1, 1267, 399, 644, 314, 1, 9, 1
665, 1, 1279, 403, 630, 311, 1, 9, 1
666, 1, 1276, 403, 632, 311, 1, 9, 1
667, 1, 1275, 401, 624, 311, 1, 9, 1
668, 1, 1252, 399, 647, 309, 1, 9, 1
669, 1, 1272, 399, 633, 309, 1, 9, 1
670, 1, 1281, 402, 626, 310, 1, 9, 1
671, 1, 1288, 405, 617, 308, 1, 9, 1
672, 1, 1289, 401, 618, 309, 1, 9, 1
673, 1, 1298, 401, 612, 312, 1, 9, 1
674, 1, 1295, 399, 619, 316, 1, 9, 1
675, 1, 1296, 400, 616, 313, 1, 9, 1
676, 1, 1290, 400, 621, 309, 1, 9, 1
677, 1, 1302, 398, 611, 309, 1, 9, 1
678, 1, 1299, 398, 616, 307, 1, 9, 1
679, 1, 1303, 399, 609, 308, 1, 9, 1
680, 1, 1299, 399, 613, 309, 1, 9, 1
681, 1, 1301, 399, 613, 306, 1, 9, 1
682, 1, 1308, 398, 609, 308, 1, 9, 1
683, 1, 1312, 399, 605, 308, 1, 9, 1
684, 1, 1308, 395, 609, 310, 1, 9, 1
685, 1, 1316, 391, 602, 312, 1, 9, 1
686, 1, 1318, 395, 598, 308, 1, 9, 1
687, 1, 1310, 399, 604, 309, 1, 9, 1
688, 1, 1313, 399, 603, 304, 1, 9, 1
689, 1, 1310, 396, 604, 307, 1, 9, 1
690, 1, 1313, 393, 602, 310, 1, 9, 1
691, 1, 1319, 394, 595, 306, 1, 9, 1
692, 1, 1319, 393, 594, 307, 1, 9, 1
693, 1, 1321, 394, 595, 306, 1, 9, 1
694, 1, 1318, 395, 596, 303, 1, 9, 1
695, 1, 1324, 394, 591, 309, 1, 9, 1
696, 1, 1331, 394, 584, 306, 1, 9, 1
697, 1, 1335, 392, 582, 307, 1, 9, 1
698, 1, 1330, 391, 585, 307, 1, 9, 1
699, 1, 1341, 392, 574, 308, 1, 9, 1
700, 1, 1344, 392, 570, 304, 1, 9, 1
701, 1, 1350, 392, 559, 303, 1, 9, 1
702, 1, 1352, 391, 559, 302, 1, 9, 1
703, 1, 1350, 391, 559, 304, 1, 9, 1
704, 1, 1359, 391, 549, 304, 1, 9, 1
705, 1, 1354, 391, 552, 300, 1, 9, 1
706, 1, 1351, 390, 558, 304, 1, 9, 1
707, 1, 1356, 388, 552, 306, 1, 9, 1
708, 1, 1358, 389, 550, 304, 1, 9, 1
709, 1, 1352, 390, 556, 298, 1, 9, 1
710, 1, 1357, 388, 554, 297, 1, 9, 1
711, 1, 1363, 387, 546, 300, 1, 9, 1
712, 1, 1368, 388, 541, 297, 1, 9, 1
713, 1, 1372, 388, 540, 306, 1, 9, 1
714, 1, 1368, 388, 544, 303, 1, 9, 1
715, 1, 1374, 387, 539, 299, 1, 9, 1
716, 1, 1377, 388, 537, 299, 1, 9, 1
717, 1, 1375, 388, 535, 298, 1, 9, 1
718, 1, 1374, 387, 537, 300, 1, 9, 1
719, 1, 1374, 387, 537, 304, 1, 9, 1
720, 1, 1377, 387, 535, 302, 1, 9, 1
721, 1, 1385, 388, 529, 302, 1, 9, 1
722, 1, 1383, 387, 531, 305, 1, 9, 1
723, 1, 1384, 385, 529, 305, 1, 9, 1
724, 1, 1384, 385, 534, 303, 1, 9, 1
725, 1, 1386, 385, 532, 303, 1, 9, 1
726, 1, 1382, 385, 535, 302, 1, 9, 1
727, 1, 1384, 385, 534, 304, 1, 9, 1
728, 1, 1383, 385, 535, 303, 1, 9, 1
729, 1, 1386, 385, 531, 306, 1, 9, 1
730, 1, 1394, 386, 521, 302, 1, 9, 1
731, 1, 1393, 385, 524, 306, 1, 9, 1
732, 1, 1392, 385, 524, 304, 1, 9, 1
733, 1, 1393, 385, 522, 304, 1, 9, 1
734, 1, 1393, 386, 519, 304, 1, 9, 1
735, 1, 1400, 386, 511, 304, 1, 9, 1
736, 1, 1398, 386, 516, 304, 1, 9, 1
737, 1, 1400, 387, 516, 301, 1, 9, 1
738, 1, 1400, 388, 514, 299, 1, 9, 1
739, 1, 1401, 388, 513, 300, 1, 9, 1
740, 1, 1409, 388, 505, 299, 1, 9, 1
741, 1, 1409, 388, 504, 301, 1, 9, 1
742, 1, 1403, 389, 511, 299, 1, 9, 1
743, 1, 1405, 389, 508, 299, 1, 9, 1
744, 1, 1423, 389, 490, 300, 1, 9, 1
745, 1, 1415, 389, 500, 300, 1, 9, 1
746, 1, 1414, 389, 499, 299, 1, 9, 1
747, 1, 1420, 391, 494, 298, 1, 9, 1
748, 1, 1426, 390, 488, 297, 1, 9, 1
749, 1, 1429, 387, 485, 305, 1, 9, 1
750, 1, 1430, 384, 484, 306, 1, 9, 1