1, 1, 123, 372, 571, 293, 1, 7, 1
2, 1, 123, 371, 569, 300, 1, 7, 1
3, 1, 127, 372, 565, 301, 1, 7, 1
4, 1, 126, 367, 565, 303, 1, 7, 1
5, 1, 123, 367, 569, 302, 1, 7, 1
6, 1, 125, 363, 569, 301, 1, 7, 1
7, 1, 124, 362, 568, 300, 1, 7, 1
8, 1, 122, 361, 571, 301, 1, 7, 1
9, 1, 126, 359, 569, 306, 1, 7, 1
10, 1, 122, 360, 572, 298, 1, 7, 1
11, 1, 124, 354, 572, 307, 1, 7, 1
12, 1, 121, 352, 574, 305, 1, 7, 1
13, 1, 121, 350, 572, 307, 1, 7, 1
14, 1, 117, 347, 577, 310, 1, 7, 1
15, 1, 117, 346, 578, 311, 1, 7, 1
16, 1, 113, 343, 581, 314, 1, 7, 1
17, 1, 116, 343, 577, 313, 1, 7, 1
18, 1, 116, 340, 576, 318, 1, 7, 1
19, 1, 117, 340, 576, 317, 1, 7, 1
20, 1, 118, 336, 575, 321, 1, 7, 1
21, 1, 116, 334, 578, 321, 1, 7, 1
22, 1, 113, 333, 581, 323, 1, 7, 1
23, 1, 114, 332, 578, 325, 1, 7, 1
24, 1, 105, 330, 584, 326, 1, 7, 1
25, 1, 107, 324, 579, 334, 1, 7, 1
26, 1, 107, 323, 579, 334, 1, 7, 1
27, 1, 110, 321, 577, 335, 1, 7, 1
28, 1, 109, 319, 577, 337, 1, 7, 1
29, 1, 110, 317, 578, 339, 1, 7, 1
30, 1, 111, 316, 575, 340, 1, 7, 1
31, 1, 114, 314, 572, 343, 1, 7, 1
32, 1, 109, 309, 577, 349, 1, 7, 1
33, 1, 112, 305, 573, 352, 1, 7, 1
34, 1, 111, 303, 575, 356, 1, 7, 1
35, 1, 112, 302, 574, 356, 1, 7, 1
36, 1, 116, 301, 571, 359, 1, 7, 1
37, 1, 113, 300, 575, 358, 1, 7, 1
38, 1, 111, 301, 575, 359, 1, 7, 1
39, 1, 114, 303, 571, 357, 1, 7, 1
40, 1, 108, 295, 579, 364, 1, 7, 1
41, 1, 107, 293, 582, 365, 1, 7, 1
42, 1, 113, 290, 579, 367, 1, 7, 1
43, 1, 108, 287, 583, 370, 1, 7, 1
44, 1, 110, 290, 577, 367, 1, 7, 1
45, 1, 111, 288, 582, 370, 1, 7, 1
46, 1, 112, 286, 581, 372, 1, 7, 1
47, 1, 112, 284, 582, 375, 1, 7, 1
48, 1, 114, 283, 579, 373, 1, 7, 1
49, 1, 113, 282, 580, 375, 1, 7, 1
50, 1, 107, 281, 586, 376, 1, 7, 1
51, 1, 108, 277, 586, 381, 1, 7, 1
52, 1, 105, 275, 593, 382, 1, 7, 1
53, 1, 105, 274, 592, 383, 1, 7, 1
54, 1, 106, 272, 589, 385, 1, 7, 1
55, 1, 105, 272, 590, 386, 1, 7, 1
56, 1, 108, 271, 590, 388, 1, 7, 1
57, 1, 111, 271, 585, 388, 1, 7, 1
58, 1, 107, 269, 588, 389, 1, 7, 1
59, 1, 109, 268, 585, 391, 1, 7, 1
60, 1, 109, 265, 586, 395, 1, 7, 1
61, 1, 112, 264, 584, 397, 1, 7, 1
62, 1, 115, 264, 584, 397, 1, 7, 1
63, 1, 115, 263, 585, 396, 1, 7, 1
64, 1, 120, 263, 576, 396, 1, 7, 1
65, 1, 118, 260, 575, 401, 1, 7, 1
66, 1, 121, 257, 575, 403, 1, 7, 1
67, 1, 129, 253, 567, 406, 1, 7, 1
68, 1, 121, 253, 571, 407, 1, 7, 1
69, 1, 123, 251, 570, 409, 1, 7, 1
70, 1, 124, 251, 572, 410, 1, 7, 1
71, 1, 129, 248, 565, 411, 1, 7, 1
72, 1, 131, 248, 559, 412, 1, 7, 1
73, 1, 136, 246, 557, 415, 1, 7, 1
74, 1, 143, 244, 544, 415, 1, 7, 1
75, 1, 142, 243, 549, 416, 1, 7, 1
76, 1, 142, 241, 548, 420, 1, 7, 1
77, 1, 148, 240, 542, 419, 1, 7, 1
78, 1, 153, 238, 536, 423, 1, 7, 1
79, 1, 157, 238, 534, 422, 1, 7, 1
80, 1, 158, 235, 537, 426, 1, 7, 1
81, 1, 163, 232, 530, 427, 1, 7, 1
82, 1, 169, 229, 524, 431, 1, 7, 1
83, 1, 177, 228, 521, 434, 1, 7, 1
84, 1, 179, 227, 517, 435, 1, 7, 1
85, 1, 182, 225, 517, 437, 1, 7, 1
86, 1, 193, 223, 502, 439, 1, 7, 1
87, 1, 198, 221, 500, 440, 1, 7, 1
88, 1, 205, 218, 494, 441, 1, 7, 1
89, 1, 213, 218, 487, 442, 1, 7, 1
90, 1, 218, 213, 483, 448, 1, 7, 1
91, 1, 220, 211, 482, 451, 1, 7, 1
92, 1, 225, 211, 475, 451, 1, 7, 1
93, 1, 235, 209, 464, 453, 1, 7, 1
94, 1, 239, 208, 460, 453, 1, 7, 1
95, 1, 251, 201, 446, 461, 1, 7, 1
96, 1, 255, 202, 441, 460, 1, 7, 1
97, 1, 262, 202, 437, 459, 1, 7, 1
98, 1, 267, 198, 431, 463, 1, 7, 1
99, 1, 279, 197, 422, 466, 1, 7, 1
100, 1, 285, 196, 415, 467, 1, 7, 1
101, 1, 287, 195, 412, 467, 1, 7, 1
102, 1, 292, 194, 407, 468, 1, 7, 1
103, 1, 291, 191, 409, 471, 1, 7, 1
104, 1, 310, 189, 385, 473, 1, 7, 1
105, 1, 329, 186, 364, 474, 1, 7, 1
106, 1, 337, 187, 358, 475, 1, 7, 1
107, 1, 346, 186, 348, 476, 1, 7, 1
108, 1, 355, 183, 338, 478, 1, 7, 1
109, 1, 358, 179, 334, 481, 1, 7, 1
110, 1, 367, 175, 320, 486, 1, 7, 1
111, 1, 374, 173, 313, 488, 1, 7, 1
112, 1, 385, 170, 296, 491, 1, 7, 1
113, 1, 388, 171, 296, 489, 1, 7, 1
114, 1, 401, 167, 274, 497, 1, 7, 1
115, 1, 409, 165, 262, 495, 1, 7, 1
116, 1, 423, 164, 245, 497, 1, 7, 1
117, 1, 428, 160, 243, 500, 1, 7, 1
118, 1, 434, 149, 229, 510, 1, 7, 1
119, 1, 437, 154, 228, 504, 1, 7, 1
120, 1, 440, 151, 221, 506, 1, 7, 1
121, 1, 440, 153, 221, 505, 1, 7, 1
122, 1, 442, 150, 223, 510, 1, 7, 1
123, 1, 447, 149, 217, 511, 1, 7, 1
124, 1, 444, 146, 218, 512, 1, 7, 1
125, 1, 445, 144, 219, 514, 1, 7, 1
126, 1, 446, 153, 216, 504, 1, 7, 1
127, 1, 446, 155, 217, 503, 1, 7, 1
128, 1, 446, 151, 217, 507, 1, 7, 1
129, 1, 447, 148, 216, 509, 1, 7, 1
130, 1, 440, 150, 225, 506, 1, 7, 1
131, 1, 439, 146, 224, 511, 1, 7, 1
132, 1, 437, 143, 226, 514, 1, 7, 1
133, 1, 435, 146, 228, 512, 1, 7, 1
134, 1, 429, 139, 235, 520, 1, 7, 1
135, 1, 425, 143, 242, 515, 1, 7, 1
136, 1, 423, 143, 256, 516, 1, 7, 1
137, 1, 419, 144, 266, 514, 1, 7, 1
138, 1, 414, 144, 283, 516, 1, 7, 1
139, 1, 411, 141, 287, 521, 1, 7, 1
140, 1, 407, 140, 303, 518, 1, 7, 1
141, 1, 404, 141, 309, 516, 1, 7, 1
142, 1, 401, 142, 318, 516, 1, 7, 1
143, 1, 400, 140, 323, 518, 1, 7, 1
144, 1, 398, 141, 332, 517, 1, 7, 1
145, 1, 397, 141, 342, 516, 1, 7, 1
146, 1, 394, 142, 350, 515, 1, 7, 1
147, 1, 390, 141, 360, 518, 1, 7, 1
148, 1, 391, 142, 369, 513, 1, 7, 1
149, 1, 389, 142, 381, 514, 1, 7, 1
150, 1, 385, 143, 392, 513, 1, 7, 1
151, 1, 384, 145, 403, 511, 1, 7, 1
152, 1, 379, 146, 414, 509, 1, 7, 1
153, 1, 379, 145, 420, 509, 1, 7, 1
154, 1, 377, 148, 430, 505, 1, 7, 1
155, 1, 375, 147, 438, 508, 1, 7, 1
156, 1, 376, 149, 442, 507, 1, 7, 1
157, 1, 375, 149, 450, 507, 1, 7, 1
158, 1, 374, 149, 454, 507, 1, 7, 1
159, 1, 371, 149, 464, 507, 1, 7, 1
160, 1, 370, 150, 472, 505, 1, 7, 1
161, 1, 371, 149, 476, 506, 1, 7, 1
162, 1, 369, 150, 482, 507, 1, 7, 1
163, 1, 370, 150, 486, 507, 1, 7, 1
164, 1, 369, 154, 494, 500, 1, 7, 1
165, 1, 368, 153, 501, 503, 1, 7, 1
166, 1, 367, 152, 503, 503, 1, 7, 1
167, 1, 366, 151, 508, 506, 1, 7, 1
168, 1, 364, 152, 517, 504, 1, 7, 1
169, 1, 364, 152, 520, 504, 1, 7, 1
170, 1, 364, 151, 523, 505, 1, 7, 1
171, 1, 364, 150, 523, 506, 1, 7, 1
172, 1, 364, 153, 525, 502, 1, 7, 1
173, 1, 364, 154, 528, 501, 1, 7, 1
174, 1, 362, 150, 538, 508, 1, 7, 1
175, 1, 361, 151, 542, 506, 1, 7, 1
176, 1, 361, 151, 542, 506, 1, 7, 1
177, 1, 361, 149, 544, 509, 1, 7, 1
178, 1, 360, 149, 543, 507, 1, 7, 1
179, 1, 360, 149, 549, 508, 1, 7, 1
180, 1, 359, 152, 549, 504, 1, 7, 1
181, 1, 359, 153, 550, 501, 1, 7, 1
182, 1, 358, 152, 554, 502, 1, 7, 1
183, 1, 358, 151, 556, 505, 1, 7, 1
184, 1, 357, 152, 559, 503, 1, 7, 1
185, 1, 358, 151, 560, 504, 1, 7, 1
186, 1, 356, 155, 564, 498, 1, 7, 1
187, 1, 355, 155, 567, 499, 1, 7, 1
188, 1, 354, 155, 569, 501, 1, 7, 1
189, 1, 355, 158, 571, 496, 1, 7, 1
190, 1, 355, 159, 573, 495, 1, 7, 1
191, 1, 354, 159, 574, 495, 1, 7, 1
192, 1, 353, 160, 573, 494, 1, 7, 1
193, 1, 352, 157, 576, 495, 1, 7, 1
194, 1, 352, 157, 576, 497, 1, 7, 1
195, 1, 353, 160, 577, 494, 1, 7, 1
196, 1, 351, 161, 580, 493, 1, 7, 1
197, 1, 352, 163, 579, 493, 1, 7, 1
198, 1, 350, 156, 581, 501, 1, 7, 1
199, 1, 349, 160, 584, 497, 1, 7, 1
200, 1, 348, 159, 581, 498, 1, 7, 1
201, 1, 348, 162, 584, 495, 1, 7, 1
202, 1, 349, 162, 586, 495, 1, 7, 1
203, 1, 348, 165, 587, 491, 1, 7, 1
204, 1, 350, 162, 584, 495, 1, 7, 1
205, 1, 351, 163, 584, 492, 1, 7, 1
206, 1, 348, 164, 588, 493, 1, 7, 1
207, 1, 348, 166, 590, 491, 1, 7, 1
208, 1, 348, 162, 589, 495, 1, 7, 1
209, 1, 348, 164, 587, 492, 1, 7, 1
210, 1, 347, 164, 589, 493, 1, 7, 1
211, 1, 346, 164, 589, 492, 1, 7, 1
212, 1, 347, 164, 588, 492, 1, 7, 1
213, 1, 348, 165, 587, 492, 1, 7, 1
214, 1, 345, 163, 589, 495, 1, 7, 1
215, 1, 346, 163, 588, 494, 1, 7, 1
216, 1, 346, 165, 586, 494, 1, 7, 1
217, 1, 346, 169, 588, 490, 1, 7, 1
218, 1, 344, 166, 592, 493, 1, 7, 1
219, 1, 345, 165, 593, 493, 1, 7, 1
220, 1, 344, 164, 597, 494, 1, 7, 1
221, 1, 343, 168, 600, 491, 1, 7, 1
222, 1, 342, 164, 600, 495, 1, 7, 1
223, 1, 343, 165, 599, 494, 1, 7, 1
224, 1, 339, 161, 600, 495, 1, 7, 1
225, 1, 340, 163, 601, 493, 1, 7, 1
226, 1, 339, 161, 596, 496, 1, 7, 1
227, 1, 340, 161, 597, 496, 1, 7, 1
228, 1, 340, 160, 583, 498, 1, 7, 1
229, 1, 343, 161, 588, 495, 1, 7, 1
230, 1, 339, 161, 597, 496, 1, 7, 1
231, 1, 341, 160, 595, 497, 1, 7, 1
232, 1, 341, 161, 597, 495, 1, 7, 1
233, 1, 345, 161, 593, 496, 1, 7, 1
234, 1, 342, 159, 588, 499, 1, 7, 1
235, 1, 343, 160, 593, 496, 1, 7, 1
236, 1, 341, 161, 594, 498, 1, 7, 1
237, 1, 343, 162, 600, 494, 1, 7, 1
238, 1, 341, 160, 602, 498, 1, 7, 1
239, 1, 342, 162, 605, 497, 1, 7, 1
240, 1, 342, 162, 597, 495, 1, 7, 1
241, 1, 343, 164, 603, 492, 1, 7, 1
242, 1, 341, 163, 606, 494, 1, 7, 1
243, 1, 341, 162, 607, 495, 1, 7, 1
244, 1, 342, 161, 610, 496, 1, 7, 1
245, 1, 341, 161, 612, 496, 1, 7, 1
246, 1, 342, 159, 612, 497, 1, 7, 1
247, 1, 341, 158, 617, 499, 1, 7, 1
248, 1, 341, 156, 617, 502, 1, 7, 1
249, 1, 340, 158, 620, 498, 1, 7, 1
250, 1, 340, 155, 621, 502, 1, 7, 1
251, 1, 342, 156, 617, 500, 1, 7, 1
252, 1, 341, 153, 618, 506, 1, 7, 1
253, 1, 339, 153, 625, 505, 1, 7, 1
254, 1, 340, 153, 623, 504, 1, 7, 1
255, 1, 342, 152, 621, 505, 1, 7, 1
256, 1, 340, 153, 620, 504, 1, 7, 1
257, 1, 340, 154, 621, 503, 1, 7, 1
258, 1, 340, 152, 618, 505, 1, 7, 1
259, 1, 339, 152, 619, 505, 1, 7, 1
260, 1, 342, 152, 618, 506, 1, 7, 1
261, 1, 342, 152, 620, 505, 1, 7, 1
262, 1, 342, 151, 615, 508, 1, 7, 1
263, 1, 340, 153, 617, 506, 1, 7, 1
264, 1, 340, 153, 616, 507, 1, 7, 1
265, 1, 339, 152, 617, 509, 1, 7, 1
266, 1, 341, 152, 611, 508, 1, 7, 1
267, 1, 341, 153, 617, 507, 1, 7, 1
268, 1, 341, 152, 607, 509, 1, 7, 1
269, 1, 340, 153, 610, 508, 1, 7, 1
270, 1, 340, 153, 616, 507, 1, 7, 1
271, 1, 343, 153, 603, 508, 1, 7, 1
272, 1, 341, 153, 611, 508, 1, 7, 1
273, 1, 344, 153, 593, 510, 1, 7, 1
274, 1, 343, 152, 597, 508, 1, 7, 1
275, 1, 346, 153, 587, 509, 1, 7, 1
276, 1, 344, 154, 582, 507, 1, 7, 1
277, 1, 345, 153, 577, 508, 1, 7, 1
278, 1, 345, 153, 573, 505, 1, 7, 1
279, 1, 346, 153, 567, 508, 1, 7, 1
280, 1, 348, 155, 561, 500, 1, 7, 1
281, 1, 349, 155, 549, 504, 1, 7, 1
282, 1, 350, 153, 536, 503, 1, 7, 1
283, 1, 353, 153, 532, 507, 1, 7, 1
284, 1, 355, 153, 514, 508, 1, 7, 1
285, 1, 357, 153, 507, 509, 1, 7, 1
286, 1, 357, 153, 498, 508, 1, 7, 1
287, 1, 358, 153, 489, 507, 1, 7, 1
288, 1, 360, 153, 487, 508, 1, 7, 1
289, 1, 363, 153, 456, 508, 1, 7, 1
290, 1, 367, 154, 446, 509, 1, 7, 1
291, 1, 369, 155, 428, 505, 1, 7, 1
292, 1, 373, 156, 412, 505, 1, 7, 1
293, 1, 376, 155, 400, 507, 1, 7, 1
294, 1, 376, 156, 377, 506, 1, 7, 1
295, 1, 380, 155, 343, 507, 1, 7, 1
296, 1, 386, 157, 334, 504, 1, 7, 1
297, 1, 389, 160, 323, 501, 1, 7, 1
298, 1, 395, 162, 300, 497, 1, 7, 1
299, 1, 401, 163, 286, 496, 1, 7, 1
300, 1, 405, 167, 265, 492, 1, 7, 1
301, 1, 411, 169, 246, 490, 1, 7, 1
302, 1, 413, 168, 234, 488, 1, 7, 1
303, 1, 420, 172, 227, 485, 1, 7, 1
304, 1, 426, 172, 219, 485, 1, 7, 1
305, 1, 425, 177, 218, 478, 1, 7, 1
306, 1, 424, 177, 220, 482, 1, 7, 1
307, 1, 423, 178, 221, 482, 1, 7, 1
308, 1, 427, 182, 218, 475, 1, 7, 1
309, 1, 426, 182, 217, 476, 1, 7, 1
310, 1, 421, 182, 222, 477, 1, 7, 1
311, 1, 409, 188, 235, 470, 1, 7, 1
312, 1, 393, 192, 254, 469, 1, 7, 1
313, 1, 380, 195, 271, 465, 1, 7, 1
314, 1, 414, 196, 246, 465, 1, 7, 1
315, 1, 353, 205, 310, 457, 1, 7, 1
316, 1, 335, 208, 329, 454, 1, 7, 1
317, 1, 320, 214, 346, 450, 1, 7, 1
318, 1, 309, 216, 357, 448, 1, 7, 1
319, 1, 302, 227, 370, 434, 1, 7, 1
320, 1, 280, 226, 393, 435, 1, 7, 1
321, 1, 270, 230, 406, 432, 1, 7, 1
322, 1, 255, 235, 423, 428, 1, 7, 1
323, 1, 246, 234, 439, 428, 1, 7, 1
324, 1, 235, 246, 456, 412, 1, 7, 1
325, 1, 219, 254, 474, 403, 1, 7, 1
326, 1, 213, 257, 480, 400, 1, 7, 1
327, 1, 201, 266, 493, 390, 1, 7, 1
328, 1, 191, 270, 501, 387, 1, 7, 1
329, 1, 191, 276, 504, 381, 1, 7, 1
330, 1, 168, 281, 527, 376, 1, 7, 1
331, 1, 168, 286, 525, 373, 1, 7, 1
332, 1, 166, 290, 529, 367, 1, 7, 1
333, 1, 157, 294, 540, 361, 1, 7, 1
334, 1, 149, 299, 546, 356, 1, 7, 1
335, 1, 145, 305, 552, 352, 1, 7, 1
336, 1, 139, 309, 556, 348, 1, 7, 1
337, 1, 129, 317, 564, 341, 1, 7, 1
338, 1, 113, 327, 583, 327, 1, 7, 1
339, 1, 109, 336, 582, 317, 1, 7, 1
340, 1, 109, 341, 585, 313, 1, 7, 1
341, 1, 94, 348, 598, 307, 1, 7, 1
342, 1, 87, 357, 608, 299, 1, 7, 1
343, 1, 84, 364, 608, 291, 1, 7, 1
344, 1, 66, 372, 627, 284, 1, 7, 1
345, 1, 52, 380, 643, 274, 1, 7, 1
346, 1, 53, 387, 642, 268, 1, 7, 1
347, 1, 47, 399, 647, 259, 1, 7, 1
348, 1, 37, 404, 654, 261, 1, 7, 1
349, 1, 35, 410, 657, 262, 1, 7, 1
350, 1, 30, 411, 662, 267, 1, 7, 1
351, 1, 32, 415, 662, 265, 1, 7, 1
352, 1, 39, 417, 658, 260, 1, 7, 1
353, 1, 28, 424, 666, 260, 1, 7, 1
354, 1, 20, 427, 674, 266, 1, 7, 1
355, 1, 14, 431, 680, 274, 1, 7, 1
356, 1, 14, 432, 679, 275, 1, 7, 1
357, 1, 12, 433, 678, 283, 1, 7, 1
358, 1, 9, 436, 680, 283, 1, 7, 1
359, 1, 12, 437, 679, 284, 1, 7, 1
360, 1, 10, 440, 681, 282, 1, 7, 1
361, 1, 13, 443, 674, 280, 1, 7, 1
362, 1, 17, 446, 674, 276, 1, 7, 1
363, 1, 17, 447, 677, 275, 1, 7, 1
364, 1, 24, 449, 667, 273, 1, 7, 1
365, 1, 24, 449, 668, 274, 1, 7, 1
366, 1, 40, 452, 654, 270, 1, 7, 1
367, 1, 31, 453, 662, 271, 1, 7, 1
368, 1, 30, 455, 667, 268, 1, 7, 1
369, 1, 31, 457, 668, 267, 1, 7, 1
370, 1, 42, 460, 655, 265, 1, 7, 1
371, 1, 44, 461, 652, 264, 1, 7, 1
372, 1, 43, 462, 653, 261, 1, 7, 1
373, 1, 51, 463, 646, 261, 1, 7, 1
374, 1, 56, 462, 639, 261, 1, 7, 1
375, 1, 54, 463, 641, 259, 1, 7, 1
376, 1, 59, 463, 633, 258, 1, 7, 1
377, 1, 56, 464, 636, 257, 1, 7, 1
378, 1, 60, 464, 632, 258, 1, 7, 1
379, 1, 57, 464, 633, 258, 1, 7, 1
380, 1, 55, 463, 636, 257, 1, 7, 1
381, 1, 55, 463, 636, 257, 1, 7, 1
382, 1, 56, 465, 634, 254, 1, 7, 1
383, 1, 54, 465, 636, 255, 1, 7, 1
384, 1, 56, 464, 633, 256, 1, 7, 1
385, 1, 55, 463, 637, 258, 1, 7, 1
386, 1, 57, 464, 635, 256, 1, 7, 1
387, 1, 53, 464, 640, 258, 1, 7, 1
388, 1, 54, 463, 638, 258, 1, 7, 1
389, 1, 53, 463, 642, 258, 1, 7, 1
390, 1, 56, 464, 639, 258, 1, 7, 1
391, 1, 55, 463, 641, 257, 1, 7, 1
392, 1, 54, 463, 642, 258, 1, 7, 1
393, 1, 54, 463, 641, 258, 1, 7, 1
394, 1, 51, 463, 642, 260, 1, 7, 1
395, 1, 49, 463, 646, 260, 1, 7, 1
396, 1, 49, 463, 646, 260, 1, 7, 1
397, 1, 50, 462, 645, 260, 1, 7, 1
398, 1, 50, 462, 643, 261, 1, 7, 1
399, 1, 48, 463, 646, 260, 1, 7, 1
400, 1, 50, 463, 645, 260, 1, 7, 1
401, 1, 51, 462, 643, 260, 1, 7, 1
402, 1, 51, 460, 643, 261, 1, 7, 1
403, 1, 52, 462, 643, 259, 1, 7, 1
404, 1, 51, 461, 645, 258, 1, 7, 1
405, 1, 51, 460, 644, 259, 1, 7, 1
406, 1, 53, 460, 644, 259, 1, 7, 1
407, 1, 54, 459, 643, 260, 1, 7, 1
408, 1, 53, 460, 643, 257, 1, 7, 1
409, 1, 56, 460, 640, 258, 1, 7, 1
410, 1, 59, 458, 637, 260, 1, 7, 1
411, 1, 58, 460, 638, 258, 1, 7, 1
412, 1, 62, 457, 633, 259, 1, 7, 1
413, 1, 63, 457, 633, 258, 1, 7, 1
414, 1, 62, 451, 633, 266, 1, 7, 1
415, 1, 64, 453, 631, 264, 1, 7, 1
416, 1, 65, 453, 632, 264, 1, 7, 1
417, 1, 62, 452, 634, 267, 1, 7, 1
418, 1, 66, 451, 629, 267, 1, 7, 1
419, 1, 66, 449, 629, 266, 1, 7, 1
420, 1, 68, 447, 626, 269, 1, 7, 1
421, 1, 68, 447, 629, 270, 1, 7, 1
422, 1, 68, 448, 626, 267, 1, 7, 1
423, 1, 70, 449, 625, 267, 1, 7, 1
424, 1, 71, 444, 628, 273, 1, 7, 1
425, 1, 71, 443, 627, 274, 1, 7, 1
426, 1, 73, 443, 626, 274, 1, 7, 1
427, 1, 72, 441, 626, 276, 1, 7, 1
428, 1, 75, 441, 623, 275, 1, 7, 1
429, 1, 74, 441, 622, 276, 1, 7, 1
430, 1, 73, 441, 627, 274, 1, 7, 1
431, 1, 73, 440, 626, 277, 1, 7, 1
432, 1, 74, 437, 625, 278, 1, 7, 1
433, 1, 76, 437, 624, 279, 1, 7, 1
434, 1, 75, 435, 626, 280, 1, 7, 1
435, 1, 75, 435, 624, 281, 1, 7, 1
436, 1, 75, 434, 622, 281, 1, 7, 1
437, 1, 77, 433, 622, 281, 1, 7, 1
438, 1, 74, 435, 626, 277, 1, 7, 1
439, 1, 74, 434, 625, 279, 1, 7, 1
440, 1, 75, 433, 625, 281, 1, 7, 1
441, 1, 72, 432, 627, 284, 1, 7, 1
442, 1, 76, 432, 625, 284, 1, 7, 1
443, 1, 75, 431, 624, 286, 1, 7, 1
444, 1, 75, 432, 625, 284, 1, 7, 1
445, 1, 77, 431, 621, 281, 1, 7, 1
446, 1, 76, 431, 622, 285, 1, 7, 1
447, 1, 78, 431, 621, 273, 1, 7, 1
448, 1, 80, 429, 619, 285, 1, 7, 1
449, 1, 79, 429, 620, 290, 1, 7, 1
450, 1, 84, 429, 614, 287, 1, 7, 1
451, 1, 88, 429, 610, 285, 1, 7, 1
452, 1, 93, 429, 605, 285, 1, 7, 1
453, 1, 96, 430, 603, 281, 1, 7, 1
454, 1, 97, 429, 601, 289, 1, 7, 1
455, 1, 98, 430, 601, 286, 1, 7, 1
456, 1, 96, 430, 598, 285, 1, 7, 1
457, 1, 101, 429, 596, 283, 1, 7, 1
458, 1, 98, 430, 597, 286, 1, 7, 1
459, 1, 101, 430, 594, 284, 1, 7, 1
460, 1, 103, 430, 592, 285, 1, 7, 1
461, 1, 102, 430, 596, 279, 1, 7, 1
462, 1, 101, 430, 596, 283, 1, 7, 1
463, 1, 101, 430, 599, 285, 1, 7, 1
464, 1, 101, 430, 598, 283, 1, 7, 1
465, 1, 104, 430, 595, 281, 1, 7, 1
466, 1, 102, 430, 597, 283, 1, 7, 1
467, 1, 105, 430, 594, 276, 1, 7, 1
468, 1, 105, 430, 590, 285, 1, 7, 1
469, 1, 105, 431, 593, 286, 1, 7, 1
470, 1, 105, 431, 593, 285, 1, 7, 1
471, 1, 105, 431, 594, 283, 1, 7, 1
472, 1, 106, 431, 587, 280, 1, 7, 1
473, 1, 107, 430, 592, 283, 1, 7, 1
474, 1, 107, 432, 592, 272, 1, 7, 1
475, 1, 104, 432, 593, 272, 1, 7, 1
476, 1, 107, 432, 595, 281, 1, 7, 1
477, 1, 108, 433, 593, 282, 1, 7, 1
478, 1, 105, 433, 596, 282, 1, 7, 1
479, 1, 107, 433, 592, 288, 1, 7, 1
480, 1, 107, 433, 594, 286, 1, 7, 1
481, 1, 106, 433, 594, 286, 1, 7, 1
482, 1, 106, 433, 594, 287, 1, 7, 1
483, 1, 107, 434, 592, 286, 1, 7, 1
484, 1, 106, 434, 594, 286, 1, 7, 1
485, 1, 107, 435, 592, 286, 1, 7, 1
486, 1, 105, 433, 596, 287, 1, 7, 1
487, 1, 106, 433, 594, 289, 1, 7, 1
488, 1, 105, 434, 596, 287, 1, 7, 1
489, 1, 107, 433, 593, 286, 1, 7, 1
490, 1, 107, 434, 591, 286, 1, 7, 1
491, 1, 107, 434, 593, 288, 1, 7, 1
492, 1, 107, 433, 592, 290, 1, 7, 1
493, 1, 106, 433, 593, 290, 1, 7, 1
494, 1, 106, 433, 594, 289, 1, 7, 1
495, 1, 107, 433, 593, 287, 1, 7, 1
496, 1, 108, 432, 591, 288, 1, 7, 1
497, 1, 107, 433, 592, 288, 1, 7, 1
498, 1, 107, 432, 594, 288, 1, 7, 1
499, 1, 107, 433, 592, 287, 1, 7, 1
500, 1, 107, 434, 592, 288, 1, 7, 1
501, 1, 107, 433, 593, 288, 1, 7, 1
502, 1, 106, 432, 595, 289, 1, 7, 1
503, 1, 107, 431, 593, 289, 1, 7, 1
504, 1, 108, 431, 591, 290, 1, 7, 1
505, 1, 106, 431, 594, 289, 1, 7, 1
506, 1, 107, 432, 593, 287, 1, 7, 1
507, 1, 108, 431, 591, 290, 1, 7, 1
508, 1, 107, 431, 594, 289, 1, 7, 1
509, 1, 107, 431, 594, 289, 1, 7, 1
510, 1, 109, 431, 592, 288, 1, 7, 1
511, 1, 107, 431, 592, 289, 1, 7, 1
512, 1, 106, 430, 594, 287, 1, 7, 1
513, 1, 106, 429, 593, 287, 1, 7, 1
514, 1, 106, 430, 594, 286, 1, 7, 1
515, 1, 108, 429, 592, 288, 1, 7, 1
516, 1, 108, 428, 592, 289, 1, 7, 1
517, 1, 108, 428, 593, 288, 1, 7, 1
518, 1, 108, 427, 593, 283, 1, 7, 1
519, 1, 108, 427, 592, 284, 1, 7, 1
520, 1, 107, 426, 592, 287, 1, 7, 1
521, 1, 109, 425, 590, 287, 1, 7, 1
522, 1, 107, 425, 593, 284, 1, 7, 1
523, 1, 109, 424, 592, 285, 1, 7, 1
524, 1, 108, 421, 586, 287, 1, 7, 1
525, 1, 108, 421, 588, 285, 1, 7, 1
526, 1, 108, 420, 589, 288, 1, 7, 1
527, 1, 110, 419, 587, 289, 1, 7, 1
528, 1, 111, 416, 587, 289, 1, 7, 1
529, 1, 111, 416, 588, 288, 1, 7, 1
530, 1, 111, 413, 586, 293, 1, 7, 1
531, 1, 109, 415, 589, 294, 1, 7, 1
532, 1, 110, 416, 588, 290, 1, 7, 1
533, 1, 110, 413, 587, 289, 1, 7, 1
534, 1, 110, 413, 586, 293, 1, 7, 1
535, 1, 109, 411, 588, 296, 1, 7, 1
536, 1, 111, 409, 586, 271, 1, 7, 1
537, 1, 112, 409, 584, 294, 1, 7, 1
538, 1, 112, 409, 585, 273, 1, 7, 1
539, 1, 113, 409, 583, 289, 1, 7, 1
540, 1, 111, 407, 586, 299, 1, 7, 1
541, 1, 112, 405, 584, 306, 1, 7, 1
542, 1, 115, 404, 582, 296, 1, 7, 1
543, 1, 114, 403, 584, 272, 1, 7, 1
544, 1, 114, 401, 583, 302, 1, 7, 1
545, 1, 115, 400, 584, 304, 1, 7, 1
546, 1, 117, 397, 580, 311, 1, 7, 1
547, 1, 114, 396, 583, 315, 1, 7, 1
548, 1, 117, 391, 580, 292, 1, 7, 1
549, 1, 119, 388, 579, 285, 1, 7, 1
550, 1, 118, 387, 580, 280, 1, 7, 1
551, 1, 118, 390, 579, 277, 1, 7, 1
552, 1, 116, 385, 583, 281, 1, 7, 1
553, 1, 119, 384, 578, 284, 1, 7, 1
554, 1, 120, 378, 578, 291, 1, 7, 1
555, 1, 121, 376, 577, 292, 1, 7, 1
556, 1, 118, 370, 580, 294, 1, 7, 1
557, 1, 120, 370, 579, 292, 1, 7, 1
558, 1, 118, 367, 582, 295, 1, 7, 1
559, 1, 120, 367, 581, 293, 1, 7, 1
560, 1, 123, 365, 575, 291, 1, 7, 1
561, 1, 124, 365, 574, 289, 1, 7, 1
562, 1, 124, 361, 576, 293, 1, 7, 1
563, 1, 125, 359, 576, 297, 1, 7, 1
564, 1, 125, 356, 573, 299, 1, 7, 1
565, 1, 125, 354, 576, 303, 1, 7, 1
566, 1, 126, 352, 572, 303, 1, 7, 1
567, 1, 125, 349, 575, 306, 1, 7, 1
568, 1, 126, 345, 570, 309, 1, 7, 1
569, 1, 124, 349, 574, 305, 1, 7, 1
570, 1, 125, 348, 575, 304, 1, 7, 1
571, 1, 127, 344, 574, 310, 1, 7, 1
572, 1, 125, 334, 576, 320, 1, 7, 1
573, 1, 132, 332, 569, 322, 1, 7, 1
574, 1, 129, 339, 571, 317, 1, 7, 1
575, 1, 131, 335, 571, 322, 1, 7, 1
576, 1, 130, 332, 570, 324, 1, 7, 1
577, 1, 132, 332, 570, 324, 1, 7, 1
578, 1, 135, 331, 566, 326, 1, 7, 1
579, 1, 135, 330, 567, 326, 1, 7, 1
580, 1, 138, 329, 565, 327, 1, 7, 1
581, 1, 137, 326, 565, 329, 1, 7, 1
582, 1, 135, 326, 566, 329, 1, 7, 1
583, 1, 138, 321, 564, 334, 1, 7, 1
584, 1, 137, 317, 566, 338, 1, 7, 1
585, 1, 139, 316, 564, 339, 1, 7, 1
586, 1, 141, 317, 560, 338, 1, 7, 1
587, 1, 143, 316, 560, 340, 1, 7, 1
588, 1, 142, 312, 561, 344, 1, 7, 1
589, 1, 143, 305, 561, 350, 1, 7, 1
590, 1, 142, 302, 561, 352, 1, 7, 1
591, 1, 143, 299, 560, 356, 1, 7, 1
592, 1, 145, 300, 559, 354, 1, 7, 1
593, 1, 145, 297, 559, 357, 1, 7, 1
594, 1, 146, 292, 557, 363, 1, 7, 1
595, 1, 145, 285, 558, 370, 1, 7, 1
596, 1, 146, 285, 556, 370, 1, 7, 1
597, 1, 146, 288, 556, 366, 1, 7, 1
598, 1, 146, 281, 556, 373, 1, 7, 1
599, 1, 151, 279, 551, 376, 1, 7, 1
600, 1, 149, 280, 554, 374, 1, 7, 1
601, 1, 144, 274, 559, 382, 1, 7, 1
602, 1, 154, 277, 550, 377, 1, 7, 1
603, 1, 145, 267, 557, 388, 1, 7, 1
604, 1, 152, 267, 550, 387, 1, 7, 1
605, 1, 150, 266, 551, 389, 1, 7, 1
606, 1, 154, 263, 548, 391, 1, 7, 1
607, 1, 153, 260, 548, 395, 1, 7, 1
608, 1, 153, 256, 548, 398, 1, 7, 1
609, 1, 152, 261, 548, 392, 1, 7, 1
610, 1, 152, 258, 546, 396, 1, 7, 1
611, 1, 150, 254, 550, 402, 1, 7, 1
612, 1, 157, 250, 541, 404, 1, 7, 1
613, 1, 158, 251, 544, 404, 1, 7, 1
614, 1, 158, 249, 542, 406, 1, 7, 1
615, 1, 163, 247, 537, 408, 1, 7, 1
616, 1, 157, 242, 544, 413, 1, 7, 1
617, 1, 161, 243, 539, 412, 1, 7, 1
618, 1, 159, 240, 541, 416, 1, 7, 1
619, 1, 163, 241, 537, 414, 1, 7, 1
620, 1, 165, 238, 530, 417, 1, 7, 1
621, 1, 169, 236, 529, 418, 1, 7, 1
622, 1, 167, 232, 532, 424, 1, 7, 1
623, 1, 174, 230, 525, 425, 1, 7, 1
624, 1, 176, 228, 521, 428, 1, 7, 1
625, 1, 180, 228, 515, 428, 1, 7, 1
626, 1, 178, 225, 520, 431, 1, 7, 1
627, 1, 186, 224, 511, 433, 1, 7, 1
628, 1, 185, 222, 512, 433, 1, 7, 1
629, 1, 190, 221, 507, 435, 1, 7, 1
630, 1, 192, 219, 507, 437, 1, 7, 1
631, 1, 198, 217, 500, 438, 1, 7, 1
632, 1, 200, 215, 499, 441, 1, 7, 1
633, 1, 204, 214, 497, 443, 1, 7, 1
634, 1, 204, 212, 496, 446, 1, 7, 1
635, 1, 209, 209, 489, 449, 1, 7, 1
636, 1, 212, 205, 489, 455, 1, 7, 1
637, 1, 220, 204, 482, 455, 1, 7, 1
638, 1, 221, 201, 481, 457, 1, 7, 1
639, 1, 224, 199, 478, 462, 1, 7, 1
640, 1, 229, 198, 474, 460, 1, 7, 1
641, 1, 235, 197, 466, 461, 1, 7, 1
642, 1, 241, 196, 458, 462, 1, 7, 1
643, 1, 250, 194, 450, 465, 1, 7, 1
644, 1, 250, 194, 450, 465, 1, 7, 1
645, 1, 257, 191, 444, 467, 1, 7, 1
646, 1, 261, 187, 439, 471, 1, 7, 1
647, 1, 271, 186, 430, 474, 1, 7, 1
648, 1, 276, 182, 426, 479, 1, 7, 1
649, 1, 281, 179, 420, 480, 1, 7, 1
650, 1, 287, 179, 416, 480, 1, 7, 1
651, 1, 287, 178, 414, 482, 1, 7, 1
652, 1, 282, 174, 421, 486, 1, 7, 1
653, 1, 303, 172, 395, 489, 1, 7, 1
654, 1, 310, 173, 385, 487, 1, 7, 1
655, 1, 327, 171, 369, 488, 1, 7, 1
656, 1, 331, 170, 367, 491, 1, 7, 1
657, 1, 337, 169, 355, 493, 1, 7, 1
658, 1, 347, 166, 345, 496, 1, 7, 1
659, 1, 354, 163, 336, 498, 1, 7, 1
660, 1, 352, 160, 337, 501, 1, 7, 1
661, 1, 367, 158, 315, 502, 1, 7, 1
662, 1, 379, 157, 306, 505, 1, 7, 1
663, 1, 385, 154, 289, 507, 1, 7, 1
664, 1, 397, 151, 272, 509, 1, 7, 1
665, 1, 400, 148, 268, 512, 1, 7, 1
666, 1, 407, 148, 259, 512, 1, 7, 1
667, 1, 413, 147, 253, 512, 1, 7, 1
668, 1, 421, 147, 239, 512, 1, 7, 1
669, 1, 421, 145, 239, 515, 1, 7, 1
670, 1, 423, 145, 231, 514, 1, 7, 1
671, 1, 427, 146, 224, 512, 1, 7, 1
672, 1, 425, 149, 223, 508, 1, 7, 1
673, 1, 427, 147, 222, 511, 1, 7, 1
674, 1, 432, 147, 222, 510, 1, 7, 1
675, 1, 429, 145, 221, 509, 1, 7, 1
676, 1, 433, 143, 220, 512, 1, 7, 1
677, 1, 430, 145, 222, 513, 1, 7, 1
678, 1, 432, 144, 219, 512, 1, 7, 1
679, 1, 431, 146, 220, 512, 1, 7, 1
680, 1, 432, 142, 220, 517, 1, 7, 1
681, 1, 427, 139, 225, 520, 1, 7, 1
682, 1, 427, 140, 226, 518, 1, 7, 1
683, 1, 422, 141, 231, 517, 1, 7, 1
684, 1, 415, 139, 238, 522, 1, 7, 1
685, 1, 414, 139, 235, 521, 1, 7, 1
686, 1, 412, 142, 239, 518, 1, 7, 1
687, 1, 410, 140, 242, 521, 1, 7, 1
688, 1, 408, 143, 244, 516, 1, 7, 1
689, 1, 406, 140, 249, 519, 1, 7, 1
690, 1, 402, 143, 260, 518, 1, 7, 1
691, 1, 398, 140, 268, 520, 1, 7, 1
692, 1, 396, 141, 279, 519, 1, 7, 1
693, 1, 393, 142, 290, 519, 1, 7, 1
694, 1, 389, 144, 302, 516, 1, 7, 1
695, 1, 387, 143, 310, 517, 1, 7, 1
696, 1, 384, 142, 321, 519, 1, 7, 1
697, 1, 381, 139, 330, 523, 1, 7, 1
698, 1, 380, 141, 336, 520, 1, 7, 1
699, 1, 378, 141, 346, 520, 1, 7, 1
700, 1, 377, 144, 353, 517, 1, 7, 1
701, 1, 373, 144, 365, 514, 1, 7, 1
702, 1, 370, 143, 376, 516, 1, 7, 1
703, 1, 368, 144, 383, 517, 1, 7, 1
704, 1, 366, 146, 394, 512, 1, 7, 1
705, 1, 365, 145, 402, 512, 1, 7, 1
706, 1, 363, 146, 411, 512, 1, 7, 1
707, 1, 361, 145, 422, 511, 1, 7, 1
708, 1, 358, 145, 431, 511, 1, 7, 1
709, 1, 358, 147, 437, 509, 1, 7, 1
710, 1, 357, 147, 441, 511, 1, 7, 1
711, 1, 357, 148, 451, 510, 1, 7, 1
712, 1, 354, 149, 460, 508, 1, 7, 1
713, 1, 354, 148, 465, 510, 1, 7, 1
714, 1, 354, 150, 472, 507, 1, 7, 1
715, 1, 353, 150, 477, 508, 1, 7, 1
716, 1, 354, 149, 483, 509, 1, 7, 1
717, 1, 354, 150, 487, 509, 1, 7, 1
718, 1, 354, 147, 490, 512, 1, 7, 1
719, 1, 355, 149, 496, 508, 1, 7, 1
720, 1, 351, 146, 502, 514, 1, 7, 1
721, 1, 352, 148, 507, 509, 1, 7, 1
722, 1, 350, 150, 516, 510, 1, 7, 1
723, 1, 351, 150, 522, 509, 1, 7, 1
724, 1, 348, 149, 526, 505, 1, 7, 1
725, 1, 348, 149, 531, 501, 1, 7, 1
726, 1, 347, 150, 536, 501, 1, 7, 1
727, 1, 347, 151, 540, 509, 1, 7, 1
728, 1, 348, 151, 541, 510, 1, 7, 1
729, 1, 347, 151, 546, 510, 1, 7, 1
730, 1, 347, 152, 548, 510, 1, 7, 1
731, 1, 348, 152, 554, 508, 1, 7, 1
732, 1, 348, 152, 557, 505, 1, 7, 1
733, 1, 348, 153, 560, 506, 1, 7, 1
734, 1, 346, 154, 564, 504, 1, 7, 1
735, 1, 347, 155, 566, 503, 1, 7, 1
736, 1, 347, 154, 566, 505, 1, 7, 1
737, 1, 348, 153, 568, 504, 1, 7, 1
738, 1, 346, 154, 571, 505, 1, 7, 1
739, 1, 346, 154, 574, 504, 1, 7, 1
740, 1, 344, 155, 578, 502, 1, 7, 1
741, 1, 345, 154, 577, 503, 1, 7, 1
742, 1, 345, 155, 578, 502, 1, 7, 1
743, 1, 344, 156, 580, 501, 1, 7, 1
744, 1, 346, 155, 585, 502, 1, 7, 1
745, 1, 345, 156, 584, 501, 1, 7, 1
746, 1, 343, 157, 591, 501, 1, 7, 1
747, 1, 344, 156, 591, 500, 1, 7, 1
748, 1, 343, 158, 595, 499, 1, 7, 1
749, 1, 343, 158, 594, 497, 1, 7, 1
750, 1, 342, 160, 600, 495, 1, 7, 1
1, 2, 709, 386, 303, 279, 1, 5, 1
2, 2, 709, 386, 303, 279, 1, 5, 1
3, 2, 709, 386, 303, 279, 1, 5, 1
4, 2, 709, 386, 303, 279, 1, 5, 1
5, 2, 709, 386, 303, 279, 1, 5, 1
6, 2, 709, 386, 303, 279, 1, 5, 1
7, 2, 709, 386, 303, 279, 1, 5, 1
8, 2, 709, 386, 303, 279, 1, 5, 1
9, 2, 709, 386, 303, 279, 1, 5, 1
10, 2, 709, 386, 303, 279, 1, 5, 1
11, 2, 709, 386, 303, 279, 1, 5, 1
12, 2, 709, 386, 303, 279, 1, 5, 1
13, 2, 709, 386, 303, 279, 1, 5, 1
14, 2, 709, 386, 303, 279, 1, 5, 1
15, 2, 709, 386, 303, 279, 1, 5, 1
16, 2, 709, 386, 303, 279, 1, 5, 1
17, 2, 709, 386, 303, 279, 1, 5, 1
18, 2, 709, 386, 303, 279, 1, 5, 1
19, 2, 709, 386, 303, 279, 1, 5, 1
20, 2, 709, 386, 303, 279, 1, 5, 1
21, 2, 709, 386, 303, 279, 1, 5, 1
22, 2, 709, 386, 303, 279, 1, 5, 1
23, 2, 709, 386, 303, 279, 1, 5, 1
24, 2, 709, 386, 303, 279, 1, 5, 1
25, 2, 709, 386, 303, 279, 1, 5, 1
26, 2, 709, 386, 303, 279, 1, 5, 1
27, 2, 709, 386, 303, 279, 1, 5, 1
28, 2, 709, 386, 303, 279, 1, 5, 1
29, 2, 709, 386, 303, 279, 1, 5, 1
30, 2, 709, 386, 303, 279, 1, 5, 1
31, 2, 709, 386, 303, 279, 1, 5, 1
32, 2, 709, 386, 303, 279, 1, 5, 1
33, 2, 709, 386, 303, 279, 1, 5, 1
34, 2, 709, 386, 303, 279, 1, 5, 1
35, 2, 709, 386, 303, 279, 1, 5, 1
36, 2, 709, 386, 303, 279, 1, 5, 1
37, 2, 709, 386, 303, 279, 1, 5, 1
38, 2, 709, 386, 303, 279, 1, 5, 1
39, 2, 709, 386, 303, 279, 1, 5, 1
40, 2, 709, 386, 303, 279, 1, 5, 1
41, 2, 709, 386, 303, 279, 1, 5, 1
42, 2, 709, 386, 303, 279, 1, 5, 1
43, 2, 709, 386, 303, 279, 1, 5, 1
44, 2, 709, 386, 303, 279, 1, 5, 1
45, 2, 709, 386, 303, 279, 1, 5, 1
46, 2, 709, 386, 303, 279, 1, 5, 1
47, 2, 709, 386, 303, 279, 1, 5, 1
48, 2, 709, 386, 303, 279, 1, 5, 1
49, 2, 709, 386, 303, 279, 1, 5, 1
50, 2, 709, 386, 303, 279, 1, 5, 1
51, 2, 709, 386, 303, 279, 1, 5, 1
52, 2, 709, 386, 303, 279, 1, 5, 1
53, 2, 709, 386, 303, 279, 1, 5, 1
54, 2, 709, 386, 303, 279, 1, 5, 1
55, 2, 709, 386, 303, 279, 1, 5, 1
56, 2, 709, 386, 303, 279, 1, 5, 1
57, 2, 709, 386, 303, 279, 1, 5, 1
58, 2, 709, 386, 303, 279, 1, 5, 1
59, 2, 709, 386, 303, 279, 1, 5, 1
60, 2, 709, 386, 303, 279, 1, 5, 1
61, 2, 709, 386, 303, 279, 1, 5, 1
62, 2, 709, 386, 303, 279, 1, 5, 1
63, 2, 709, 386, 303, 279, 1, 5, 1
64, 2, 709, 386, 303, 279, 1, 5, 1
65, 2, 709, 386, 303, 279, 1, 5, 1
66, 2, 709, 386, 303, 279, 1, 5, 1
67, 2, 709, 386, 303, 279, 1, 5, 1
68, 2, 709, 386, 303, 279, 1, 5, 1
69, 2, 709, 386, 303, 279, 1, 5, 1
70, 2, 709, 386, 303, 279, 1, 5, 1
71, 2, 709, 386, 303, 279, 1, 5, 1
72, 2, 709, 386, 303, 279, 1, 5, 1
73, 2, 709, 386, 303, 279, 1, 5, 1
74, 2, 709, 386, 303, 279, 1, 5, 1
75, 2, 709, 386, 303, 279, 1, 5, 1
76, 2, 709, 386, 303, 279, 1, 5, 1
77, 2, 709, 386, 303, 279, 1, 5, 1
78, 2, 709, 386, 303, 279, 1, 5, 1
79, 2, 709, 386, 303, 279, 1, 5, 1
80, 2, 709, 386, 303, 279, 1, 5, 1
81, 2, 709, 386, 303, 279, 1, 5, 1
82, 2, 709, 386, 303, 279, 1, 5, 1
83, 2, 709, 386, 303, 279, 1, 5, 1
84, 2, 709, 386, 303, 279, 1, 5, 1
85, 2, 709, 386, 303, 279, 1, 5, 1
86, 2, 709, 386, 303, 279, 1, 5, 1
87, 2, 709, 386, 303, 279, 1, 5, 1
88, 2, 709, 386, 303, 279, 1, 5, 1
89, 2, 709, 386, 303, 279, 1, 5, 1
90, 2, 709, 386, 303, 279, 1, 5, 1
91, 2, 709, 386, 303, 279, 1, 5, 1
92, 2, 709, 386, 303, 279, 1, 5, 1
93, 2, 709, 386, 303, 279, 1, 5, 1
94, 2, 709, 386, 303, 279, 1, 5, 1
95, 2, 709, 386, 303, 279, 1, 5, 1
96, 2, 709, 386, 303, 279, 1, 5, 1
97, 2, 709, 386, 303, 279, 1, 5, 1
98, 2, 709, 386, 303, 279, 1, 5, 1
99, 2, 709, 386, 303, 279, 1, 5, 1
100, 2, 709, 386, 303, 279, 1, 5, 1
101, 2, 709, 386, 303, 279, 1, 5, 1
102, 2, 709, 386, 303, 279, 1, 5, 1
103, 2, 709, 386, 303, 279, 1, 5, 1
104, 2, 709, 386, 303, 279, 1, 5, 1
105, 2, 709, 386, 303, 279, 1, 5, 1
106, 2, 709, 386, 303, 279, 1, 5, 1
107, 2, 709, 386, 303, 279, 1, 5, 1
108, 2, 709, 386, 303, 279, 1, 5, 1
109, 2, 709, 386, 303, 279, 1, 5, 1
110, 2, 709, 386, 303, 279, 1, 5, 1
111, 2, 709, 386, 303, 279, 1, 5, 1
112, 2, 709, 386, 303, 279, 1, 5, 1
113, 2, 709, 386, 303, 279, 1, 5, 1
114, 2, 709, 386, 303, 279, 1, 5, 1
115, 2, 709, 386, 303, 279, 1, 5, 1
116, 2, 720, 383, 303, 279, 1, 5, 1
117, 2, 720, 383, 303, 279, 1, 5, 1
118, 2, 720, 383, 303, 279, 1, 5, 1
119, 2, 720, 383, 303, 279, 1, 5, 1
120, 2, 720, 383, 303, 279, 1, 5, 1
121, 2, 720, 383, 303, 279, 1, 5, 1
122, 2, 720, 383, 303, 279, 1, 5, 1
123, 2, 720, 383, 303, 279, 1, 5, 1
124, 2, 720, 383, 303, 279, 1, 5, 1
125, 2, 720, 383, 303, 279, 1, 5, 1
126, 2, 720, 383, 303, 279, 1, 5, 1
127, 2, 727, 382, 303, 279, 1, 5, 1
128, 2, 727, 382, 303, 279, 1, 5, 1
129, 2, 727, 382, 303, 279, 1, 5, 1
130, 2, 727, 382, 303, 279, 1, 5, 1
131, 2, 727, 382, 303, 279, 1, 5, 1
132, 2, 727, 382, 303, 279, 1, 5, 1
133, 2, 727, 382, 303, 279, 1, 5, 1
134, 2, 727, 382, 303, 279, 1, 5, 1
135, 2, 727, 382, 303, 279, 1, 5, 1
136, 2, 727, 382, 303, 279, 1, 5, 1
137, 2, 727, 382, 303, 279, 1, 5, 1
138, 2, 727, 382, 303, 279, 1, 5, 1
139, 2, 727, 382, 303, 279, 1, 5, 1
140, 2, 727, 382, 303, 279, 1, 5, 1
141, 2, 727, 382, 303, 279, 1, 5, 1
142, 2, 727, 382, 303, 279, 1, 5, 1
143, 2, 727, 382, 303, 279, 1, 5, 1
144, 2, 727, 382, 303, 279, 1, 5, 1
145, 2, 727, 382, 303, 279, 1, 5, 1
146, 2, 727, 382, 303, 279, 1, 5, 1
147, 2, 727, 382, 303, 279, 1, 5, 1
148, 2, 727, 382, 303, 279, 1, 5, 1
149, 2, 727, 382, 303, 279, 1, 5, 1
150, 2, 727, 382, 303, 279, 1, 5, 1
151, 2, 727, 382, 303, 279, 1, 5, 1
152, 2, 727, 382, 303, 279, 1, 5, 1
153, 2, 727, 382, 303, 279, 1, 5, 1
154, 2, 727, 382, 303, 279, 1, 5, 1
155, 2, 727, 382, 303, 279, 1, 5, 1
156, 2, 727, 382, 303, 279, 1, 5, 1
157, 2, 727, 382, 303, 279, 1, 5, 1
158, 2, 727, 382, 303, 279, 1, 5, 1
159, 2, 727, 382, 303, 279, 1, 5, 1
160, 2, 727, 382, 303, 279, 1, 5, 1
161, 2, 727, 382, 303, 279, 1, 5, 1
162, 2, 727, 382, 303, 279, 1, 5, 1
163, 2, 727, 382, 303, 279, 1, 5, 1
164, 2, 727, 382, 303, 279, 1, 5, 1
165, 2, 727, 382, 303, 279, 1, 5, 1
166, 2, 727, 382, 303, 279, 1, 5, 1
167, 2, 727, 382, 303, 279, 1, 5, 1
168, 2, 727, 382, 303, 279, 1, 5, 1
169, 2, 727, 382, 303, 279, 1, 5, 1
170, 2, 727, 382, 303, 279, 1, 5, 1
171, 2, 727, 382, 303, 279, 1, 5, 1
172, 2, 727, 382, 303, 279, 1, 5, 1
173, 2, 727, 382, 303, 279, 1, 5, 1
174, 2, 727, 382, 303, 279, 1, 5, 1
175, 2, 727, 382, 303, 279, 1, 5, 1
176, 2, 727, 382, 303, 279, 1, 5, 1
177, 2, 727, 382, 303, 279, 1, 5, 1
178, 2, 727, 382, 303, 279, 1, 5, 1
179, 2, 727, 382, 303, 279, 1, 5, 1
180, 2, 727, 382, 303, 279, 1, 5, 1
181, 2, 727, 382, 303, 279, 1, 5, 1
182, 2, 727, 382, 303, 279, 1, 5, 1
183, 2, 727, 382, 303, 279, 1, 5, 1
184, 2, 727, 382, 303, 279, 1, 5, 1
185, 2, 727, 382, 303, 279, 1, 5, 1
186, 2, 727, 382, 303, 279, 1, 5, 1
187, 2, 727, 382, 303, 279, 1, 5, 1
188, 2, 727, 382, 303, 279, 1, 5, 1
189, 2, 727, 382, 303, 279, 1, 5, 1
190, 2, 727, 382, 303, 279, 1, 5, 1
191, 2, 727, 382, 303, 279, 1, 5, 1
192, 2, 727, 382, 303, 279, 1, 5, 1
193, 2, 727, 382, 303, 279, 1, 5, 1
194, 2, 727, 382, 303, 279, 1, 5, 1
195, 2, 727, 382, 303, 279, 1, 5, 1
196, 2, 727, 382, 303, 279, 1, 5, 1
197, 2, 727, 382, 303, 279, 1, 5, 1
198, 2, 727, 382, 303, 279, 1, 5, 1
199, 2, 727, 382, 303, 279, 1, 5, 1
200, 2, 727, 382, 303, 279, 1, 5, 1
201, 2, 727, 382, 303, 279, 1, 5, 1
202, 2, 727, 382, 303, 279, 1, 5, 1
203, 2, 727, 382, 303, 279, 1, 5, 1
204, 2, 727, 382, 303, 279, 1, 5, 1
205, 2, 727, 382, 303, 279, 1, 5, 1
206, 2, 727, 382, 303, 279, 1, 5, 1
207, 2, 727, 382, 303, 279, 1, 5, 1
208, 2, 713, 386, 302, 279, 1, 5, 1
209, 2, 713, 386, 302, 279, 1, 5, 1
210, 2, 713, 386, 302, 279, 1, 5, 1
211, 2, 713, 386, 302, 279, 1, 5, 1
212, 2, 713, 386, 302, 279, 1, 5, 1
213, 2, 713, 386, 302, 279, 1, 5, 1
214, 2, 713, 386, 302, 279, 1, 5, 1
215, 2, 713, 386, 302, 279, 1, 5, 1
216, 2, 713, 386, 302, 279, 1, 5, 1
217, 2, 713, 386, 302, 279, 1, 5, 1
218, 2, 713, 386, 302, 279, 1, 5, 1
219, 2, 713, 386, 302, 279, 1, 5, 1
220, 2, 713, 386, 302, 279, 1, 5, 1
221, 2, 713, 386, 302, 279, 1, 5, 1
222, 2, 713, 386, 302, 279, 1, 5, 1
223, 2, 713, 386, 302, 279, 1, 5, 1
224, 2, 713, 386, 302, 279, 1, 5, 1
225, 2, 713, 386, 302, 279, 1, 5, 1
226, 2, 713, 386, 302, 279, 1, 5, 1
227, 2, 713, 386, 302, 279, 1, 5, 1
228, 2, 713, 386, 302, 279, 1, 5, 1
229, 2, 713, 386, 302, 279, 1, 5, 1
230, 2, 713, 386, 302, 279, 1, 5, 1
231, 2, 713, 386, 302, 279, 1, 5, 1
232, 2, 713, 386, 302, 279, 1, 5, 1
233, 2, 713, 386, 302, 279, 1, 5, 1
234, 2, 713, 386, 302, 279, 1, 5, 1
235, 2, 713, 386, 302, 279, 1, 5, 1
236, 2, 713, 386, 302, 279, 1, 5, 1
237, 2, 713, 386, 302, 279, 1, 5, 1
238, 2, 713, 386, 302, 279, 1, 5, 1
239, 2, 713, 386, 302, 279, 1, 5, 1
240, 2, 713, 386, 302, 279, 1, 5, 1
241, 2, 713, 386, 302, 279, 1, 5, 1
242, 2, 713, 386, 302, 279, 1, 5, 1
243, 2, 713, 386, 302, 279, 1, 5, 1
244, 2, 713, 386, 302, 279, 1, 5, 1
245, 2, 713, 386, 302, 279, 1, 5, 1
246, 2, 713, 380, 302, 285, 1, 5, 1
247, 2, 713, 380, 302, 285, 1, 5, 1
248, 2, 713, 380, 302, 285, 1, 5, 1
249, 2, 713, 380, 302, 285, 1, 5, 1
250, 2, 713, 380, 302, 285, 1, 5, 1
251, 2, 713, 380, 302, 285, 1, 5, 1
252, 2, 713, 380, 302, 285, 1, 5, 1
253, 2, 713, 380, 302, 285, 1, 5, 1
254, 2, 713, 380, 302, 285, 1, 5, 1
255, 2, 713, 380, 302, 285, 1, 5, 1
256, 2, 713, 380, 302, 285, 1, 5, 1
257, 2, 713, 380, 302, 285, 1, 5, 1
258, 2, 713, 380, 302, 285, 1, 5, 1
259, 2, 713, 380, 302, 285, 1, 5, 1
260, 2, 713, 380, 302, 285, 1, 5, 1
261, 2, 713, 380, 302, 285, 1, 5, 1
262, 2, 713, 380, 302, 285, 1, 5, 1
263, 2, 713, 380, 302, 285, 1, 5, 1
264, 2, 713, 380, 302, 285, 1, 5, 1
265, 2, 713, 380, 302, 285, 1, 5, 1
266, 2, 713, 380, 302, 285, 1, 5, 1
267, 2, 713, 380, 302, 285, 1, 5, 1
268, 2, 713, 380, 302, 285, 1, 5, 1
269, 2, 713, 380, 302, 285, 1, 5, 1
270, 2, 713, 380, 302, 285, 1, 5, 1
271, 2, 713, 380, 302, 285, 1, 5, 1
272, 2, 713, 380, 302, 285, 1, 5, 1
273, 2, 713, 380, 302, 285, 1, 5, 1
274, 2, 713, 380, 302, 285, 1, 5, 1
275, 2, 713, 380, 302, 285, 1, 5, 1
276, 2, 713, 380, 302, 285, 1, 5, 1
277, 2, 713, 380, 302, 285, 1, 5, 1
278, 2, 713, 380, 302, 285, 1, 5, 1
279, 2, 713, 380, 302, 285, 1, 5, 1
280, 2, 713, 380, 302, 285, 1, 5, 1
281, 2, 705, 386, 303, 279, 1, 5, 1
282, 2, 705, 386, 303, 279, 1, 5, 1
283, 2, 705, 386, 303, 279, 1, 5, 1
284, 2, 705, 386, 303, 279, 1, 5, 1
285, 2, 705, 386, 303, 279, 1, 5, 1
286, 2, 705, 386, 303, 279, 1, 5, 1
287, 2, 705, 386, 303, 279, 1, 5, 1
288, 2, 705, 386, 303, 279, 1, 5, 1
289, 2, 705, 386, 303, 279, 1, 5, 1
290, 2, 705, 386, 303, 279, 1, 5, 1
291, 2, 705, 386, 303, 279, 1, 5, 1
292, 2, 705, 386, 303, 279, 1, 5, 1
293, 2, 705, 386, 303, 279, 1, 5, 1
294, 2, 705, 386, 303, 279, 1, 5, 1
295, 2, 705, 386, 303, 279, 1, 5, 1
296, 2, 705, 386, 303, 279, 1, 5, 1
297, 2, 705, 386, 303, 279, 1, 5, 1
298, 2, 705, 386, 303, 279, 1, 5, 1
299, 2, 705, 386, 303, 279, 1, 5, 1
300, 2, 705, 386, 303, 279, 1, 5, 1
301, 2, 705, 386, 303, 279, 1, 5, 1
302, 2, 705, 386, 303, 279, 1, 5, 1
303, 2, 705, 386, 303, 279, 1, 5, 1
304, 2, 705, 386, 303, 279, 1, 5, 1
305, 2, 705, 386, 303, 279, 1, 5, 1
306, 2, 705, 386, 303, 279, 1, 5, 1
307, 2, 705, 386, 303, 279, 1, 5, 1
308, 2, 705, 386, 303, 279, 1, 5, 1
309, 2, 705, 386, 303, 279, 1, 5, 1
310, 2, 705, 386, 303, 279, 1, 5, 1
311, 2, 705, 386, 303, 279, 1, 5, 1
312, 2, 705, 386, 303, 279, 1, 5, 1
313, 2, 705, 386, 303, 279, 1, 5, 1
314, 2, 705, 386, 303, 279, 1, 5, 1
315, 2, 705, 386, 303, 279, 1, 5, 1
316, 2, 705, 386, 303, 279, 1, 5, 1
317, 2, 705, 386, 303, 279, 1, 5, 1
318, 2, 705, 386, 303, 279, 1, 5, 1
319, 2, 705, 386, 303, 279, 1, 5, 1
320, 2, 705, 386, 303, 279, 1, 5, 1
321, 2, 705, 386, 303, 279, 1, 5, 1
322, 2, 705, 386, 303, 279, 1, 5, 1
323, 2, 705, 386, 303, 279, 1, 5, 1
324, 2, 705, 386, 303, 279, 1, 5, 1
325, 2, 705, 386, 303, 279, 1, 5, 1
326, 2, 705, 386, 303, 279, 1, 5, 1
327, 2, 705, 386, 303, 279, 1, 5, 1
328, 2, 705, 386, 303, 279, 1, 5, 1
329, 2, 705, 386, 303, 279, 1, 5, 1
330, 2, 705, 386, 303, 279, 1, 5, 1
331, 2, 705, 386, 303, 279, 1, 5, 1
332, 2, 705, 386, 303, 279, 1, 5, 1
333, 2, 705, 386, 303, 279, 1, 5, 1
334, 2, 705, 386, 303, 279, 1, 5, 1
335, 2, 705, 386, 303, 279, 1, 5, 1
336, 2, 705, 386, 303, 279, 1, 5, 1
337, 2, 705, 386, 303, 279, 1, 5, 1
338, 2, 705, 386, 303, 279, 1, 5, 1
339, 2, 705, 386, 303, 279, 1, 5, 1
340, 2, 705, 386, 303, 279, 1, 5, 1
341, 2, 705, 386, 303, 279, 1, 5, 1
342, 2, 705, 386, 303, 279, 1, 5, 1
343, 2, 705, 386, 303, 279, 1, 5, 1
344, 2, 705, 386, 303, 279, 1, 5, 1
345, 2, 705, 386, 303, 279, 1, 5, 1
346, 2, 705, 386, 303, 279, 1, 5, 1
347, 2, 705, 386, 303, 279, 1, 5, 1
348, 2, 705, 386, 303, 279, 1, 5, 1
349, 2, 705, 386, 303, 279, 1, 5, 1
350, 2, 705, 386, 303, 279, 1, 5, 1
351, 2, 705, 386, 303, 279, 1, 5, 1
352, 2, 705, 386, 303, 279, 1, 5, 1
353, 2, 705, 386, 303, 279, 1, 5, 1
354, 2, 705, 386, 303, 279, 1, 5, 1
355, 2, 705, 386, 303, 279, 1, 5, 1
356, 2, 705, 386, 303, 279, 1, 5, 1
357, 2, 705, 386, 303, 279, 1, 5, 1
358, 2, 705, 386, 303, 279, 1, 5, 1
359, 2, 705, 386, 303, 279, 1, 5, 1
360, 2, 705, 386, 303, 279, 1, 5, 1
361, 2, 705, 386, 303, 279, 1, 5, 1
362, 2, 705, 386, 303, 279, 1, 5, 1
363, 2, 705, 386, 303, 279, 1, 5, 1
364, 2, 705, 386, 303, 279, 1, 5, 1
365, 2, 705, 386, 303, 279, 1, 5, 1
366, 2, 705, 386, 303, 279, 1, 5, 1
367, 2, 705, 386, 303, 279, 1, 5, 1
368, 2, 705, 386, 303, 279, 1, 5, 1
369, 2, 705, 386, 303, 279, 1, 5, 1
370, 2, 705, 386, 303, 279, 1, 5, 1
371, 2, 705, 386, 303, 279, 1, 5, 1
372, 2, 705, 386, 303, 279, 1, 5, 1
373, 2, 705, 386, 303, 279, 1, 5, 1
374, 2, 705, 386, 303, 279, 1, 5, 1
375, 2, 705, 386, 303, 279, 1, 5, 1
376, 2, 705, 386, 303, 279, 1, 5, 1
377, 2, 705, 386, 303, 279, 1, 5, 1
378, 2, 705, 386, 303, 279, 1, 5, 1
379, 2, 705, 386, 303, 279, 1, 5, 1
380, 2, 705, 386, 303, 279, 1, 5, 1
381, 2, 705, 386, 303, 279, 1, 5, 1
382, 2, 705, 386, 303, 279, 1, 5, 1
383, 2, 705, 386, 303, 279, 1, 5, 1
384, 2, 705, 386, 303, 279, 1, 5, 1
385, 2, 705, 386, 303, 279, 1, 5, 1
386, 2, 705, 386, 303, 279, 1, 5, 1
387, 2, 705, 386, 303, 279, 1, 5, 1
388, 2, 705, 386, 303, 279, 1, 5, 1
389, 2, 705, 386, 303, 279, 1, 5, 1
390, 2, 705, 386, 303, 279, 1, 5, 1
391, 2, 705, 386, 303, 279, 1, 5, 1
392, 2, 705, 386, 303, 279, 1, 5, 1
393, 2, 705, 386, 303, 279, 1, 5, 1
394, 2, 705, 386, 303, 279, 1, 5, 1
395, 2, 705, 386, 303, 279, 1, 5, 1
396, 2, 705, 386, 303, 279, 1, 5, 1
397, 2, 705, 386, 303, 279, 1, 5, 1
398, 2, 705, 386, 303, 279, 1, 5, 1
399, 2, 705, 386, 303, 279, 1, 5, 1
400, 2, 705, 386, 303, 279, 1, 5, 1
401, 2, 705, 386, 303, 279, 1, 5, 1
402, 2, 705, 386, 303, 279, 1, 5, 1
403, 2, 705, 386, 303, 279, 1, 5, 1
404, 2, 705, 386, 303, 279, 1, 5, 1
405, 2, 705, 386, 303, 279, 1, 5, 1
406, 2, 705, 386, 303, 279, 1, 5, 1
407, 2, 705, 386, 303, 279, 1, 5, 1
408, 2, 705, 386, 303, 279, 1, 5, 1
409, 2, 705, 386, 303, 279, 1, 5, 1
410, 2, 705, 386, 303, 279, 1, 5, 1
411, 2, 705, 386, 303, 279, 1, 5, 1
412, 2, 705, 386, 303, 279, 1, 5, 1
413, 2, 705, 386, 303, 279, 1, 5, 1
414, 2, 705, 386, 303, 279, 1, 5, 1
415, 2, 705, 386, 303, 279, 1, 5, 1
416, 2, 705, 386, 303, 279, 1, 5, 1
417, 2, 705, 386, 303, 279, 1, 5, 1
418, 2, 705, 386, 303, 279, 1, 5, 1
419, 2, 705, 386, 303, 279, 1, 5, 1
420, 2, 705, 386, 303, 279, 1, 5, 1
421, 2, 710, 381, 303, 279, 1, 5, 1
422, 2, 710, 381, 303, 279, 1, 5, 1
423, 2, 710, 381, 303, 279, 1, 5, 1
424, 2, 710, 381, 303, 279, 1, 5, 1
425, 2, 710, 381, 303, 279, 1, 5, 1
426, 2, 710, 381, 303, 279, 1, 5, 1
427, 2, 710, 381, 303, 279, 1, 5, 1
428, 2, 710, 381, 303, 279, 1, 5, 1
429, 2, 710, 381, 303, 279, 1, 5, 1
430, 2, 710, 381, 303, 279, 1, 5, 1
431, 2, 710, 381, 303, 279, 1, 5, 1
432, 2, 710, 381, 303, 279, 1, 5, 1
433, 2, 710, 381, 303, 279, 1, 5, 1
434, 2, 710, 381, 303, 279, 1, 5, 1
435, 2, 710, 381, 303, 279, 1, 5, 1
436, 2, 710, 381, 303, 279, 1, 5, 1
437, 2, 710, 381, 303, 279, 1, 5, 1
438, 2, 710, 381, 303, 279, 1, 5, 1
439, 2, 710, 381, 303, 279, 1, 5, 1
440, 2, 710, 381, 303, 279, 1, 5, 1
441, 2, 710, 381, 303, 279, 1, 5, 1
442, 2, 710, 381, 303, 279, 1, 5, 1
443, 2, 710, 381, 303, 279, 1, 5, 1
444, 2, 710, 381, 303, 279, 1, 5, 1
445, 2, 710, 381, 303, 279, 1, 5, 1
446, 2, 710, 381, 303, 279, 1, 5, 1
447, 2, 710, 381, 303, 279, 1, 5, 1
448, 2, 710, 381, 303, 279, 1, 5, 1
449, 2, 710, 381, 303, 279, 1, 5, 1
450, 2, 710, 381, 303, 279, 1, 5, 1
451, 2, 710, 381, 303, 279, 1, 5, 1
452, 2, 710, 381, 303, 279, 1, 5, 1
453, 2, 710, 381, 303, 279, 1, 5, 1
454, 2, 710, 381, 303, 279, 1, 5, 1
455, 2, 710, 381, 303, 279, 1, 5, 1
456, 2, 710, 381, 303, 279, 1, 5, 1
457, 2, 710, 381, 303, 279, 1, 5, 1
458, 2, 710, 381, 303, 279, 1, 5, 1
459, 2, 710, 381, 303, 279, 1, 5, 1
460, 2, 710, 381, 303, 279, 1, 5, 1
461, 2, 710, 381, 303, 279, 1, 5, 1
462, 2, 710, 381, 303, 279, 1, 5, 1
463, 2, 710, 381, 303, 279, 1, 5, 1
464, 2, 710, 381, 303, 279, 1, 5, 1
465, 2, 710, 381, 303, 279, 1, 5, 1
466, 2, 710, 381, 303, 279, 1, 5, 1
467, 2, 710, 381, 303, 279, 1, 5, 1
468, 2, 710, 381, 303, 279, 1, 5, 1
469, 2, 710, 381, 303, 279, 1, 5, 1
470, 2, 710, 381, 303, 279, 1, 5, 1
471, 2, 710, 381, 303, 279, 1, 5, 1
472, 2, 710, 381, 303, 279, 1, 5, 1
473, 2, 710, 381, 303, 279, 1, 5, 1
474, 2, 710, 381, 303, 279, 1, 5, 1
475, 2, 710, 381, 303, 279, 1, 5, 1
476, 2, 710, 381, 303, 279, 1, 5, 1
477, 2, 710, 381, 303, 279, 1, 5, 1
478, 2, 710, 381, 303, 279, 1, 5, 1
479, 2, 710, 381, 303, 279, 1, 5, 1
480, 2, 710, 381, 303, 279, 1, 5, 1
481, 2, 710, 381, 303, 279, 1, 5, 1
482, 2, 710, 381, 303, 279, 1, 5, 1
483, 2, 710, 381, 303, 279, 1, 5, 1
484, 2, 710, 381, 303, 279, 1, 5, 1
485, 2, 710, 381, 303, 279, 1, 5, 1
486, 2, 710, 381, 303, 279, 1, 5, 1
487, 2, 710, 381, 303, 279, 1, 5, 1
488, 2, 710, 381, 303, 279, 1, 5, 1
489, 2, 710, 381, 303, 279, 1, 5, 1
490, 2, 710, 381, 303, 279, 1, 5, 1
491, 2, 710, 381, 303, 279, 1, 5, 1
492, 2, 710, 381, 303, 279, 1, 5, 1
493, 2, 710, 381, 303, 279, 1, 5, 1
494, 2, 710, 381, 303, 279, 1, 5, 1
495, 2, 710, 381, 303, 279, 1, 5, 1
496, 2, 710, 381, 303, 279, 1, 5, 1
497, 2, 710, 381, 303, 279, 1, 5, 1
498, 2, 710, 381, 303, 279, 1, 5, 1
499, 2, 710, 381, 303, 279, 1, 5, 1
500, 2, 710, 381, 303, 279, 1, 5, 1
501, 2, 710, 381, 303, 279, 1, 5, 1
502, 2, 710, 381, 303, 279, 1, 5, 1
503, 2, 710, 381, 303, 279, 1, 5, 1
504, 2, 710, 381, 303, 279, 1, 5, 1
505, 2, 710, 381, 303, 279, 1, 5, 1
506, 2, 710, 381, 303, 279, 1, 5, 1
507, 2, 710, 381, 303, 279, 1, 5, 1
508, 2, 710, 381, 303, 279, 1, 5, 1
509, 2, 710, 381, 303, 279, 1, 5, 1
510, 2, 710, 381, 303, 279, 1, 5, 1
511, 2, 710, 381, 303, 279, 1, 5, 1
512, 2, 710, 381, 303, 279, 1, 5, 1
513, 2, 710, 381, 303, 279, 1, 5, 1
514, 2, 710, 381, 303, 279, 1, 5, 1
515, 2, 710, 381, 303, 279, 1, 5, 1
516, 2, 710, 381, 303, 279, 1, 5, 1
517, 2, 710, 381, 303, 279, 1, 5, 1
518, 2, 710, 381, 303, 279, 1, 5, 1
519, 2, 710, 381, 303, 279, 1, 5, 1
520, 2, 710, 381, 303, 279, 1, 5, 1
521, 2, 710, 381, 303, 279, 1, 5, 1
522, 2, 710, 381, 303, 279, 1, 5, 1
523, 2, 710, 381, 303, 279, 1, 5, 1
524, 2, 710, 381, 303, 279, 1, 5, 1
525, 2, 710, 381, 303, 279, 1, 5, 1
526, 2, 710, 381, 303, 279, 1, 5, 1
527, 2, 710, 381, 303, 279, 1, 5, 1
528, 2, 710, 381, 303, 279, 1, 5, 1
529, 2, 710, 381, 303, 279, 1, 5, 1
530, 2, 710, 381, 303, 279, 1, 5, 1
531, 2, 710, 381, 303, 279, 1, 5, 1
532, 2, 710, 381, 303, 279, 1, 5, 1
533, 2, 710, 381, 303, 279, 1, 5, 1
534, 2, 710, 381, 303, 279, 1, 5, 1
535, 2, 710, 381, 303, 279, 1, 5, 1
536, 2, 710, 381, 303, 279, 1, 5, 1
537, 2, 710, 381, 303, 279, 1, 5, 1
538, 2, 710, 381, 303, 279, 1, 5, 1
539, 2, 710, 381, 303, 279, 1, 5, 1
540, 2, 710, 381, 303, 279, 1, 5, 1
541, 2, 710, 381, 303, 279, 1, 5, 1
542, 2, 710, 381, 303, 279, 1, 5, 1
543, 2, 710, 381, 303, 279, 1, 5, 1
544, 2, 710, 381, 303, 279, 1, 5, 1
545, 2, 710, 381, 303, 279, 1, 5, 1
546, 2, 710, 381, 303, 279, 1, 5, 1
547, 2, 710, 381, 303, 279, 1, 5, 1
548, 2, 710, 381, 303, 279, 1, 5, 1
549, 2, 710, 381, 303, 279, 1, 5, 1
550, 2, 710, 381, 303, 279, 1, 5, 1
551, 2, 710, 381, 303, 279, 1, 5, 1
552, 2, 710, 381, 303, 279, 1, 5, 1
553, 2, 710, 381, 303, 279, 1, 5, 1
554, 2, 710, 381, 303, 279, 1, 5, 1
555, 2, 710, 381, 303, 279, 1, 5, 1
556, 2, 710, 381, 303, 279, 1, 5, 1
557, 2, 710, 381, 303, 279, 1, 5, 1
558, 2, 710, 381, 303, 279, 1, 5, 1
559, 2, 710, 381, 303, 279, 1, 5, 1
560, 2, 710, 381, 303, 279, 1, 5, 1
561, 2, 710, 381, 303, 279, 1, 5, 1
562, 2, 710, 381, 303, 279, 1, 5, 1
563, 2, 710, 381, 303, 279, 1, 5, 1
564, 2, 710, 381, 303, 279, 1, 5, 1
565, 2, 710, 381, 303, 279, 1, 5, 1
566, 2, 710, 381, 303, 279, 1, 5, 1
567, 2, 710, 381, 303, 279, 1, 5, 1
568, 2, 710, 381, 303, 279, 1, 5, 1
569, 2, 710, 381, 303, 279, 1, 5, 1
570, 2, 710, 381, 303, 279, 1, 5, 1
571, 2, 710, 381, 303, 279, 1, 5, 1
572, 2, 710, 381, 303, 279, 1, 5, 1
573, 2, 710, 381, 303, 279, 1, 5, 1
574, 2, 710, 381, 303, 279, 1, 5, 1
575, 2, 710, 381, 303, 279, 1, 5, 1
576, 2, 710, 381, 303, 279, 1, 5, 1
577, 2, 710, 381, 303, 279, 1, 5, 1
578, 2, 710, 381, 303, 279, 1, 5, 1
579, 2, 710, 381, 303, 279, 1, 5, 1
580, 2, 710, 381, 303, 279, 1, 5, 1
581, 2, 710, 381, 303, 279, 1, 5, 1
582, 2, 710, 381, 303, 279, 1, 5, 1
583, 2, 710, 381, 303, 279, 1, 5, 1
584, 2, 710, 381, 303, 279, 1, 5, 1
585, 2, 710, 381, 303, 279, 1, 5, 1
586, 2, 710, 381, 303, 279, 1, 5, 1
587, 2, 710, 381, 303, 279, 1, 5, 1
588, 2, 710, 381, 303, 279, 1, 5, 1
589, 2, 710, 381, 303, 279, 1, 5, 1
590, 2, 710, 381, 303, 279, 1, 5, 1
591, 2, 710, 381, 303, 279, 1, 5, 1
592, 2, 710, 381, 303, 279, 1, 5, 1
593, 2, 710, 381, 303, 279, 1, 5, 1
594, 2, 710, 381, 303, 279, 1, 5, 1
595, 2, 710, 381, 303, 279, 1, 5, 1
596, 2, 710, 381, 303, 279, 1, 5, 1
597, 2, 710, 381, 303, 279, 1, 5, 1
598, 2, 710, 381, 303, 279, 1, 5, 1
599, 2, 710, 381, 303, 279, 1, 5, 1
600, 2, 710, 381, 303, 279, 1, 5, 1
601, 2, 710, 381, 303, 279, 1, 5, 1
602, 2, 710, 381, 303, 279, 1, 5, 1
603, 2, 710, 381, 303, 279, 1, 5, 1
604, 2, 710, 381, 303, 279, 1, 5, 1
605, 2, 710, 381, 303, 279, 1, 5, 1
606, 2, 710, 381, 303, 279, 1, 5, 1
607, 2, 710, 381, 303, 279, 1, 5, 1
608, 2, 710, 381, 303, 279, 1, 5, 1
609, 2, 710, 381, 303, 279, 1, 5, 1
610, 2, 710, 381, 303, 279, 1, 5, 1
611, 2, 710, 381, 303, 279, 1, 5, 1
612, 2, 710, 381, 303, 279, 1, 5, 1
613, 2, 710, 381, 303, 279, 1, 5, 1
614, 2, 710, 381, 303, 279, 1, 5, 1
615, 2, 710, 381, 303, 279, 1, 5, 1
616, 2, 710, 381, 303, 279, 1, 5, 1
617, 2, 710, 381, 303, 279, 1, 5, 1
618, 2, 710, 381, 303, 279, 1, 5, 1
619, 2, 710, 381, 303, 279, 1, 5, 1
620, 2, 710, 381, 303, 279, 1, 5, 1
621, 2, 710, 381, 303, 279, 1, 5, 1
622, 2, 710, 381, 303, 279, 1, 5, 1
623, 2, 710, 381, 303, 279, 1, 5, 1
624, 2, 710, 381, 303, 279, 1, 5, 1
625, 2, 710, 381, 303, 279, 1, 5, 1
626, 2, 710, 381, 303, 279, 1, 5, 1
627, 2, 710, 381, 303, 279, 1, 5, 1
628, 2, 710, 381, 303, 279, 1, 5, 1
629, 2, 710, 381, 303, 279, 1, 5, 1
630, 2, 710, 381, 303, 279, 1, 5, 1
631, 2, 710, 381, 303, 279, 1, 5, 1
632, 2, 710, 381, 303, 279, 1, 5, 1
633, 2, 710, 381, 303, 279, 1, 5, 1
634, 2, 710, 381, 303, 279, 1, 5, 1
635, 2, 710, 381, 303, 279, 1, 5, 1
636, 2, 710, 381, 303, 279, 1, 5, 1
637, 2, 710, 381, 303, 279, 1, 5, 1
638, 2, 710, 381, 303, 279, 1, 5, 1
639, 2, 710, 381, 303, 279, 1, 5, 1
640, 2, 710, 381, 303, 279, 1, 5, 1
641, 2, 710, 381, 303, 279, 1, 5, 1
642, 2, 710, 381, 303, 279, 1, 5, 1
643, 2, 710, 381, 303, 279, 1, 5, 1
644, 2, 710, 381, 303, 279, 1, 5, 1
645, 2, 710, 381, 303, 279, 1, 5, 1
646, 2, 710, 381, 303, 279, 1, 5, 1
647, 2, 710, 381, 303, 279, 1, 5, 1
648, 2, 710, 381, 303, 279, 1, 5, 1
649, 2, 710, 381, 303, 279, 1, 5, 1
650, 2, 710, 381, 303, 279, 1, 5, 1
651, 2, 710, 381, 303, 279, 1, 5, 1
652, 2, 710, 381, 303, 279, 1, 5, 1
653, 2, 710, 381, 303, 279, 1, 5, 1
654, 2, 710, 381, 303, 279, 1, 5, 1
655, 2, 710, 381, 303, 279, 1, 5, 1
656, 2, 710, 381, 303, 279, 1, 5, 1
657, 2, 710, 381, 303, 279, 1, 5, 1
658, 2, 710, 381, 303, 279, 1, 5, 1
659, 2, 710, 381, 303, 279, 1, 5, 1
660, 2, 710, 381, 303, 279, 1, 5, 1
661, 2, 710, 381, 303, 279, 1, 5, 1
662, 2, 710, 381, 303, 279, 1, 5, 1
663, 2, 710, 381, 303, 279, 1, 5, 1
664, 2, 710, 381, 303, 279, 1, 5, 1
665, 2, 710, 381, 303, 279, 1, 5, 1
666, 2, 710, 381, 303, 279, 1, 5, 1
667, 2, 710, 381, 303, 279, 1, 5, 1
668, 2, 710, 381, 303, 279, 1, 5, 1
669, 2, 710, 381, 303, 279, 1, 5, 1
670, 2, 710, 381, 303, 279, 1, 5, 1
671, 2, 710, 381, 303, 279, 1, 5, 1
672, 2, 710, 381, 303, 279, 1, 5, 1
673, 2, 710, 381, 303, 279, 1, 5, 1
674, 2, 710, 381, 303, 279, 1, 5, 1
675, 2, 710, 381, 303, 279, 1, 5, 1
676, 2, 710, 381, 303, 279, 1, 5, 1
677, 2, 710, 381, 303, 279, 1, 5, 1
678, 2, 710, 381, 303, 279, 1, 5, 1
679, 2, 710, 381, 303, 279, 1, 5, 1
680, 2, 710, 381, 303, 279, 1, 5, 1
681, 2, 710, 381, 303, 279, 1, 5, 1
682, 2, 710, 381, 303, 279, 1, 5, 1
683, 2, 710, 381, 303, 279, 1, 5, 1
684, 2, 710, 381, 303, 279, 1, 5, 1
685, 2, 710, 381, 303, 279, 1, 5, 1
686, 2, 710, 381, 303, 279, 1, 5, 1
687, 2, 710, 381, 303, 279, 1, 5, 1
688, 2, 710, 381, 303, 279, 1, 5, 1
689, 2, 710, 381, 303, 279, 1, 5, 1
690, 2, 710, 381, 303, 279, 1, 5, 1
691, 2, 710, 381, 303, 279, 1, 5, 1
692, 2, 710, 381, 303, 279, 1, 5, 1
693, 2, 710, 381, 303, 279, 1, 5, 1
694, 2, 710, 381, 303, 279, 1, 5, 1
695, 2, 710, 381, 303, 279, 1, 5, 1
696, 2, 710, 381, 303, 279, 1, 5, 1
697, 2, 710, 381, 303, 279, 1, 5, 1
698, 2, 710, 381, 303, 279, 1, 5, 1
699, 2, 710, 381, 303, 279, 1, 5, 1
700, 2, 710, 381, 303, 279, 1, 5, 1
701, 2, 710, 381, 303, 279, 1, 5, 1
702, 2, 710, 381, 303, 279, 1, 5, 1
703, 2, 710, 381, 303, 279, 1, 5, 1
704, 2, 710, 381, 303, 279, 1, 5, 1
705, 2, 710, 381, 303, 279, 1, 5, 1
706, 2, 710, 381, 303, 279, 1, 5, 1
707, 2, 710, 381, 303, 279, 1, 5, 1
708, 2, 710, 381, 303, 279, 1, 5, 1
709, 2, 710, 381, 303, 279, 1, 5, 1
710, 2, 710, 381, 303, 279, 1, 5, 1
711, 2, 710, 381, 303, 279, 1, 5, 1
712, 2, 710, 381, 303, 279, 1, 5, 1
713, 2, 710, 381, 303, 279, 1, 5, 1
714, 2, 710, 381, 303, 279, 1, 5, 1
715, 2, 710, 381, 303, 279, 1, 5, 1
716, 2, 710, 381, 303, 279, 1, 5, 1
717, 2, 710, 381, 303, 279, 1, 5, 1
718, 2, 710, 381, 303, 279, 1, 5, 1
719, 2, 710, 381, 303, 279, 1, 5, 1
720, 2, 710, 381, 303, 279, 1, 5, 1
721, 2, 710, 381, 303, 279, 1, 5, 1
722, 2, 710, 381, 303, 279, 1, 5, 1
723, 2, 710, 381, 303, 279, 1, 5, 1
724, 2, 710, 381, 303, 279, 1, 5, 1
725, 2, 710, 381, 303, 279, 1, 5, 1
726, 2, 710, 381, 303, 279, 1, 5, 1
727, 2, 710, 381, 303, 279, 1, 5, 1
728, 2, 710, 381, 303, 279, 1, 5, 1
729, 2, 710, 381, 303, 279, 1, 5, 1
730, 2, 710, 381, 303, 279, 1, 5, 1
731, 2, 710, 381, 303, 279, 1, 5, 1
732, 2, 710, 381, 303, 279, 1, 5, 1
733, 2, 710, 381, 303, 279, 1, 5, 1
734, 2, 710, 381, 303, 279, 1, 5, 1
735, 2, 710, 381, 303, 279, 1, 5, 1
736, 2, 710, 381, 303, 279, 1, 5, 1
737, 2, 710, 381, 303, 279, 1, 5, 1
738, 2, 710, 381, 303, 279, 1, 5, 1
739, 2, 710, 381, 303, 279, 1, 5, 1
740, 2, 710, 381, 303, 279, 1, 5, 1
741, 2, 710, 381, 303, 279, 1, 5, 1
742, 2, 710, 381, 303, 279, 1, 5, 1
743, 2, 710, 381, 303, 279, 1, 5, 1
744, 2, 710, 381, 303, 279, 1, 5, 1
745, 2, 710, 381, 303, 279, 1, 5, 1
746, 2, 710, 381, 303, 279, 1, 5, 1
747, 2, 710, 381, 303, 279, 1, 5, 1
748, 2, 710, 381, 303, 279, 1, 5, 1
749, 2, 710, 381, 303, 279, 1, 5, 1
750, 2, 710, 381, 303, 279, 1, 5, 1
1, 3, 958, 379, 477, 274, 1, 5, 1
2, 3, 958, 379, 477, 274, 1, 5, 1
3, 3, 958, 379, 477, 274, 1, 5, 1
4, 3, 958, 379, 477, 274, 1, 5, 1
5, 3, 958, 379, 477, 274, 1, 5, 1
6, 3, 958, 379, 477, 274, 1, 5, 1
7, 3, 958, 379, 477, 274, 1, 5, 1
8, 3, 958, 379, 477, 274, 1, 5, 1
9, 3, 958, 379, 477, 274, 1, 5, 1
10, 3, 958, 379, 477, 274, 1, 5, 1
11, 3, 958, 379, 477, 274, 1, 5, 1
12, 3, 958, 379, 477, 274, 1, 5, 1
13, 3, 958, 379, 477, 274, 1, 5, 1
14, 3, 958, 379, 477, 274, 1, 5, 1
15, 3, 958, 379, 477, 274, 1, 5, 1
16, 3, 958, 379, 477, 274, 1, 5, 1
17, 3, 958, 379, 477, 274, 1, 5, 1
18, 3, 958, 379, 477, 274, 1, 5, 1
19, 3, 958, 379, 477, 274, 1, 5, 1
20, 3, 958, 379, 477, 274, 1, 5, 1
21, 3, 958, 379, 477, 274, 1, 5, 1
22, 3, 958, 379, 477, 274, 1, 5, 1
23, 3, 958, 379, 477, 274, 1, 5, 1
24, 3, 958, 379, 477, 274, 1, 5, 1
25, 3, 958, 379, 477, 274, 1, 5, 1
26, 3, 958, 379, 477, 274, 1, 5, 1
27, 3, 958, 379, 477, 274, 1, 5, 1
28, 3, 958, 379, 477, 274, 1, 5, 1
29, 3, 958, 379, 477, 274, 1, 5, 1
30, 3, 958, 379, 477, 274, 1, 5, 1
31, 3, 958, 379, 477, 274, 1, 5, 1
32, 3, 958, 379, 477, 274, 1, 5, 1
33, 3, 958, 379, 477, 274, 1, 5, 1
34, 3, 958, 379, 477, 274, 1, 5, 1
35, 3, 958, 379, 477, 274, 1, 5, 1
36, 3, 958, 379, 477, 274, 1, 5, 1
37, 3, 958, 379, 477, 274, 1, 5, 1
38, 3, 958, 379, 477, 274, 1, 5, 1
39, 3, 958, 379, 477, 274, 1, 5, 1
40, 3, 958, 379, 477, 274, 1, 5, 1
41, 3, 958, 379, 477, 274, 1, 5, 1
42, 3, 958, 379, 477, 274, 1, 5, 1
43, 3, 958, 379, 477, 274, 1, 5, 1
44, 3, 958, 379, 477, 274, 1, 5, 1
45, 3, 958, 379, 477, 274, 1, 5, 1
46, 3, 958, 379, 477, 274, 1, 5, 1
47, 3, 958, 379, 477, 274, 1, 5, 1
48, 3, 958, 379, 477, 274, 1, 5, 1
49, 3, 958, 379, 477, 274, 1, 5, 1
50, 3, 958, 379, 477, 274, 1, 5, 1
51, 3, 958, 379, 477, 274, 1, 5, 1
52, 3, 958, 379, 477, 274, 1, 5, 1
53, 3, 958, 379, 477, 274, 1, 5, 1
54, 3, 958, 379, 477, 274, 1, 5, 1
55, 3, 958, 379, 477, 274, 1, 5, 1
56, 3, 958, 379, 477, 274, 1, 5, 1
57, 3, 958, 379, 477, 274, 1, 5, 1
58, 3, 958, 379, 477, 274, 1, 5, 1
59, 3, 958, 379, 477, 274, 1, 5, 1
60, 3, 958, 379, 477, 274, 1, 5, 1
61, 3, 958, 379, 477, 274, 1, 5, 1
62, 3, 958, 379, 477, 274, 1, 5, 1
63, 3, 958, 379, 477, 274, 1, 5, 1
64, 3, 958, 379, 477, 274, 1, 5, 1
65, 3, 958, 379, 477, 274, 1, 5, 1
66, 3, 958, 379, 477, 274, 1, 5, 1
67, 3, 958, 379, 477, 274, 1, 5, 1
68, 3, 958, 379, 477, 274, 1, 5, 1
69, 3, 958, 379, 477, 274, 1, 5, 1
70, 3, 958, 379, 477, 274, 1, 5, 1
71, 3, 958, 379, 477, 274, 1, 5, 1
72, 3, 958, 379, 477, 274, 1, 5, 1
73, 3, 958, 379, 477, 274, 1, 5, 1
74, 3, 958, 379, 477, 274, 1, 5, 1
75, 3, 958, 379, 477, 274, 1, 5, 1
76, 3, 958, 379, 477, 274, 1, 5, 1
77, 3, 958, 379, 477, 274, 1, 5, 1
78, 3, 958, 379, 477, 274, 1, 5, 1
79, 3, 958, 379, 477, 274, 1, 5, 1
80, 3, 958, 379, 477, 274, 1, 5, 1
81, 3, 958, 379, 477, 274, 1, 5, 1
82, 3, 958, 379, 477, 274, 1, 5, 1
83, 3, 958, 379, 477, 274, 1, 5, 1
84, 3, 958, 379, 477, 274, 1, 5, 1
85, 3, 958, 379, 477, 274, 1, 5, 1
86, 3, 958, 379, 477, 274, 1, 5, 1
87, 3, 958, 379, 477, 274, 1, 5, 1
88, 3, 958, 379, 477, 274, 1, 5, 1
89, 3, 958, 379, 477, 274, 1, 5, 1
90, 3, 958, 379, 477, 274, 1, 5, 1
91, 3, 958, 379, 477, 274, 1, 5, 1
92, 3, 958, 379, 477, 274, 1, 5, 1
93, 3, 958, 379, 477, 274, 1, 5, 1
94, 3, 958, 379, 477, 274, 1, 5, 1
95, 3, 961, 378, 478, 274, 1, 5, 1
96, 3, 961, 378, 478, 274, 1, 5, 1
97, 3, 961, 378, 478, 274, 1, 5, 1
98, 3, 961, 378, 478, 274, 1, 5, 1
99, 3, 961, 378, 478, 274, 1, 5, 1
100, 3, 961, 378, 478, 274, 1, 5, 1
101, 3, 961, 378, 478, 274, 1, 5, 1
102, 3, 961, 378, 478, 274, 1, 5, 1
103, 3, 961, 378, 478, 274, 1, 5, 1
104, 3, 961, 378, 478, 274, 1, 5, 1
105, 3, 961, 378, 478, 274, 1, 5, 1
106, 3, 961, 378, 478, 274, 1, 5, 1
107, 3, 961, 378, 478, 274, 1, 5, 1
108, 3, 961, 378, 478, 274, 1, 5, 1
109, 3, 961, 378, 478, 274, 1, 5, 1
110, 3, 961, 378, 478, 274, 1, 5, 1
111, 3, 961, 378, 478, 274, 1, 5, 1
112, 3, 961, 378, 478, 274, 1, 5, 1
113, 3, 961, 378, 478, 274, 1, 5, 1
114, 3, 961, 378, 478, 274, 1, 5, 1
115, 3, 961, 378, 478, 274, 1, 5, 1
116, 3, 961, 378, 478, 274, 1, 5, 1
117, 3, 973, 378, 478, 274, 1, 5, 1
118, 3, 973, 378, 478, 274, 1, 5, 1
119, 3, 973, 378, 478, 274, 1, 5, 1
120, 3, 973, 378, 478, 274, 1, 5, 1
121, 3, 973, 378, 478, 274, 1, 5, 1
122, 3, 973, 378, 478, 274, 1, 5, 1
123, 3, 973, 378, 478, 274, 1, 5, 1
124, 3, 973, 378, 478, 274, 1, 5, 1
125, 3, 973, 378, 478, 274, 1, 5, 1
126, 3, 973, 378, 478, 274, 1, 5, 1
127, 3, 973, 378, 478, 274, 1, 5, 1
128, 3, 973, 378, 478, 274, 1, 5, 1
129, 3, 973, 378, 478, 274, 1, 5, 1
130, 3, 973, 378, 478, 274, 1, 5, 1
131, 3, 973, 378, 478, 274, 1, 5, 1
132, 3, 973, 378, 478, 274, 1, 5, 1
133, 3, 973, 378, 478, 274, 1, 5, 1
134, 3, 973, 378, 478, 274, 1, 5, 1
135, 3, 973, 378, 478, 274, 1, 5, 1
136, 3, 973, 378, 478, 274, 1, 5, 1
137, 3, 973, 378, 478, 274, 1, 5, 1
138, 3, 973, 378, 478, 274, 1, 5, 1
139, 3, 973, 378, 478, 274, 1, 5, 1
140, 3, 973, 378, 478, 274, 1, 5, 1
141, 3, 973, 378, 478, 274, 1, 5, 1
142, 3, 973, 378, 478, 274, 1, 5, 1
143, 3, 973, 378, 478, 274, 1, 5, 1
144, 3, 973, 378, 478, 274, 1, 5, 1
145, 3, 973, 378, 478, 274, 1, 5, 1
146, 3, 973, 378, 478, 274, 1, 5, 1
147, 3, 973, 378, 478, 274, 1, 5, 1
148, 3, 973, 378, 478, 274, 1, 5, 1
149, 3, 973, 378, 478, 274, 1, 5, 1
150, 3, 973, 378, 478, 274, 1, 5, 1
151, 3, 973, 378, 478, 274, 1, 5, 1
152, 3, 973, 378, 478, 274, 1, 5, 1
153, 3, 973, 378, 478, 274, 1, 5, 1
154, 3, 973, 378, 478, 274, 1, 5, 1
155, 3, 973, 378, 478, 274, 1, 5, 1
156, 3, 973, 378, 478, 274, 1, 5, 1
157, 3, 973, 378, 478, 274, 1, 5, 1
158, 3, 973, 378, 478, 274, 1, 5, 1
159, 3, 973, 378, 478, 274, 1, 5, 1
160, 3, 973, 378, 478, 274, 1, 5, 1
161, 3, 973, 378, 478, 274, 1, 5, 1
162, 3, 973, 378, 478, 274, 1, 5, 1
163, 3, 973, 378, 478, 274, 1, 5, 1
164, 3, 973, 378, 478, 274, 1, 5, 1
165, 3, 973, 378, 478, 274, 1, 5, 1
166, 3, 973, 378, 478, 274, 1, 5, 1
167, 3, 973, 378, 478, 274, 1, 5, 1
168, 3, 973, 378, 478, 274, 1, 5, 1
169, 3, 973, 378, 478, 274, 1, 5, 1
170, 3, 973, 378, 478, 274, 1, 5, 1
171, 3, 973, 378, 478, 274, 1, 5, 1
172, 3, 973, 378, 478, 274, 1, 5, 1
173, 3, 973, 378, 478, 274, 1, 5, 1
174, 3, 973, 378, 478, 274, 1, 5, 1
175, 3, 973, 378, 478, 274, 1, 5, 1
176, 3, 973, 378, 478, 274, 1, 5, 1
177, 3, 973, 378, 478, 274, 1, 5, 1
178, 3, 973, 378, 478, 274, 1, 5, 1
179, 3, 973, 378, 478, 274, 1, 5, 1
180, 3, 973, 378, 478, 274, 1, 5, 1
181, 3, 973, 378, 478, 274, 1, 5, 1
182, 3, 973, 378, 478, 274, 1, 5, 1
183, 3, 973, 378, 478, 274, 1, 5, 1
184, 3, 973, 378, 478, 274, 1, 5, 1
185, 3, 973, 378, 478, 274, 1, 5, 1
186, 3, 973, 378, 478, 274, 1, 5, 1
187, 3, 973, 378, 478, 274, 1, 5, 1
188, 3, 973, 378, 478, 274, 1, 5, 1
189, 3, 973, 378, 478, 274, 1, 5, 1
190, 3, 973, 378, 478, 274, 1, 5, 1
191, 3, 973, 378, 478, 274, 1, 5, 1
192, 3, 973, 378, 478, 274, 1, 5, 1
193, 3, 973, 378, 478, 274, 1, 5, 1
194, 3, 973, 378, 478, 274, 1, 5, 1
195, 3, 973, 378, 478, 274, 1, 5, 1
196, 3, 973, 378, 478, 274, 1, 5, 1
197, 3, 973, 378, 478, 274, 1, 5, 1
198, 3, 973, 378, 478, 274, 1, 5, 1
199, 3, 973, 378, 478, 274, 1, 5, 1
200, 3, 973, 378, 478, 274, 1, 5, 1
201, 3, 973, 378, 478, 274, 1, 5, 1
202, 3, 973, 378, 478, 274, 1, 5, 1
203, 3, 973, 378, 478, 274, 1, 5, 1
204, 3, 965, 380, 478, 274, 1, 5, 1
205, 3, 965, 380, 478, 274, 1, 5, 1
206, 3, 965, 380, 478, 274, 1, 5, 1
207, 3, 965, 380, 478, 274, 1, 5, 1
208, 3, 965, 380, 478, 274, 1, 5, 1
209, 3, 965, 380, 478, 274, 1, 5, 1
210, 3, 965, 380, 478, 274, 1, 5, 1
211, 3, 965, 380, 478, 274, 1, 5, 1
212, 3, 965, 380, 478, 274, 1, 5, 1
213, 3, 965, 380, 478, 274, 1, 5, 1
214, 3, 965, 380, 478, 274, 1, 5, 1
215, 3, 965, 380, 478, 274, 1, 5, 1
216, 3, 965, 380, 478, 274, 1, 5, 1
217, 3, 965, 380, 478, 274, 1, 5, 1
218, 3, 965, 380, 478, 274, 1, 5, 1
219, 3, 958, 382, 477, 274, 1, 5, 1
220, 3, 958, 382, 477, 274, 1, 5, 1
221, 3, 958, 382, 477, 274, 1, 5, 1
222, 3, 958, 382, 477, 274, 1, 5, 1
223, 3, 958, 382, 477, 274, 1, 5, 1
224, 3, 958, 382, 477, 274, 1, 5, 1
225, 3, 958, 382, 477, 274, 1, 5, 1
226, 3, 958, 382, 477, 274, 1, 5, 1
227, 3, 958, 382, 477, 274, 1, 5, 1
228, 3, 958, 382, 477, 274, 1, 5, 1
229, 3, 958, 382, 477, 274, 1, 5, 1
230, 3, 958, 382, 477, 274, 1, 5, 1
231, 3, 958, 382, 477, 274, 1, 5, 1
232, 3, 958, 382, 477, 274, 1, 5, 1
233, 3, 958, 382, 477, 274, 1, 5, 1
234, 3, 958, 382, 477, 274, 1, 5, 1
235, 3, 958, 382, 477, 274, 1, 5, 1
236, 3, 958, 382, 477, 274, 1, 5, 1
237, 3, 958, 382, 477, 274, 1, 5, 1
238, 3, 958, 382, 477, 274, 1, 5, 1
239, 3, 958, 382, 477, 274, 1, 5, 1
240, 3, 958, 382, 477, 274, 1, 5, 1
241, 3, 958, 382, 477, 274, 1, 5, 1
242, 3, 958, 382, 477, 274, 1, 5, 1
243, 3, 958, 382, 477, 274, 1, 5, 1
244, 3, 958, 382, 477, 274, 1, 5, 1
245, 3, 958, 382, 477, 274, 1, 5, 1
246, 3, 958, 382, 477, 274, 1, 5, 1
247, 3, 958, 382, 477, 274, 1, 5, 1
248, 3, 958, 382, 477, 274, 1, 5, 1
249, 3, 958, 382, 477, 274, 1, 5, 1
250, 3, 958, 382, 477, 274, 1, 5, 1
251, 3, 958, 382, 477, 274, 1, 5, 1
252, 3, 958, 382, 477, 274, 1, 5, 1
253, 3, 958, 382, 477, 274, 1, 5, 1
254, 3, 958, 382, 477, 274, 1, 5, 1
255, 3, 958, 382, 477, 274, 1, 5, 1
256, 3, 958, 382, 477, 274, 1, 5, 1
257, 3, 958, 382, 477, 274, 1, 5, 1
258, 3, 958, 382, 477, 274, 1, 5, 1
259, 3, 958, 382, 477, 274, 1, 5, 1
260, 3, 958, 382, 477, 274, 1, 5, 1
261, 3, 958, 382, 477, 274, 1, 5, 1
262, 3, 958, 382, 477, 274, 1, 5, 1
263, 3, 955, 383, 478, 274, 1, 5, 1
264, 3, 955, 383, 478, 274, 1, 5, 1
265, 3, 955, 383, 478, 274, 1, 5, 1
266, 3, 955, 383, 478, 274, 1, 5, 1
267, 3, 955, 383, 478, 274, 1, 5, 1
268, 3, 955, 383, 478, 274, 1, 5, 1
269, 3, 955, 383, 478, 274, 1, 5, 1
270, 3, 955, 383, 478, 274, 1, 5, 1
271, 3, 955, 383, 478, 274, 1, 5, 1
272, 3, 955, 383, 478, 274, 1, 5, 1
273, 3, 955, 383, 478, 274, 1, 5, 1
274, 3, 955, 383, 478, 274, 1, 5, 1
275, 3, 955, 383, 478, 274, 1, 5, 1
276, 3, 955, 383, 478, 274, 1, 5, 1
277, 3, 955, 383, 478, 274, 1, 5, 1
278, 3, 955, 383, 478, 274, 1, 5, 1
279, 3, 955, 383, 478, 274, 1, 5, 1
280, 3, 955, 383, 478, 274, 1, 5, 1
281, 3, 955, 383, 478, 274, 1, 5, 1
282, 3, 955, 383, 478, 274, 1, 5, 1
283, 3, 955, 383, 478, 274, 1, 5, 1
284, 3, 955, 383, 478, 274, 1, 5, 1
285, 3, 955, 383, 478, 274, 1, 5, 1
286, 3, 955, 383, 478, 274, 1, 5, 1
287, 3, 955, 383, 478, 274, 1, 5, 1
288, 3, 955, 383, 478, 274, 1, 5, 1
289, 3, 955, 383, 478, 274, 1, 5, 1
290, 3, 955, 383, 478, 274, 1, 5, 1
291, 3, 955, 383, 478, 274, 1, 5, 1
292, 3, 955, 383, 478, 274, 1, 5, 1
293, 3, 955, 383, 478, 274, 1, 5, 1
294, 3, 955, 383, 478, 274, 1, 5, 1
295, 3, 955, 383, 478, 274, 1, 5, 1
296, 3, 955, 383, 478, 274, 1, 5, 1
297, 3, 955, 383, 478, 274, 1, 5, 1
298, 3, 955, 383, 478, 274, 1, 5, 1
299, 3, 955, 383, 478, 274, 1, 5, 1
300, 3, 955, 383, 478, 274, 1, 5, 1
301, 3, 955, 383, 478, 274, 1, 5, 1
302, 3, 955, 383, 478, 274, 1, 5, 1
303, 3, 955, 383, 478, 274, 1, 5, 1
304, 3, 955, 383, 478, 274, 1, 5, 1
305, 3, 955, 383, 478, 274, 1, 5, 1
306, 3, 955, 383, 478, 274, 1, 5, 1
307, 3, 955, 383, 478, 274, 1, 5, 1
308, 3, 955, 383, 478, 274, 1, 5, 1
309, 3, 955, 383, 478, 274, 1, 5, 1
310, 3, 955, 383, 478, 274, 1, 5, 1
311, 3, 955, 383, 478, 274, 1, 5, 1
312, 3, 955, 383, 478, 274, 1, 5, 1
313, 3, 954, 379, 478, 274, 1, 5, 1
314, 3, 954, 379, 478, 274, 1, 5, 1
315, 3, 954, 379, 478, 274, 1, 5, 1
316, 3, 954, 379, 478, 274, 1, 5, 1
317, 3, 954, 379, 478, 274, 1, 5, 1
318, 3, 954, 379, 478, 274, 1, 5, 1
319, 3, 954, 379, 478, 274, 1, 5, 1
320, 3, 954, 379, 478, 274, 1, 5, 1
321, 3, 954, 379, 478, 274, 1, 5, 1
322, 3, 954, 379, 478, 274, 1, 5, 1
323, 3, 954, 379, 478, 274, 1, 5, 1
324, 3, 954, 379, 478, 274, 1, 5, 1
325, 3, 954, 379, 478, 274, 1, 5, 1
326, 3, 954, 379, 478, 274, 1, 5, 1
327, 3, 954, 379, 478, 274, 1, 5, 1
328, 3, 954, 379, 478, 274, 1, 5, 1
329, 3, 954, 379, 478, 274, 1, 5, 1
330, 3, 954, 379, 478, 274, 1, 5, 1
331, 3, 954, 379, 478, 274, 1, 5, 1
332, 3, 954, 379, 478, 274, 1, 5, 1
333, 3, 954, 379, 478, 274, 1, 5, 1
334, 3, 954, 379, 478, 274, 1, 5, 1
335, 3, 954, 379, 478, 274, 1, 5, 1
336, 3, 954, 379, 478, 274, 1, 5, 1
337, 3, 954, 379, 478, 274, 1, 5, 1
338, 3, 954, 379, 478, 274, 1, 5, 1
339, 3, 954, 379, 478, 274, 1, 5, 1
340, 3, 954, 379, 478, 274, 1, 5, 1
341, 3, 954, 379, 478, 274, 1, 5, 1
342, 3, 954, 379, 478, 274, 1, 5, 1
343, 3, 954, 379, 478, 274, 1, 5, 1
344, 3, 954, 379, 478, 274, 1, 5, 1
345, 3, 954, 379, 478, 274, 1, 5, 1
346, 3, 954, 379, 478, 274, 1, 5, 1
347, 3, 954, 379, 478, 274, 1, 5, 1
348, 3, 954, 379, 478, 274, 1, 5, 1
349, 3, 954, 379, 478, 274, 1, 5, 1
350, 3, 954, 379, 478, 274, 1, 5, 1
351, 3, 954, 379, 478, 274, 1, 5, 1
352, 3, 954, 379, 478, 274, 1, 5, 1
353, 3, 954, 379, 478, 274, 1, 5, 1
354, 3, 954, 379, 478, 274, 1, 5, 1
355, 3, 954, 379, 478, 274, 1, 5, 1
356, 3, 954, 379, 478, 274, 1, 5, 1
357, 3, 954, 379, 478, 274, 1, 5, 1
358, 3, 954, 379, 478, 274, 1, 5, 1
359, 3, 954, 379, 478, 274, 1, 5, 1
360, 3, 954, 379, 478, 274, 1, 5, 1
361, 3, 954, 379, 478, 274, 1, 5, 1
362, 3, 954, 379, 478, 274, 1, 5, 1
363, 3, 954, 379, 478, 274, 1, 5, 1
364, 3, 954, 379, 478, 274, 1, 5, 1
365, 3, 954, 379, 478, 274, 1, 5, 1
366, 3, 954, 379, 478, 274, 1, 5, 1
367, 3, 954, 379, 478, 274, 1, 5, 1
368, 3, 954, 379, 478, 274, 1, 5, 1
369, 3, 954, 379, 478, 274, 1, 5, 1
370, 3, 954, 379, 478, 274, 1, 5, 1
371, 3, 954, 379, 478, 274, 1, 5, 1
372, 3, 954, 379, 478, 274, 1, 5, 1
373, 3, 954, 379, 478, 274, 1, 5, 1
374, 3, 954, 379, 478, 274, 1, 5, 1
375, 3, 954, 379, 478, 274, 1, 5, 1
376, 3, 954, 379, 478, 274, 1, 5, 1
377, 3, 954, 379, 478, 274, 1, 5, 1
378, 3, 954, 379, 478, 274, 1, 5, 1
379, 3, 954, 379, 478, 274, 1, 5, 1
380, 3, 954, 379, 478, 274, 1, 5, 1
381, 3, 954, 379, 478, 274, 1, 5, 1
382, 3, 954, 379, 478, 274, 1, 5, 1
383, 3, 954, 379, 478, 274, 1, 5, 1
384, 3, 954, 379, 478, 274, 1, 5, 1
385, 3, 954, 379, 478, 274, 1, 5, 1
386, 3, 954, 379, 478, 274, 1, 5, 1
387, 3, 954, 379, 478, 274, 1, 5, 1
388, 3, 954, 379, 478, 274, 1, 5, 1
389, 3, 954, 379, 478, 274, 1, 5, 1
390, 3, 954, 379, 478, 274, 1, 5, 1
391, 3, 954, 379, 478, 274, 1, 5, 1
392, 3, 954, 379, 478, 274, 1, 5, 1
393, 3, 954, 379, 478, 274, 1, 5, 1
394, 3, 954, 379, 478, 274, 1, 5, 1
395, 3, 954, 379, 478, 274, 1, 5, 1
396, 3, 954, 379, 478, 274, 1, 5, 1
397, 3, 954, 379, 478, 274, 1, 5, 1
398, 3, 954, 379, 478, 274, 1, 5, 1
399, 3, 954, 379, 478, 274, 1, 5, 1
400, 3, 954, 379, 478, 274, 1, 5, 1
401, 3, 954, 379, 478, 274, 1, 5, 1
402, 3, 954, 379, 478, 274, 1, 5, 1
403, 3, 954, 379, 478, 274, 1, 5, 1
404, 3, 954, 379, 478, 274, 1, 5, 1
405, 3, 954, 379, 478, 274, 1, 5, 1
406, 3, 954, 379, 478, 274, 1, 5, 1
407, 3, 954, 379, 478, 274, 1, 5, 1
408, 3, 954, 379, 478, 274, 1, 5, 1
409, 3, 954, 379, 478, 274, 1, 5, 1
410, 3, 954, 379, 478, 274, 1, 5, 1
411, 3, 954, 379, 478, 274, 1, 5, 1
412, 3, 954, 379, 478, 274, 1, 5, 1
413, 3, 954, 379, 478, 274, 1, 5, 1
414, 3, 954, 379, 478, 274, 1, 5, 1
415, 3, 954, 379, 478, 274, 1, 5, 1
416, 3, 954, 379, 478, 274, 1, 5, 1
417, 3, 954, 379, 478, 274, 1, 5, 1
418, 3, 954, 379, 478, 274, 1, 5, 1
419, 3, 954, 379, 478, 274, 1, 5, 1
420, 3, 954, 379, 478, 274, 1, 5, 1
421, 3, 954, 379, 478, 274, 1, 5, 1
422, 3, 954, 379, 478, 274, 1, 5, 1
423, 3, 954, 379, 478, 274, 1, 5, 1
424, 3, 954, 379, 478, 274, 1, 5, 1
425, 3, 954, 379, 478, 274, 1, 5, 1
426, 3, 954, 379, 478, 274, 1, 5, 1
427, 3, 954, 379, 478, 274, 1, 5, 1
428, 3, 954, 379, 478, 274, 1, 5, 1
429, 3, 954, 379, 478, 274, 1, 5, 1
430, 3, 954, 379, 478, 274, 1, 5, 1
431, 3, 954, 379, 478, 274, 1, 5, 1
432, 3, 954, 379, 478, 274, 1, 5, 1
433, 3, 954, 379, 478, 274, 1, 5, 1
434, 3, 954, 379, 478, 274, 1, 5, 1
435, 3, 954, 379, 478, 274, 1, 5, 1
436, 3, 954, 379, 478, 274, 1, 5, 1
437, 3, 954, 379, 478, 274, 1, 5, 1
438, 3, 954, 379, 478, 274, 1, 5, 1
439, 3, 954, 379, 478, 274, 1, 5, 1
440, 3, 954, 379, 478, 274, 1, 5, 1
441, 3, 954, 379, 478, 274, 1, 5, 1
442, 3, 954, 379, 478, 274, 1, 5, 1
443, 3, 954, 379, 478, 274, 1, 5, 1
444, 3, 954, 379, 478, 274, 1, 5, 1
445, 3, 954, 379, 478, 274, 1, 5, 1
446, 3, 954, 379, 478, 274, 1, 5, 1
447, 3, 954, 379, 478, 274, 1, 5, 1
448, 3, 954, 379, 478, 274, 1, 5, 1
449, 3, 954, 379, 478, 274, 1, 5, 1
450, 3, 954, 379, 478, 274, 1, 5, 1
451, 3, 954, 379, 478, 274, 1, 5, 1
452, 3, 954, 379, 478, 274, 1, 5, 1
453, 3, 954, 379, 478, 274, 1, 5, 1
454, 3, 954, 379, 478, 274, 1, 5, 1
455, 3, 954, 379, 478, 274, 1, 5, 1
456, 3, 954, 379, 478, 274, 1, 5, 1
457, 3, 954, 379, 478, 274, 1, 5, 1
458, 3, 954, 379, 478, 274, 1, 5, 1
459, 3, 954, 379, 478, 274, 1, 5, 1
460, 3, 954, 379, 478, 274, 1, 5, 1
461, 3, 954, 379, 478, 274, 1, 5, 1
462, 3, 954, 379, 478, 274, 1, 5, 1
463, 3, 954, 379, 478, 274, 1, 5, 1
464, 3, 954, 379, 478, 274, 1, 5, 1
465, 3, 954, 379, 478, 274, 1, 5, 1
466, 3, 954, 379, 478, 274, 1, 5, 1
467, 3, 954, 379, 478, 274, 1, 5, 1
468, 3, 954, 379, 478, 274, 1, 5, 1
469, 3, 954, 379, 478, 274, 1, 5, 1
470, 3, 954, 379, 478, 274, 1, 5, 1
471, 3, 954, 379, 478, 274, 1, 5, 1
472, 3, 954, 379, 478, 274, 1, 5, 1
473, 3, 954, 379, 478, 274, 1, 5, 1
474, 3, 954, 379, 478, 274, 1, 5, 1
475, 3, 954, 379, 478, 274, 1, 5, 1
476, 3, 954, 379, 478, 274, 1, 5, 1
477, 3, 954, 379, 478, 274, 1, 5, 1
478, 3, 954, 379, 478, 274, 1, 5, 1
479, 3, 954, 379, 478, 274, 1, 5, 1
480, 3, 954, 379, 478, 274, 1, 5, 1
481, 3, 954, 379, 478, 274, 1, 5, 1
482, 3, 954, 379, 478, 274, 1, 5, 1
483, 3, 954, 379, 478, 274, 1, 5, 1
484, 3, 954, 379, 478, 274, 1, 5, 1
485, 3, 954, 379, 478, 274, 1, 5, 1
486, 3, 954, 379, 478, 274, 1, 5, 1
487, 3, 954, 379, 478, 274, 1, 5, 1
488, 3, 954, 379, 478, 274, 1, 5, 1
489, 3, 954, 379, 478, 274, 1, 5, 1
490, 3, 954, 379, 478, 274, 1, 5, 1
491, 3, 954, 379, 478, 274, 1, 5, 1
492, 3, 954, 379, 478, 274, 1, 5, 1
493, 3, 954, 379, 478, 274, 1, 5, 1
494, 3, 954, 379, 478, 274, 1, 5, 1
495, 3, 954, 379, 478, 274, 1, 5, 1
496, 3, 954, 379, 478, 274, 1, 5, 1
497, 3, 954, 379, 478, 274, 1, 5, 1
498, 3, 954, 379, 478, 274, 1, 5, 1
499, 3, 954, 379, 478, 274, 1, 5, 1
500, 3, 954, 379, 478, 274, 1, 5, 1
501, 3, 954, 379, 478, 274, 1, 5, 1
502, 3, 954, 379, 478, 274, 1, 5, 1
503, 3, 954, 379, 478, 274, 1, 5, 1
504, 3, 954, 379, 478, 274, 1, 5, 1
505, 3, 954, 379, 478, 274, 1, 5, 1
506, 3, 954, 379, 478, 274, 1, 5, 1
507, 3, 954, 379, 478, 274, 1, 5, 1
508, 3, 954, 379, 478, 274, 1, 5, 1
509, 3, 954, 379, 478, 274, 1, 5, 1
510, 3, 954, 379, 478, 274, 1, 5, 1
511, 3, 954, 379, 478, 274, 1, 5, 1
512, 3, 954, 379, 478, 274, 1, 5, 1
513, 3, 954, 379, 478, 274, 1, 5, 1
514, 3, 954, 379, 478, 274, 1, 5, 1
515, 3, 954, 379, 478, 274, 1, 5, 1
516, 3, 954, 379, 478, 274, 1, 5, 1
517, 3, 954, 379, 478, 274, 1, 5, 1
518, 3, 954, 379, 478, 274, 1, 5, 1
519, 3, 954, 379, 478, 274, 1, 5, 1
520, 3, 954, 379, 478, 274, 1, 5, 1
521, 3, 954, 379, 478, 274, 1, 5, 1
522, 3, 954, 379, 478, 274, 1, 5, 1
523, 3, 954, 379, 478, 274, 1, 5, 1
524, 3, 954, 379, 478, 274, 1, 5, 1
525, 3, 954, 379, 478, 274, 1, 5, 1
526, 3, 954, 379, 478, 274, 1, 5, 1
527, 3, 954, 379, 478, 274, 1, 5, 1
528, 3, 954, 379, 478, 274, 1, 5, 1
529, 3, 954, 379, 478, 274, 1, 5, 1
530, 3, 954, 379, 478, 274, 1, 5, 1
531, 3, 954, 379, 478, 274, 1, 5, 1
532, 3, 954, 379, 478, 274, 1, 5, 1
533, 3, 954, 379, 478, 274, 1, 5, 1
534, 3, 954, 379, 478, 274, 1, 5, 1
535, 3, 954, 379, 478, 274, 1, 5, 1
536, 3, 954, 379, 478, 274, 1, 5, 1
537, 3, 954, 379, 478, 274, 1, 5, 1
538, 3, 954, 379, 478, 274, 1, 5, 1
539, 3, 954, 379, 478, 274, 1, 5, 1
540, 3, 954, 379, 478, 274, 1, 5, 1
541, 3, 954, 379, 478, 274, 1, 5, 1
542, 3, 954, 379, 478, 274, 1, 5, 1
543, 3, 954, 379, 478, 274, 1, 5, 1
544, 3, 954, 379, 478, 274, 1, 5, 1
545, 3, 954, 379, 478, 274, 1, 5, 1
546, 3, 954, 379, 478, 274, 1, 5, 1
547, 3, 954, 379, 478, 274, 1, 5, 1
548, 3, 954, 379, 478, 274, 1, 5, 1
549, 3, 954, 379, 478, 274, 1, 5, 1
550, 3, 954, 379, 478, 274, 1, 5, 1
551, 3, 954, 379, 478, 274, 1, 5, 1
552, 3, 954, 379, 478, 274, 1, 5, 1
553, 3, 954, 379, 478, 274, 1, 5, 1
554, 3, 954, 379, 478, 274, 1, 5, 1
555, 3, 954, 379, 478, 274, 1, 5, 1
556, 3, 954, 379, 478, 274, 1, 5, 1
557, 3, 954, 379, 478, 274, 1, 5, 1
558, 3, 954, 379, 478, 274, 1, 5, 1
559, 3, 954, 379, 478, 274, 1, 5, 1
560, 3, 954, 379, 478, 274, 1, 5, 1
561, 3, 954, 379, 478, 274, 1, 5, 1
562, 3, 954, 379, 478, 274, 1, 5, 1
563, 3, 954, 379, 478, 274, 1, 5, 1
564, 3, 954, 379, 478, 274, 1, 5, 1
565, 3, 954, 379, 478, 274, 1, 5, 1
566, 3, 954, 379, 478, 274, 1, 5, 1
567, 3, 954, 379, 478, 274, 1, 5, 1
568, 3, 954, 379, 478, 274, 1, 5, 1
569, 3, 954, 379, 478, 274, 1, 5, 1
570, 3, 954, 379, 478, 274, 1, 5, 1
571, 3, 954, 379, 478, 274, 1, 5, 1
572, 3, 954, 379, 478, 274, 1, 5, 1
573, 3, 954, 379, 478, 274, 1, 5, 1
574, 3, 954, 379, 478, 274, 1, 5, 1
575, 3, 954, 379, 478, 274, 1, 5, 1
576, 3, 954, 379, 478, 274, 1, 5, 1
577, 3, 954, 379, 478, 274, 1, 5, 1
578, 3, 954, 379, 478, 274, 1, 5, 1
579, 3, 954, 379, 478, 274, 1, 5, 1
580, 3, 954, 379, 478, 274, 1, 5, 1
581, 3, 954, 379, 478, 274, 1, 5, 1
582, 3, 954, 379, 478, 274, 1, 5, 1
583, 3, 954, 379, 478, 274, 1, 5, 1
584, 3, 954, 379, 478, 274, 1, 5, 1
585, 3, 954, 379, 478, 274, 1, 5, 1
586, 3, 954, 379, 478, 274, 1, 5, 1
587, 3, 954, 379, 478, 274, 1, 5, 1
588, 3, 954, 379, 478, 274, 1, 5, 1
589, 3, 954, 379, 478, 274, 1, 5, 1
590, 3, 954, 379, 478, 274, 1, 5, 1
591, 3, 954, 379, 478, 274, 1, 5, 1
592, 3, 954, 379, 478, 274, 1, 5, 1
593, 3, 954, 379, 478, 274, 1, 5, 1
594, 3, 954, 379, 478, 274, 1, 5, 1
595, 3, 954, 379, 478, 274, 1, 5, 1
596, 3, 954, 379, 478, 274, 1, 5, 1
597, 3, 954, 379, 478, 274, 1, 5, 1
598, 3, 954, 379, 478, 274, 1, 5, 1
599, 3, 954, 379, 478, 274, 1, 5, 1
600, 3, 954, 379, 478, 274, 1, 5, 1
601, 3, 954, 379, 478, 274, 1, 5, 1
602, 3, 954, 379, 478, 274, 1, 5, 1
603, 3, 954, 379, 478, 274, 1, 5, 1
604, 3, 954, 379, 478, 274, 1, 5, 1
605, 3, 954, 379, 478, 274, 1, 5, 1
606, 3, 954, 379, 478, 274, 1, 5, 1
607, 3, 954, 379, 478, 274, 1, 5, 1
608, 3, 954, 379, 478, 274, 1, 5, 1
609, 3, 954, 379, 478, 274, 1, 5, 1
610, 3, 954, 379, 478, 274, 1, 5, 1
611, 3, 954, 379, 478, 274, 1, 5, 1
612, 3, 954, 379, 478, 274, 1, 5, 1
613, 3, 954, 379, 478, 274, 1, 5, 1
614, 3, 954, 379, 478, 274, 1, 5, 1
615, 3, 954, 379, 478, 274, 1, 5, 1
616, 3, 954, 379, 478, 274, 1, 5, 1
617, 3, 954, 379, 478, 274, 1, 5, 1
618, 3, 954, 379, 478, 274, 1, 5, 1
619, 3, 954, 379, 478, 274, 1, 5, 1
620, 3, 954, 379, 478, 274, 1, 5, 1
621, 3, 954, 379, 478, 274, 1, 5, 1
622, 3, 954, 379, 478, 274, 1, 5, 1
623, 3, 954, 379, 478, 274, 1, 5, 1
624, 3, 954, 379, 478, 274, 1, 5, 1
625, 3, 954, 379, 478, 274, 1, 5, 1
626, 3, 954, 379, 478, 274, 1, 5, 1
627, 3, 954, 379, 478, 274, 1, 5, 1
628, 3, 954, 379, 478, 274, 1, 5, 1
629, 3, 954, 379, 478, 274, 1, 5, 1
630, 3, 954, 379, 478, 274, 1, 5, 1
631, 3, 954, 379, 478, 274, 1, 5, 1
632, 3, 954, 379, 478, 274, 1, 5, 1
633, 3, 954, 379, 478, 274, 1, 5, 1
634, 3, 954, 379, 478, 274, 1, 5, 1
635, 3, 954, 379, 478, 274, 1, 5, 1
636, 3, 954, 379, 478, 274, 1, 5, 1
637, 3, 954, 379, 478, 274, 1, 5, 1
638, 3, 954, 379, 478, 274, 1, 5, 1
639, 3, 954, 379, 478, 274, 1, 5, 1
640, 3, 954, 379, 478, 274, 1, 5, 1
641, 3, 954, 379, 478, 274, 1, 5, 1
642, 3, 954, 379, 478, 274, 1, 5, 1
643, 3, 954, 379, 478, 274, 1, 5, 1
644, 3, 954, 379, 478, 274, 1, 5, 1
645, 3, 954, 379, 478, 274, 1, 5, 1
646, 3, 954, 379, 478, 274, 1, 5, 1
647, 3, 954, 379, 478, 274, 1, 5, 1
648, 3, 954, 379, 478, 274, 1, 5, 1
649, 3, 954, 379, 478, 274, 1, 5, 1
650, 3, 954, 379, 478, 274, 1, 5, 1
651, 3, 954, 379, 478, 274, 1, 5, 1
652, 3, 954, 379, 478, 274, 1, 5, 1
653, 3, 954, 379, 478, 274, 1, 5, 1
654, 3, 954, 379, 478, 274, 1, 5, 1
655, 3, 954, 379, 478, 274, 1, 5, 1
656, 3, 954, 379, 478, 274, 1, 5, 1
657, 3, 954, 379, 478, 274, 1, 5, 1
658, 3, 954, 379, 478, 274, 1, 5, 1
659, 3, 954, 379, 478, 274, 1, 5, 1
660, 3, 954, 379, 478, 274, 1, 5, 1
661, 3, 954, 379, 478, 274, 1, 5, 1
662, 3, 954, 379, 478, 274, 1, 5, 1
663, 3, 954, 379, 478, 274, 1, 5, 1
664, 3, 954, 379, 478, 274, 1, 5, 1
665, 3, 954, 379, 478, 274, 1, 5, 1
666, 3, 954, 379, 478, 274, 1, 5, 1
667, 3, 954, 379, 478, 274, 1, 5, 1
668, 3, 954, 379, 478, 274, 1, 5, 1
669, 3, 954, 379, 478, 274, 1, 5, 1
670, 3, 954, 379, 478, 274, 1, 5, 1
671, 3, 954, 379, 478, 274, 1, 5, 1
672, 3, 954, 379, 478, 274, 1, 5, 1
673, 3, 954, 379, 478, 274, 1, 5, 1
674, 3, 954, 379, 478, 274, 1, 5, 1
675, 3, 954, 379, 478, 274, 1, 5, 1
676, 3, 954, 379, 478, 274, 1, 5, 1
677, 3, 954, 379, 478, 274, 1, 5, 1
678, 3, 954, 379, 478, 274, 1, 5, 1
679, 3, 954, 379, 478, 274, 1, 5, 1
680, 3, 954, 379, 478, 274, 1, 5, 1
681, 3, 954, 379, 478, 274, 1, 5, 1
682, 3, 954, 379, 478, 274, 1, 5, 1
683, 3, 954, 379, 478, 274, 1, 5, 1
684, 3, 954, 379, 478, 274, 1, 5, 1
685, 3, 954, 379, 478, 274, 1, 5, 1
686, 3, 954, 379, 478, 274, 1, 5, 1
687, 3, 954, 379, 478, 274, 1, 5, 1
688, 3, 954, 379, 478, 274, 1, 5, 1
689, 3, 954, 379, 478, 274, 1, 5, 1
690, 3, 954, 379, 478, 274, 1, 5, 1
691, 3, 954, 379, 478, 274, 1, 5, 1
692, 3, 954, 379, 478, 274, 1, 5, 1
693, 3, 954, 379, 478, 274, 1, 5, 1
694, 3, 954, 379, 478, 274, 1, 5, 1
695, 3, 954, 379, 478, 274, 1, 5, 1
696, 3, 954, 379, 478, 274, 1, 5, 1
697, 3, 954, 379, 478, 274, 1, 5, 1
698, 3, 954, 379, 478, 274, 1, 5, 1
699, 3, 954, 379, 478, 274, 1, 5, 1
700, 3, 954, 379, 478, 274, 1, 5, 1
701, 3, 954, 379, 478, 274, 1, 5, 1
702, 3, 954, 379, 478, 274, 1, 5, 1
703, 3, 954, 379, 478, 274, 1, 5, 1
704, 3, 954, 379, 478, 274, 1, 5, 1
705, 3, 954, 379, 478, 274, 1, 5, 1
706, 3, 954, 379, 478, 274, 1, 5, 1
707, 3, 954, 379, 478, 274, 1, 5, 1
708, 3, 954, 379, 478, 274, 1, 5, 1
709, 3, 954, 379, 478, 274, 1, 5, 1
710, 3, 954, 379, 478, 274, 1, 5, 1
711, 3, 954, 379, 478, 274, 1, 5, 1
712, 3, 954, 379, 478, 274, 1, 5, 1
713, 3, 954, 379, 478, 274, 1, 5, 1
714, 3, 954, 379, 478, 274, 1, 5, 1
715, 3, 954, 379, 478, 274, 1, 5, 1
716, 3, 954, 379, 478, 274, 1, 5, 1
717, 3, 954, 379, 478, 274, 1, 5, 1
718, 3, 954, 379, 478, 274, 1, 5, 1
719, 3, 954, 379, 478, 274, 1, 5, 1
720, 3, 954, 379, 478, 274, 1, 5, 1
721, 3, 954, 379, 478, 274, 1, 5, 1
722, 3, 954, 379, 478, 274, 1, 5, 1
723, 3, 954, 379, 478, 274, 1, 5, 1
724, 3, 954, 379, 478, 274, 1, 5, 1
725, 3, 954, 379, 478, 274, 1, 5, 1
726, 3, 954, 379, 478, 274, 1, 5, 1
727, 3, 954, 379, 478, 274, 1, 5, 1
728, 3, 954, 379, 478, 274, 1, 5, 1
729, 3, 954, 379, 478, 274, 1, 5, 1
730, 3, 954, 379, 478, 274, 1, 5, 1
731, 3, 954, 379, 478, 274, 1, 5, 1
732, 3, 954, 379, 478, 274, 1, 5, 1
733, 3, 954, 379, 478, 274, 1, 5, 1
734, 3, 954, 379, 478, 274, 1, 5, 1
735, 3, 954, 379, 478, 274, 1, 5, 1
736, 3, 954, 379, 478, 274, 1, 5, 1
737, 3, 954, 379, 478, 274, 1, 5, 1
738, 3, 954, 379, 478, 274, 1, 5, 1
739, 3, 954, 379, 478, 274, 1, 5, 1
740, 3, 954, 379, 478, 274, 1, 5, 1
741, 3, 954, 379, 478, 274, 1, 5, 1
742, 3, 954, 379, 478, 274, 1, 5, 1
743, 3, 954, 379, 478, 274, 1, 5, 1
744, 3, 954, 379, 478, 274, 1, 5, 1
745, 3, 954, 379, 478, 274, 1, 5, 1
746, 3, 954, 379, 478, 274, 1, 5, 1
747, 3, 954, 379, 478, 274, 1, 5, 1
748, 3, 954, 379, 478, 274, 1, 5, 1
749, 3, 954, 379, 478, 274, 1, 5, 1
750, 3, 954, 379, 478, 274, 1, 5, 1
139, 4, 166, 5, 376, 83, 1, 5, 1
140, 4, 159, 8, 378, 83, 1, 5, 1
141, 4, 154, 4, 372, 89, 1, 5, 1
142, 4, 140, 3, 380, 81, 1, 5, 1
143, 4, 136, 4, 385, 85, 1, 5, 1
144, 4, 127, 4, 383, 87, 1, 5, 1
145, 4, 122, 5, 380, 91, 1, 5, 1
146, 4, 111, 2, 389, 96, 1, 5, 1
147, 4, 97, 2, 396, 96, 1, 5, 1
148, 4, 93, 4, 382, 97, 1, 5, 1
149, 4, 85, 4, 391, 99, 1, 5, 1
150, 4, 78, 4, 385, 100, 1, 5, 1
151, 4, 67, 4, 395, 102, 1, 5, 1
152, 4, 58, 3, 394, 102, 1, 5, 1
153, 4, 55, 3, 388, 107, 1, 5, 1
154, 4, 46, 1, 389, 109, 1, 5, 1
155, 4, 36, 3, 394, 109, 1, 5, 1
156, 4, 25, 2, 395, 109, 1, 5, 1
157, 4, 18, 4, 393, 112, 1, 5, 1
158, 4, 13, 6, 389, 112, 1, 5, 1
159, 4, 9, 1, 381, 121, 1, 5, 1
160, 4, 9, 6, 375, 114, 1, 5, 1
161, 4, 7, 3, 374, 122, 1, 5, 1
162, 4, 5, 4, 362, 125, 1, 5, 1
163, 4, 4, 4, 353, 128, 1, 5, 1
164, 4, 3, 3, 349, 126, 1, 5, 1
165, 4, 3, 3, 348, 133, 1, 5, 1
166, 4, 3, 4, 356, 135, 1, 5, 1
167, 4, 2, 2, 355, 137, 1, 5, 1
168, 4, 5, 3, 342, 131, 1, 5, 1
169, 4, 5, 5, 342, 144, 1, 5, 1
170, 4, 7, 2, 330, 141, 1, 5, 1
171, 4, 4, 3, 321, 141, 1, 5, 1
172, 4, 5, 2, 309, 146, 1, 5, 1
173, 4, 2, 3, 306, 150, 1, 5, 1
174, 4, 5, 4, 297, 153, 1, 5, 1
175, 4, 2, 4, 295, 147, 1, 5, 1
176, 4, 4, 3, 276, 149, 1, 5, 1
177, 4, 3, 5, 271, 144, 1, 5, 1
178, 4, 5, 2, 258, 127, 1, 5, 1
179, 4, 3, 3, 257, 126, 1, 5, 1
180, 4, 5, 2, 247, 130, 1, 5, 1
181, 4, 3, 4, 240, 125, 1, 5, 1
182, 4, 3, 4, 228, 129, 1, 5, 1
183, 4, 1, 4, 223, 128, 1, 5, 1
184, 4, 4, 4, 204, 129, 1, 5, 1
185, 4, 3, 3, 196, 134, 1, 5, 1
186, 4, 4, 4, 190, 135, 1, 5, 1
187, 4, 4, 4, 181, 142, 1, 5, 1
188, 4, 3, 3, 171, 141, 1, 5, 1
189, 4, 3, 4, 163, 142, 1, 5, 1
190, 4, 2, 2, 154, 151, 1, 5, 1
191, 4, 7, 3, 141, 148, 1, 5, 1
192, 4, 4, 4, 138, 149, 1, 5, 1
193, 4, 2, 4, 133, 149, 1, 5, 1
194, 4, 4, 3, 121, 153, 1, 5, 1
195, 4, 3, 4, 115, 154, 1, 5, 1
196, 4, 5, 3, 102, 146, 1, 5, 1
197, 4, 4, 3, 96, 144, 1, 5, 1
198, 4, 6, 7, 81, 149, 1, 5, 1
199, 4, 3, 6, 78, 150, 1, 5, 1