1, 1, 176, 201, 56, 239, 1, 6, 1
2, 1, 175, 201, 57, 239, 1, 6, 1
3, 1, 175, 201, 57, 239, 1, 6, 1
4, 1, 175, 201, 57, 239, 1, 6, 1
5, 1, 175, 201, 57, 239, 1, 6, 1
6, 1, 175, 201, 56, 238, 1, 6, 1
7, 1, 176, 200, 56, 240, 1, 6, 1
8, 1, 176, 200, 56, 239, 1, 6, 1
9, 1, 175, 201, 57, 238, 1, 6, 1
10, 1, 175, 201, 56, 239, 1, 6, 1
11, 1, 175, 201, 58, 238, 1, 6, 1
12, 1, 175, 201, 57, 239, 1, 6, 1
13, 1, 175, 201, 56, 239, 1, 6, 1
14, 1, 176, 200, 56, 239, 1, 6, 1
15, 1, 175, 200, 56, 239, 1, 6, 1
16, 1, 175, 200, 57, 240, 1, 6, 1
17, 1, 176, 200, 55, 240, 1, 6, 1
18, 1, 176, 200, 56, 240, 1, 6, 1
19, 1, 175, 200, 57, 240, 1, 6, 1
20, 1, 175, 201, 57, 239, 1, 6, 1
21, 1, 175, 201, 57, 238, 1, 6, 1
22, 1, 175, 201, 57, 238, 1, 6, 1
23, 1, 176, 201, 56, 238, 1, 6, 1
24, 1, 176, 201, 56, 238, 1, 6, 1
25, 1, 175, 201, 56, 239, 1, 6, 1
26, 1, 175, 200, 56, 240, 1, 6, 1
27, 1, 176, 200, 56, 239, 1, 6, 1
28, 1, 175, 200, 56, 240, 1, 6, 1
29, 1, 175, 201, 56, 239, 1, 6, 1
30, 1, 175, 201, 56, 239, 1, 6, 1
31, 1, 176, 201, 56, 239, 1, 6, 1
32, 1, 176, 201, 56, 239, 1, 6, 1
33, 1, 176, 201, 56, 239, 1, 6, 1
34, 1, 176, 201, 56, 239, 1, 6, 1
35, 1, 176, 201, 56, 239, 1, 6, 1
36, 1, 175, 201, 56, 239, 1, 6, 1
37, 1, 175, 201, 56, 239, 1, 6, 1
38, 1, 176, 201, 56, 239, 1, 6, 1
39, 1, 175, 200, 57, 239, 1, 6, 1
40, 1, 175, 201, 57, 238, 1, 6, 1
41, 1, 176, 201, 55, 239, 1, 6, 1
42, 1, 175, 201, 57, 239, 1, 6, 1
43, 1, 175, 201, 56, 239, 1, 6, 1
44, 1, 175, 201, 56, 239, 1, 6, 1
45, 1, 175, 201, 57, 239, 1, 6, 1
46, 1, 176, 201, 56, 238, 1, 6, 1
47, 1, 175, 201, 57, 239, 1, 6, 1
48, 1, 175, 201, 58, 239, 1, 6, 1
49, 1, 175, 201, 57, 239, 1, 6, 1
50, 1, 175, 201, 57, 239, 1, 6, 1
51, 1, 174, 201, 58, 239, 1, 6, 1
52, 1, 174, 201, 59, 238, 1, 6, 1
53, 1, 174, 201, 58, 239, 1, 6, 1
54, 1, 174, 201, 59, 239, 1, 6, 1
55, 1, 174, 201, 59, 239, 1, 6, 1
56, 1, 174, 201, 58, 239, 1, 6, 1
57, 1, 175, 201, 58, 238, 1, 6, 1
58, 1, 174, 201, 58, 239, 1, 6, 1
59, 1, 175, 200, 57, 239, 1, 6, 1
60, 1, 175, 200, 57, 240, 1, 6, 1
61, 1, 175, 200, 57, 239, 1, 6, 1
62, 1, 174, 200, 58, 240, 1, 6, 1
63, 1, 174, 200, 58, 239, 1, 6, 1
64, 1, 175, 200, 57, 240, 1, 6, 1
65, 1, 175, 200, 57, 240, 1, 6, 1
66, 1, 175, 200, 56, 240, 1, 6, 1
67, 1, 175, 200, 58, 240, 1, 6, 1
68, 1, 176, 200, 56, 238, 1, 6, 1
69, 1, 176, 200, 56, 238, 1, 6, 1
70, 1, 175, 201, 57, 239, 1, 6, 1
71, 1, 175, 201, 56, 239, 1, 6, 1
72, 1, 175, 201, 57, 239, 1, 6, 1
73, 1, 175, 201, 56, 239, 1, 6, 1
74, 1, 175, 201, 57, 239, 1, 6, 1
75, 1, 175, 201, 57, 239, 1, 6, 1
76, 1, 175, 201, 57, 239, 1, 6, 1
77, 1, 175, 201, 57, 239, 1, 6, 1
78, 1, 175, 201, 56, 239, 1, 6, 1
79, 1, 175, 201, 57, 239, 1, 6, 1
80, 1, 174, 201, 59, 239, 1, 6, 1
81, 1, 174, 201, 58, 238, 1, 6, 1
82, 1, 174, 201, 57, 239, 1, 6, 1
83, 1, 175, 201, 56, 239, 1, 6, 1
84, 1, 173, 205, 58, 240, 1, 6, 1
85, 1, 173, 206, 58, 240, 1, 6, 1
86, 1, 172, 206, 58, 240, 1, 6, 1
87, 1, 173, 207, 58, 239, 1, 6, 1
88, 1, 171, 207, 60, 239, 1, 6, 1
89, 1, 171, 208, 59, 240, 1, 6, 1
90, 1, 172, 208, 59, 239, 1, 6, 1
91, 1, 171, 209, 59, 240, 1, 6, 1
92, 1, 171, 210, 60, 239, 1, 6, 1
93, 1, 171, 210, 60, 238, 1, 6, 1
94, 1, 171, 211, 59, 239, 1, 6, 1
95, 1, 171, 211, 59, 241, 1, 6, 1
96, 1, 171, 211, 60, 241, 1, 6, 1
97, 1, 171, 211, 60, 243, 1, 6, 1
98, 1, 171, 212, 60, 242, 1, 6, 1
99, 1, 169, 213, 62, 242, 1, 6, 1
100, 1, 170, 215, 61, 240, 1, 6, 1
101, 1, 169, 216, 60, 240, 1, 6, 1
102, 1, 168, 217, 61, 240, 1, 6, 1
103, 1, 169, 216, 60, 242, 1, 6, 1
104, 1, 168, 218, 62, 241, 1, 6, 1
105, 1, 169, 219, 61, 241, 1, 6, 1
106, 1, 168, 219, 61, 242, 1, 6, 1
107, 1, 166, 221, 63, 240, 1, 6, 1
108, 1, 167, 220, 62, 244, 1, 6, 1
109, 1, 166, 222, 64, 243, 1, 6, 1
110, 1, 166, 225, 64, 240, 1, 6, 1
111, 1, 165, 226, 64, 240, 1, 6, 1
112, 1, 165, 227, 65, 240, 1, 6, 1
113, 1, 164, 229, 66, 240, 1, 6, 1
114, 1, 165, 229, 66, 240, 1, 6, 1
115, 1, 165, 231, 65, 238, 1, 6, 1
116, 1, 165, 232, 64, 238, 1, 6, 1
117, 1, 164, 232, 65, 240, 1, 6, 1
118, 1, 163, 232, 67, 241, 1, 6, 1
119, 1, 162, 234, 67, 238, 1, 6, 1
120, 1, 161, 235, 69, 238, 1, 6, 1
121, 1, 160, 236, 70, 238, 1, 6, 1
122, 1, 160, 237, 69, 237, 1, 6, 1
123, 1, 160, 239, 69, 235, 1, 6, 1
124, 1, 159, 240, 71, 234, 1, 6, 1
125, 1, 159, 240, 70, 234, 1, 6, 1
126, 1, 159, 242, 70, 232, 1, 6, 1
127, 1, 158, 243, 71, 231, 1, 6, 1
128, 1, 156, 245, 73, 230, 1, 6, 1
129, 1, 156, 246, 73, 227, 1, 6, 1
130, 1, 156, 246, 72, 227, 1, 6, 1
131, 1, 155, 247, 75, 227, 1, 6, 1
132, 1, 156, 247, 73, 228, 1, 6, 1
133, 1, 155, 249, 74, 225, 1, 6, 1
134, 1, 155, 250, 71, 225, 1, 6, 1
135, 1, 155, 251, 72, 222, 1, 6, 1
136, 1, 154, 251, 73, 222, 1, 6, 1
137, 1, 152, 252, 75, 221, 1, 6, 1
138, 1, 152, 252, 76, 221, 1, 6, 1
139, 1, 153, 254, 75, 220, 1, 6, 1
140, 1, 152, 255, 75, 218, 1, 6, 1
141, 1, 151, 256, 76, 218, 1, 6, 1
142, 1, 151, 257, 75, 217, 1, 6, 1
143, 1, 151, 259, 75, 215, 1, 6, 1
144, 1, 149, 259, 77, 215, 1, 6, 1
145, 1, 150, 260, 76, 213, 1, 6, 1
146, 1, 149, 261, 78, 212, 1, 6, 1
147, 1, 149, 261, 79, 213, 1, 6, 1
148, 1, 148, 262, 78, 211, 1, 6, 1
149, 1, 148, 263, 79, 210, 1, 6, 1
150, 1, 146, 264, 79, 211, 1, 6, 1
151, 1, 145, 265, 80, 209, 1, 6, 1
152, 1, 146, 266, 81, 208, 1, 6, 1
153, 1, 146, 266, 82, 207, 1, 6, 1
154, 1, 144, 269, 83, 204, 1, 6, 1
155, 1, 144, 270, 85, 203, 1, 6, 1
156, 1, 144, 271, 83, 203, 1, 6, 1
157, 1, 144, 271, 83, 203, 1, 6, 1
158, 1, 144, 273, 84, 201, 1, 6, 1
159, 1, 143, 274, 85, 200, 1, 6, 1
160, 1, 142, 275, 85, 199, 1, 6, 1
161, 1, 143, 275, 85, 199, 1, 6, 1
162, 1, 142, 277, 86, 196, 1, 6, 1
163, 1, 142, 278, 85, 196, 1, 6, 1
164, 1, 142, 279, 84, 195, 1, 6, 1
165, 1, 141, 280, 85, 194, 1, 6, 1
166, 1, 142, 281, 83, 193, 1, 6, 1
167, 1, 140, 282, 86, 192, 1, 6, 1
168, 1, 140, 284, 85, 189, 1, 6, 1
169, 1, 140, 284, 85, 189, 1, 6, 1
170, 1, 141, 285, 83, 188, 1, 6, 1
171, 1, 141, 286, 83, 187, 1, 6, 1
172, 1, 140, 287, 83, 186, 1, 6, 1
173, 1, 140, 288, 85, 185, 1, 6, 1
174, 1, 140, 289, 83, 182, 1, 6, 1
175, 1, 140, 291, 83, 181, 1, 6, 1
176, 1, 140, 293, 83, 180, 1, 6, 1
177, 1, 140, 294, 85, 179, 1, 6, 1
178, 1, 140, 295, 84, 178, 1, 6, 1
179, 1, 140, 297, 83, 176, 1, 6, 1
180, 1, 140, 297, 82, 175, 1, 6, 1
181, 1, 140, 298, 83, 175, 1, 6, 1
182, 1, 140, 301, 82, 172, 1, 6, 1
183, 1, 141, 302, 80, 169, 1, 6, 1
184, 1, 140, 303, 83, 169, 1, 6, 1
185, 1, 142, 305, 80, 167, 1, 6, 1
186, 1, 143, 306, 79, 167, 1, 6, 1
187, 1, 143, 308, 78, 165, 1, 6, 1
188, 1, 143, 309, 79, 164, 1, 6, 1
189, 1, 142, 310, 78, 163, 1, 6, 1
190, 1, 143, 311, 79, 162, 1, 6, 1
191, 1, 142, 313, 78, 159, 1, 6, 1
192, 1, 143, 313, 78, 160, 1, 6, 1
193, 1, 143, 314, 77, 159, 1, 6, 1
194, 1, 142, 316, 78, 157, 1, 6, 1
195, 1, 143, 317, 76, 155, 1, 6, 1
196, 1, 143, 318, 73, 156, 1, 6, 1
197, 1, 144, 319, 73, 154, 1, 6, 1
198, 1, 145, 321, 72, 152, 1, 6, 1
199, 1, 143, 322, 73, 151, 1, 6, 1
200, 1, 143, 323, 73, 150, 1, 6, 1
201, 1, 143, 325, 74, 147, 1, 6, 1
202, 1, 143, 326, 72, 146, 1, 6, 1
203, 1, 143, 327, 72, 146, 1, 6, 1
204, 1, 143, 328, 72, 145, 1, 6, 1
205, 1, 142, 329, 73, 144, 1, 6, 1
206, 1, 142, 331, 73, 141, 1, 6, 1
207, 1, 142, 332, 73, 140, 1, 6, 1
208, 1, 142, 334, 72, 139, 1, 6, 1
209, 1, 141, 335, 73, 138, 1, 6, 1
210, 1, 141, 336, 72, 137, 1, 6, 1
211, 1, 140, 337, 73, 135, 1, 6, 1
212, 1, 140, 339, 73, 133, 1, 6, 1
213, 1, 140, 340, 72, 132, 1, 6, 1
214, 1, 140, 341, 73, 132, 1, 6, 1
215, 1, 139, 342, 73, 130, 1, 6, 1
216, 1, 140, 343, 70, 130, 1, 6, 1
217, 1, 139, 345, 72, 126, 1, 6, 1
218, 1, 139, 347, 71, 125, 1, 6, 1
219, 1, 138, 348, 71, 124, 1, 6, 1
220, 1, 138, 350, 73, 122, 1, 6, 1
221, 1, 138, 351, 72, 121, 1, 6, 1
222, 1, 139, 352, 69, 121, 1, 6, 1
223, 1, 138, 353, 71, 120, 1, 6, 1
224, 1, 138, 355, 71, 117, 1, 6, 1
225, 1, 138, 356, 70, 117, 1, 6, 1
226, 1, 137, 358, 70, 115, 1, 6, 1
227, 1, 138, 358, 69, 115, 1, 6, 1
228, 1, 137, 360, 67, 113, 1, 6, 1
229, 1, 137, 362, 68, 111, 1, 6, 1
230, 1, 137, 362, 69, 110, 1, 6, 1
231, 1, 138, 363, 67, 110, 1, 6, 1
232, 1, 137, 364, 69, 109, 1, 6, 1
233, 1, 137, 365, 68, 108, 1, 6, 1
234, 1, 136, 366, 69, 106, 1, 6, 1
235, 1, 136, 367, 67, 106, 1, 6, 1
236, 1, 135, 368, 70, 104, 1, 6, 1
237, 1, 136, 370, 68, 103, 1, 6, 1
238, 1, 136, 370, 68, 103, 1, 6, 1
239, 1, 136, 372, 67, 101, 1, 6, 1
240, 1, 136, 374, 67, 99, 1, 6, 1
241, 1, 136, 374, 66, 99, 1, 6, 1
242, 1, 136, 377, 66, 96, 1, 6, 1
243, 1, 135, 377, 66, 95, 1, 6, 1
244, 1, 135, 379, 66, 94, 1, 6, 1
245, 1, 135, 379, 66, 94, 1, 6, 1
246, 1, 135, 381, 66, 92, 1, 6, 1
247, 1, 135, 382, 65, 91, 1, 6, 1
248, 1, 136, 383, 64, 90, 1, 6, 1
249, 1, 136, 384, 64, 89, 1, 6, 1
250, 1, 136, 384, 64, 89, 1, 6, 1
251, 1, 135, 386, 65, 87, 1, 6, 1
252, 1, 136, 387, 63, 86, 1, 6, 1
253, 1, 136, 388, 62, 85, 1, 6, 1
254, 1, 135, 390, 63, 83, 1, 6, 1
255, 1, 134, 390, 64, 83, 1, 6, 1
256, 1, 134, 391, 60, 82, 1, 6, 1
257, 1, 134, 392, 60, 81, 1, 6, 1
258, 1, 134, 393, 60, 80, 1, 6, 1
259, 1, 134, 395, 58, 78, 1, 6, 1
260, 1, 135, 396, 58, 77, 1, 6, 1
261, 1, 134, 397, 59, 76, 1, 6, 1
262, 1, 134, 397, 58, 76, 1, 6, 1
263, 1, 134, 398, 57, 75, 1, 6, 1
264, 1, 134, 399, 57, 74, 1, 6, 1
265, 1, 134, 401, 57, 72, 1, 6, 1
266, 1, 134, 402, 56, 71, 1, 6, 1
267, 1, 135, 402, 55, 71, 1, 6, 1
268, 1, 135, 403, 55, 70, 1, 6, 1
269, 1, 135, 404, 54, 69, 1, 6, 1
270, 1, 135, 405, 53, 68, 1, 6, 1
271, 1, 135, 405, 52, 68, 1, 6, 1
272, 1, 135, 406, 51, 67, 1, 6, 1
273, 1, 135, 406, 52, 67, 1, 6, 1
274, 1, 135, 406, 52, 67, 1, 6, 1
275, 1, 135, 407, 52, 66, 1, 6, 1
276, 1, 135, 407, 52, 66, 1, 6, 1
277, 1, 135, 409, 51, 64, 1, 6, 1
278, 1, 135, 409, 52, 64, 1, 6, 1
279, 1, 135, 409, 51, 64, 1, 6, 1
280, 1, 135, 411, 51, 62, 1, 6, 1
281, 1, 135, 412, 51, 61, 1, 6, 1
282, 1, 135, 412, 50, 61, 1, 6, 1
283, 1, 135, 412, 51, 62, 1, 6, 1
284, 1, 135, 413, 49, 60, 1, 6, 1
285, 1, 134, 413, 50, 60, 1, 6, 1
286, 1, 135, 413, 48, 60, 1, 6, 1
287, 1, 135, 414, 48, 59, 1, 6, 1
288, 1, 135, 413, 47, 60, 1, 6, 1
289, 1, 135, 414, 48, 59, 1, 6, 1
290, 1, 135, 414, 47, 59, 1, 6, 1
291, 1, 135, 415, 48, 59, 1, 6, 1
292, 1, 136, 415, 46, 58, 1, 6, 1
293, 1, 136, 415, 47, 58, 1, 6, 1
294, 1, 136, 415, 48, 58, 1, 6, 1
295, 1, 135, 415, 48, 59, 1, 6, 1
296, 1, 135, 415, 49, 59, 1, 6, 1
297, 1, 135, 416, 48, 58, 1, 6, 1
298, 1, 135, 416, 48, 58, 1, 6, 1
299, 1, 136, 416, 46, 58, 1, 6, 1
300, 1, 136, 417, 45, 57, 1, 6, 1
301, 1, 136, 417, 47, 56, 1, 6, 1
302, 1, 136, 417, 46, 56, 1, 6, 1
303, 1, 136, 417, 46, 56, 1, 6, 1
304, 1, 136, 417, 46, 56, 1, 6, 1
305, 1, 136, 417, 47, 57, 1, 6, 1
306, 1, 136, 417, 46, 56, 1, 6, 1
307, 1, 136, 417, 46, 56, 1, 6, 1
308, 1, 136, 417, 46, 56, 1, 6, 1
309, 1, 136, 417, 46, 56, 1, 6, 1
310, 1, 136, 417, 47, 56, 1, 6, 1
311, 1, 136, 417, 47, 56, 1, 6, 1
312, 1, 136, 417, 46, 56, 1, 6, 1
313, 1, 136, 417, 46, 56, 1, 6, 1
314, 1, 136, 417, 46, 56, 1, 6, 1
315, 1, 136, 417, 46, 56, 1, 6, 1
316, 1, 136, 417, 46, 56, 1, 6, 1
317, 1, 136, 417, 46, 56, 1, 6, 1
318, 1, 136, 417, 46, 56, 1, 6, 1
319, 1, 136, 417, 46, 56, 1, 6, 1
320, 1, 136, 417, 46, 56, 1, 6, 1
321, 1, 136, 417, 46, 56, 1, 6, 1
322, 1, 136, 417, 46, 56, 1, 6, 1
323, 1, 136, 417, 46, 56, 1, 6, 1
324, 1, 136, 417, 46, 56, 1, 6, 1
325, 1, 136, 417, 46, 56, 1, 6, 1
326, 1, 136, 417, 46, 56, 1, 6, 1
327, 1, 136, 417, 46, 56, 1, 6, 1
328, 1, 136, 417, 46, 56, 1, 6, 1
329, 1, 136, 417, 46, 56, 1, 6, 1
330, 1, 136, 417, 46, 56, 1, 6, 1
331, 1, 137, 417, 45, 56, 1, 6, 1
332, 1, 136, 417, 46, 56, 1, 6, 1
333, 1, 136, 417, 47, 56, 1, 6, 1
334, 1, 136, 417, 46, 56, 1, 6, 1
335, 1, 136, 416, 46, 57, 1, 6, 1
336, 1, 136, 416, 46, 57, 1, 6, 1
337, 1, 136, 416, 47, 57, 1, 6, 1
338, 1, 136, 415, 47, 58, 1, 6, 1
339, 1, 136, 415, 47, 58, 1, 6, 1
340, 1, 136, 414, 47, 59, 1, 6, 1
341, 1, 136, 413, 47, 60, 1, 6, 1
342, 1, 135, 413, 49, 60, 1, 6, 1
343, 1, 135, 413, 49, 60, 1, 6, 1
344, 1, 135, 412, 48, 61, 1, 6, 1
345, 1, 135, 411, 48, 62, 1, 6, 1
346, 1, 135, 411, 49, 62, 1, 6, 1
347, 1, 136, 410, 49, 63, 1, 6, 1
348, 1, 135, 409, 50, 64, 1, 6, 1
349, 1, 135, 409, 50, 64, 1, 6, 1
350, 1, 135, 407, 50, 66, 1, 6, 1
351, 1, 135, 407, 50, 66, 1, 6, 1
352, 1, 135, 406, 50, 67, 1, 6, 1
353, 1, 135, 406, 50, 67, 1, 6, 1
354, 1, 135, 404, 51, 69, 1, 6, 1
355, 1, 135, 403, 51, 70, 1, 6, 1
356, 1, 134, 402, 52, 71, 1, 6, 1
357, 1, 134, 402, 53, 71, 1, 6, 1
358, 1, 135, 401, 52, 72, 1, 6, 1
359, 1, 134, 400, 52, 73, 1, 6, 1
360, 1, 134, 399, 53, 74, 1, 6, 1
361, 1, 134, 398, 53, 75, 1, 6, 1
362, 1, 134, 397, 53, 76, 1, 6, 1
363, 1, 134, 396, 54, 77, 1, 6, 1
364, 1, 134, 396, 55, 77, 1, 6, 1
365, 1, 134, 394, 55, 79, 1, 6, 1
366, 1, 134, 394, 55, 79, 1, 6, 1
367, 1, 134, 393, 55, 80, 1, 6, 1
368, 1, 135, 391, 55, 82, 1, 6, 1
369, 1, 135, 391, 54, 82, 1, 6, 1
370, 1, 135, 389, 56, 84, 1, 6, 1
371, 1, 135, 387, 56, 86, 1, 6, 1
372, 1, 136, 386, 55, 87, 1, 6, 1
373, 1, 136, 385, 56, 88, 1, 6, 1
374, 1, 136, 385, 56, 88, 1, 6, 1
375, 1, 136, 384, 56, 89, 1, 6, 1
376, 1, 136, 384, 56, 89, 1, 6, 1
377, 1, 136, 382, 56, 91, 1, 6, 1
378, 1, 136, 382, 56, 91, 1, 6, 1
379, 1, 135, 380, 57, 93, 1, 6, 1
380, 1, 136, 380, 56, 93, 1, 6, 1
381, 1, 136, 379, 55, 94, 1, 6, 1
382, 1, 136, 378, 55, 95, 1, 6, 1
383, 1, 137, 377, 54, 96, 1, 6, 1
384, 1, 137, 376, 54, 97, 1, 6, 1
385, 1, 136, 376, 56, 97, 1, 6, 1
386, 1, 137, 375, 54, 98, 1, 6, 1
387, 1, 137, 374, 55, 99, 1, 6, 1
388, 1, 136, 373, 56, 100, 1, 6, 1
389, 1, 138, 372, 54, 101, 1, 6, 1
390, 1, 137, 371, 54, 102, 1, 6, 1
391, 1, 138, 371, 53, 102, 1, 6, 1
392, 1, 138, 370, 53, 103, 1, 6, 1
393, 1, 138, 369, 53, 104, 1, 6, 1
394, 1, 138, 368, 53, 105, 1, 6, 1
395, 1, 139, 368, 52, 105, 1, 6, 1
396, 1, 139, 367, 52, 106, 1, 6, 1
397, 1, 138, 365, 53, 108, 1, 6, 1
398, 1, 138, 365, 54, 108, 1, 6, 1
399, 1, 139, 364, 53, 109, 1, 6, 1
400, 1, 139, 363, 53, 110, 1, 6, 1
401, 1, 138, 362, 54, 111, 1, 6, 1
402, 1, 139, 361, 53, 112, 1, 6, 1
403, 1, 138, 360, 54, 113, 1, 6, 1
404, 1, 139, 359, 53, 114, 1, 6, 1
405, 1, 139, 358, 53, 115, 1, 6, 1
406, 1, 139, 358, 53, 115, 1, 6, 1
407, 1, 139, 357, 53, 116, 1, 6, 1
408, 1, 139, 355, 53, 118, 1, 6, 1
409, 1, 139, 354, 53, 119, 1, 6, 1
410, 1, 139, 354, 53, 119, 1, 6, 1
411, 1, 139, 353, 54, 120, 1, 6, 1
412, 1, 139, 352, 54, 121, 1, 6, 1
413, 1, 139, 352, 55, 121, 1, 6, 1
414, 1, 139, 351, 55, 122, 1, 6, 1
415, 1, 139, 350, 55, 123, 1, 6, 1
416, 1, 139, 349, 54, 124, 1, 6, 1
417, 1, 139, 348, 56, 126, 1, 6, 1
418, 1, 140, 347, 54, 127, 1, 6, 1
419, 1, 140, 346, 54, 128, 1, 6, 1
420, 1, 140, 345, 54, 129, 1, 6, 1
421, 1, 140, 344, 54, 130, 1, 6, 1
422, 1, 140, 344, 53, 130, 1, 6, 1
423, 1, 140, 343, 53, 131, 1, 6, 1
424, 1, 140, 342, 54, 132, 1, 6, 1
425, 1, 140, 341, 53, 133, 1, 6, 1
426, 1, 140, 341, 53, 133, 1, 6, 1
427, 1, 141, 340, 53, 134, 1, 6, 1
428, 1, 141, 338, 53, 136, 1, 6, 1
429, 1, 141, 337, 54, 137, 1, 6, 1
430, 1, 142, 337, 52, 137, 1, 6, 1
431, 1, 142, 336, 52, 138, 1, 6, 1
432, 1, 143, 335, 51, 139, 1, 6, 1
433, 1, 143, 334, 51, 140, 1, 6, 1
434, 1, 143, 333, 51, 141, 1, 6, 1
435, 1, 143, 332, 51, 142, 1, 6, 1
436, 1, 144, 333, 50, 141, 1, 6, 1
437, 1, 144, 331, 50, 143, 1, 6, 1
438, 1, 144, 331, 50, 143, 1, 6, 1
439, 1, 143, 331, 51, 143, 1, 6, 1
440, 1, 144, 329, 50, 145, 1, 6, 1
441, 1, 144, 329, 50, 145, 1, 6, 1
442, 1, 144, 326, 50, 148, 1, 6, 1
443, 1, 145, 326, 49, 148, 1, 6, 1
444, 1, 145, 325, 49, 149, 1, 6, 1
445, 1, 145, 324, 49, 150, 1, 6, 1
446, 1, 145, 323, 49, 151, 1, 6, 1
447, 1, 145, 323, 49, 151, 1, 6, 1
448, 1, 145, 322, 49, 152, 1, 6, 1
449, 1, 146, 320, 48, 154, 1, 6, 1
450, 1, 146, 320, 49, 154, 1, 6, 1
451, 1, 146, 319, 49, 155, 1, 6, 1
452, 1, 146, 318, 48, 156, 1, 6, 1
453, 1, 146, 317, 49, 157, 1, 6, 1
454, 1, 147, 317, 48, 157, 1, 6, 1
455, 1, 147, 317, 48, 157, 1, 6, 1
456, 1, 147, 316, 47, 158, 1, 6, 1
457, 1, 146, 315, 49, 159, 1, 6, 1
458, 1, 147, 314, 48, 160, 1, 6, 1
459, 1, 148, 314, 46, 160, 1, 6, 1
460, 1, 148, 312, 47, 162, 1, 6, 1
461, 1, 148, 311, 47, 163, 1, 6, 1
462, 1, 148, 310, 47, 164, 1, 6, 1
463, 1, 148, 309, 47, 165, 1, 6, 1
464, 1, 148, 308, 47, 166, 1, 6, 1
465, 1, 148, 308, 47, 165, 1, 6, 1
466, 1, 149, 307, 46, 166, 1, 6, 1
467, 1, 149, 307, 46, 166, 1, 6, 1
468, 1, 149, 305, 46, 168, 1, 6, 1
469, 1, 149, 305, 46, 168, 1, 6, 1
470, 1, 149, 305, 47, 168, 1, 6, 1
471, 1, 149, 303, 47, 170, 1, 6, 1
472, 1, 149, 303, 47, 170, 1, 6, 1
473, 1, 149, 302, 47, 172, 1, 6, 1
474, 1, 149, 302, 47, 171, 1, 6, 1
475, 1, 149, 300, 47, 174, 1, 6, 1
476, 1, 150, 299, 46, 175, 1, 6, 1
477, 1, 150, 298, 46, 176, 1, 6, 1
478, 1, 150, 298, 46, 176, 1, 6, 1
479, 1, 150, 297, 46, 176, 1, 6, 1
480, 1, 150, 296, 46, 177, 1, 6, 1
481, 1, 150, 295, 46, 178, 1, 6, 1
482, 1, 151, 294, 45, 179, 1, 6, 1
483, 1, 151, 293, 45, 180, 1, 6, 1
484, 1, 151, 293, 46, 179, 1, 6, 1
485, 1, 151, 292, 45, 181, 1, 6, 1
486, 1, 151, 292, 45, 180, 1, 6, 1
487, 1, 150, 290, 46, 183, 1, 6, 1
488, 1, 151, 290, 45, 182, 1, 6, 1
489, 1, 151, 289, 46, 183, 1, 6, 1
490, 1, 151, 288, 45, 185, 1, 6, 1
491, 1, 151, 288, 45, 185, 1, 6, 1
492, 1, 152, 287, 44, 187, 1, 6, 1
493, 1, 152, 286, 44, 187, 1, 6, 1
494, 1, 152, 285, 44, 188, 1, 6, 1
495, 1, 152, 283, 44, 190, 1, 6, 1
496, 1, 152, 284, 44, 189, 1, 6, 1
497, 1, 152, 282, 44, 191, 1, 6, 1
498, 1, 152, 281, 44, 192, 1, 6, 1
499, 1, 152, 281, 44, 191, 1, 6, 1
500, 1, 152, 279, 44, 194, 1, 6, 1
501, 1, 153, 279, 43, 194, 1, 6, 1
502, 1, 152, 278, 44, 195, 1, 6, 1
503, 1, 153, 277, 43, 196, 1, 6, 1
504, 1, 153, 277, 43, 196, 1, 6, 1
505, 1, 152, 276, 44, 198, 1, 6, 1
506, 1, 152, 275, 44, 199, 1, 6, 1
507, 1, 153, 274, 44, 200, 1, 6, 1
508, 1, 153, 273, 44, 200, 1, 6, 1
509, 1, 153, 273, 44, 200, 1, 6, 1
510, 1, 152, 271, 45, 201, 1, 6, 1
511, 1, 152, 270, 44, 202, 1, 6, 1
512, 1, 152, 270, 45, 203, 1, 6, 1
513, 1, 151, 269, 46, 204, 1, 6, 1
514, 1, 152, 269, 45, 204, 1, 6, 1
515, 1, 152, 267, 45, 206, 1, 6, 1
516, 1, 152, 266, 45, 207, 1, 6, 1
517, 1, 152, 266, 45, 206, 1, 6, 1
518, 1, 153, 264, 44, 208, 1, 6, 1
519, 1, 152, 264, 45, 208, 1, 6, 1
520, 1, 152, 263, 45, 209, 1, 6, 1
521, 1, 152, 262, 45, 211, 1, 6, 1
522, 1, 152, 260, 45, 213, 1, 6, 1
523, 1, 152, 260, 45, 212, 1, 6, 1
524, 1, 152, 259, 45, 214, 1, 6, 1
525, 1, 152, 259, 45, 214, 1, 6, 1
526, 1, 152, 258, 46, 215, 1, 6, 1
527, 1, 152, 257, 46, 217, 1, 6, 1
528, 1, 152, 257, 46, 216, 1, 6, 1
529, 1, 153, 254, 45, 220, 1, 6, 1
530, 1, 153, 254, 46, 220, 1, 6, 1
531, 1, 152, 253, 47, 222, 1, 6, 1
532, 1, 152, 253, 47, 222, 1, 6, 1
533, 1, 152, 252, 47, 223, 1, 6, 1
534, 1, 151, 251, 48, 223, 1, 6, 1
535, 1, 151, 251, 48, 223, 1, 6, 1
536, 1, 152, 250, 46, 224, 1, 6, 1
537, 1, 151, 249, 47, 225, 1, 6, 1
538, 1, 151, 248, 47, 226, 1, 6, 1
539, 1, 151, 247, 48, 227, 1, 6, 1
540, 1, 151, 247, 47, 227, 1, 6, 1
541, 1, 151, 246, 48, 228, 1, 6, 1
542, 1, 151, 246, 48, 228, 1, 6, 1
543, 1, 151, 245, 47, 229, 1, 6, 1
544, 1, 151, 243, 48, 231, 1, 6, 1
545, 1, 150, 242, 48, 232, 1, 6, 1
546, 1, 151, 241, 48, 233, 1, 6, 1
547, 1, 151, 241, 49, 232, 1, 6, 1
548, 1, 151, 240, 48, 233, 1, 6, 1
549, 1, 151, 240, 48, 233, 1, 6, 1
550, 1, 151, 239, 48, 234, 1, 6, 1
551, 1, 151, 237, 49, 236, 1, 6, 1
552, 1, 152, 236, 48, 237, 1, 6, 1
553, 1, 152, 235, 48, 238, 1, 6, 1
554, 1, 151, 234, 49, 239, 1, 6, 1
555, 1, 151, 234, 48, 239, 1, 6, 1
556, 1, 151, 232, 49, 241, 1, 6, 1
557, 1, 151, 231, 49, 241, 1, 6, 1
558, 1, 151, 231, 49, 241, 1, 6, 1
559, 1, 151, 230, 48, 241, 1, 6, 1
560, 1, 150, 229, 50, 243, 1, 6, 1
561, 1, 150, 228, 49, 243, 1, 6, 1
562, 1, 151, 228, 48, 242, 1, 6, 1
563, 1, 150, 226, 49, 243, 1, 6, 1
564, 1, 150, 225, 50, 243, 1, 6, 1
565, 1, 150, 225, 50, 242, 1, 6, 1
566, 1, 152, 223, 46, 243, 1, 6, 1
567, 1, 151, 223, 48, 241, 1, 6, 1
568, 1, 150, 222, 49, 242, 1, 6, 1
569, 1, 150, 221, 49, 242, 1, 6, 1
570, 1, 151, 221, 49, 240, 1, 6, 1
571, 1, 151, 220, 48, 241, 1, 6, 1
572, 1, 150, 219, 49, 241, 1, 6, 1
573, 1, 151, 217, 48, 242, 1, 6, 1
574, 1, 150, 217, 49, 240, 1, 6, 1
575, 1, 150, 216, 48, 241, 1, 6, 1
576, 1, 150, 215, 48, 241, 1, 6, 1
577, 1, 150, 214, 48, 241, 1, 6, 1
578, 1, 151, 213, 46, 241, 1, 6, 1
579, 1, 149, 213, 49, 240, 1, 6, 1
580, 1, 151, 211, 47, 241, 1, 6, 1
581, 1, 150, 211, 47, 240, 1, 6, 1
582, 1, 150, 210, 48, 241, 1, 6, 1
583, 1, 150, 209, 48, 241, 1, 6, 1
584, 1, 151, 208, 47, 240, 1, 6, 1
585, 1, 151, 207, 47, 240, 1, 6, 1
586, 1, 151, 207, 47, 238, 1, 6, 1
587, 1, 151, 205, 47, 239, 1, 6, 1
588, 1, 151, 203, 48, 240, 1, 6, 1
589, 1, 151, 203, 48, 239, 1, 6, 1
590, 1, 151, 202, 47, 239, 1, 6, 1
591, 1, 151, 202, 46, 238, 1, 6, 1
592, 1, 151, 200, 47, 239, 1, 6, 1
593, 1, 151, 200, 47, 238, 1, 6, 1
594, 1, 151, 199, 46, 238, 1, 6, 1
595, 1, 150, 198, 47, 237, 1, 6, 1
596, 1, 150, 197, 47, 238, 1, 6, 1
597, 1, 151, 195, 46, 239, 1, 6, 1
598, 1, 151, 195, 46, 238, 1, 6, 1
599, 1, 151, 194, 46, 238, 1, 6, 1
600, 1, 150, 193, 46, 237, 1, 6, 1
601, 1, 150, 193, 46, 238, 1, 6, 1
602, 1, 150, 191, 47, 238, 1, 6, 1
603, 1, 150, 190, 47, 239, 1, 6, 1
604, 1, 151, 189, 45, 238, 1, 6, 1
605, 1, 151, 188, 45, 238, 1, 6, 1
606, 1, 151, 187, 45, 237, 1, 6, 1
607, 1, 151, 185, 46, 238, 1, 6, 1
608, 1, 151, 185, 45, 237, 1, 6, 1
609, 1, 151, 183, 46, 238, 1, 6, 1
610, 1, 151, 183, 46, 237, 1, 6, 1
611, 1, 151, 183, 46, 236, 1, 6, 1
612, 1, 151, 181, 46, 236, 1, 6, 1
613, 1, 151, 181, 45, 236, 1, 6, 1
614, 1, 151, 179, 45, 237, 1, 6, 1
615, 1, 151, 178, 46, 236, 1, 6, 1
616, 1, 150, 178, 47, 234, 1, 6, 1
617, 1, 151, 177, 46, 235, 1, 6, 1
618, 1, 150, 176, 47, 235, 1, 6, 1
619, 1, 150, 174, 47, 237, 1, 6, 1
620, 1, 151, 174, 46, 236, 1, 6, 1
621, 1, 151, 173, 46, 236, 1, 6, 1
622, 1, 151, 172, 46, 236, 1, 6, 1
623, 1, 151, 171, 46, 235, 1, 6, 1
624, 1, 151, 170, 46, 234, 1, 6, 1
625, 1, 151, 168, 46, 235, 1, 6, 1
626, 1, 151, 168, 46, 234, 1, 6, 1
627, 1, 152, 167, 44, 235, 1, 6, 1
628, 1, 151, 166, 45, 235, 1, 6, 1
629, 1, 152, 165, 44, 234, 1, 6, 1
630, 1, 152, 164, 44, 234, 1, 6, 1
631, 1, 152, 164, 44, 234, 1, 6, 1
632, 1, 152, 162, 44, 235, 1, 6, 1
633, 1, 152, 160, 44, 236, 1, 6, 1
634, 1, 152, 159, 44, 235, 1, 6, 1
635, 1, 151, 158, 45, 235, 1, 6, 1
636, 1, 152, 157, 44, 235, 1, 6, 1
637, 1, 152, 157, 43, 234, 1, 6, 1
638, 1, 152, 156, 44, 233, 1, 6, 1
639, 1, 152, 156, 44, 232, 1, 6, 1
640, 1, 152, 154, 44, 233, 1, 6, 1
641, 1, 151, 152, 45, 234, 1, 6, 1
642, 1, 152, 152, 44, 233, 1, 6, 1
643, 1, 151, 151, 45, 232, 1, 6, 1
644, 1, 152, 150, 43, 232, 1, 6, 1
645, 1, 152, 149, 43, 233, 1, 6, 1
646, 1, 152, 148, 43, 232, 1, 6, 1
647, 1, 152, 146, 43, 233, 1, 6, 1
648, 1, 152, 145, 43, 234, 1, 6, 1
649, 1, 152, 145, 42, 233, 1, 6, 1
650, 1, 152, 144, 42, 232, 1, 6, 1
651, 1, 152, 143, 42, 231, 1, 6, 1
652, 1, 152, 142, 42, 231, 1, 6, 1
653, 1, 152, 141, 42, 232, 1, 6, 1
654, 1, 152, 140, 43, 232, 1, 6, 1
655, 1, 153, 139, 42, 232, 1, 6, 1
656, 1, 152, 138, 43, 231, 1, 6, 1
657, 1, 152, 137, 43, 231, 1, 6, 1
658, 1, 152, 136, 43, 231, 1, 6, 1
659, 1, 152, 135, 43, 230, 1, 6, 1
660, 1, 152, 134, 43, 229, 1, 6, 1
661, 1, 151, 134, 43, 229, 1, 6, 1
662, 1, 152, 132, 42, 230, 1, 6, 1
663, 1, 152, 131, 42, 229, 1, 6, 1
664, 1, 152, 130, 42, 229, 1, 6, 1
665, 1, 153, 129, 40, 230, 1, 6, 1
666, 1, 153, 128, 41, 229, 1, 6, 1
667, 1, 153, 127, 41, 229, 1, 6, 1
668, 1, 153, 127, 41, 227, 1, 6, 1
669, 1, 153, 126, 41, 228, 1, 6, 1
670, 1, 153, 125, 41, 228, 1, 6, 1
671, 1, 153, 123, 41, 230, 1, 6, 1
672, 1, 153, 123, 41, 229, 1, 6, 1
673, 1, 153, 122, 41, 229, 1, 6, 1
674, 1, 153, 121, 41, 228, 1, 6, 1
675, 1, 153, 120, 41, 229, 1, 6, 1
676, 1, 153, 119, 41, 229, 1, 6, 1
677, 1, 153, 118, 41, 228, 1, 6, 1
678, 1, 153, 117, 41, 228, 1, 6, 1
679, 1, 153, 116, 41, 228, 1, 6, 1
680, 1, 153, 115, 41, 229, 1, 6, 1
681, 1, 153, 114, 40, 228, 1, 6, 1
682, 1, 153, 114, 40, 227, 1, 6, 1
683, 1, 153, 113, 40, 227, 1, 6, 1
684, 1, 152, 112, 40, 227, 1, 6, 1
685, 1, 152, 112, 41, 226, 1, 6, 1
686, 1, 152, 111, 40, 226, 1, 6, 1
687, 1, 152, 109, 40, 227, 1, 6, 1
688, 1, 152, 109, 40, 226, 1, 6, 1
689, 1, 152, 107, 40, 227, 1, 6, 1
690, 1, 152, 107, 40, 226, 1, 6, 1
691, 1, 152, 106, 41, 225, 1, 6, 1
692, 1, 152, 105, 40, 225, 1, 6, 1
693, 1, 152, 103, 40, 226, 1, 6, 1
694, 1, 152, 103, 40, 225, 1, 6, 1
695, 1, 152, 102, 40, 225, 1, 6, 1
696, 1, 153, 101, 38, 226, 1, 6, 1
697, 1, 153, 100, 38, 226, 1, 6, 1
698, 1, 152, 99, 40, 226, 1, 6, 1
699, 1, 152, 99, 39, 223, 1, 6, 1
700, 1, 152, 97, 39, 224, 1, 6, 1
701, 1, 152, 96, 39, 225, 1, 6, 1
702, 1, 152, 96, 40, 224, 1, 6, 1
703, 1, 152, 95, 39, 223, 1, 6, 1
704, 1, 152, 94, 39, 223, 1, 6, 1
705, 1, 152, 93, 39, 223, 1, 6, 1
706, 1, 152, 92, 39, 224, 1, 6, 1
707, 1, 152, 90, 39, 225, 1, 6, 1
708, 1, 152, 90, 39, 224, 1, 6, 1
709, 1, 152, 88, 39, 224, 1, 6, 1
710, 1, 152, 88, 39, 223, 1, 6, 1
711, 1, 152, 87, 39, 224, 1, 6, 1
712, 1, 152, 87, 40, 223, 1, 6, 1
713, 1, 152, 86, 40, 223, 1, 6, 1
714, 1, 152, 85, 39, 222, 1, 6, 1
715, 1, 152, 84, 39, 223, 1, 6, 1
716, 1, 152, 83, 39, 224, 1, 6, 1
717, 1, 152, 83, 39, 222, 1, 6, 1
718, 1, 152, 82, 39, 222, 1, 6, 1
719, 1, 152, 80, 39, 223, 1, 6, 1
720, 1, 152, 80, 39, 223, 1, 6, 1
721, 1, 152, 79, 39, 223, 1, 6, 1
722, 1, 152, 78, 39, 222, 1, 6, 1
723, 1, 152, 77, 38, 223, 1, 6, 1
724, 1, 152, 76, 39, 223, 1, 6, 1
725, 1, 152, 75, 39, 224, 1, 6, 1
726, 1, 152, 74, 39, 224, 1, 6, 1
727, 1, 152, 74, 39, 222, 1, 6, 1
728, 1, 152, 73, 39, 222, 1, 6, 1
729, 1, 152, 71, 39, 223, 1, 6, 1
730, 1, 152, 70, 39, 223, 1, 6, 1
731, 1, 152, 70, 39, 222, 1, 6, 1
732, 1, 153, 69, 38, 222, 1, 6, 1
733, 1, 152, 68, 38, 222, 1, 6, 1
734, 1, 152, 68, 38, 222, 1, 6, 1
735, 1, 152, 67, 38, 222, 1, 6, 1
736, 1, 152, 67, 38, 222, 1, 6, 1
737, 1, 152, 65, 38, 222, 1, 6, 1
738, 1, 151, 65, 39, 221, 1, 6, 1
739, 1, 152, 63, 38, 222, 1, 6, 1
740, 1, 152, 63, 38, 221, 1, 6, 1
741, 1, 151, 62, 39, 221, 1, 6, 1
742, 1, 152, 62, 38, 219, 1, 6, 1
743, 1, 151, 61, 39, 220, 1, 6, 1
744, 1, 151, 60, 39, 221, 1, 6, 1
745, 1, 151, 60, 39, 220, 1, 6, 1
746, 1, 151, 59, 39, 219, 1, 6, 1
747, 1, 151, 58, 39, 220, 1, 6, 1
748, 1, 151, 57, 39, 219, 1, 6, 1
749, 1, 151, 56, 39, 220, 1, 6, 1
750, 1, 151, 55, 38, 220, 1, 6, 1