1, 1, 865, 193, 1663, 711, 1, 6, 1
2, 1, 887, 193, 1637, 701, 1, 6, 1
3, 1, 918, 192, 1598, 692, 1, 6, 1
4, 1, 926, 190, 1600, 696, 1, 6, 1
5, 1, 935, 183, 1606, 696, 1, 6, 1
6, 1, 944, 187, 1595, 693, 1, 6, 1
7, 1, 963, 187, 1575, 683, 1, 6, 1
8, 1, 978, 181, 1560, 696, 1, 6, 1
9, 1, 981, 176, 1562, 697, 1, 6, 1
10, 1, 971, 184, 1568, 691, 1, 6, 1
11, 1, 995, 188, 1551, 685, 1, 6, 1
12, 1, 1001, 195, 1544, 680, 1, 6, 1
13, 1, 1005, 186, 1542, 684, 1, 6, 1
14, 1, 1027, 194, 1514, 684, 1, 6, 1
15, 1, 1035, 196, 1509, 683, 1, 6, 1
16, 1, 1035, 203, 1516, 670, 1, 6, 1
17, 1, 1056, 199, 1499, 679, 1, 6, 1
18, 1, 1064, 196, 1490, 684, 1, 6, 1
19, 1, 1085, 197, 1472, 681, 1, 6, 1
20, 1, 1104, 193, 1451, 678, 1, 6, 1
21, 1, 1103, 200, 1456, 672, 1, 6, 1
22, 1, 1122, 195, 1433, 684, 1, 6, 1
23, 1, 1141, 194, 1413, 681, 1, 6, 1
24, 1, 1156, 199, 1402, 677, 1, 6, 1
25, 1, 1180, 185, 1377, 689, 1, 6, 1
26, 1, 1181, 201, 1376, 667, 1, 6, 1
27, 1, 1181, 187, 1374, 684, 1, 6, 1
28, 1, 1197, 192, 1356, 671, 1, 6, 1
29, 1, 1204, 192, 1352, 675, 1, 6, 1
30, 1, 1218, 189, 1339, 679, 1, 6, 1
31, 1, 1231, 188, 1322, 679, 1, 6, 1
32, 1, 1236, 189, 1321, 677, 1, 6, 1
33, 1, 1250, 183, 1304, 675, 1, 6, 1
34, 1, 1275, 184, 1279, 678, 1, 6, 1
35, 1, 1268, 185, 1286, 683, 1, 6, 1
36, 1, 1274, 184, 1280, 683, 1, 6, 1
37, 1, 1299, 188, 1252, 679, 1, 6, 1
38, 1, 1304, 188, 1248, 681, 1, 6, 1
39, 1, 1317, 188, 1235, 682, 1, 6, 1
40, 1, 1334, 186, 1218, 687, 1, 6, 1
41, 1, 1337, 187, 1213, 686, 1, 6, 1
42, 1, 1350, 190, 1200, 683, 1, 6, 1
43, 1, 1367, 190, 1184, 681, 1, 6, 1
44, 1, 1389, 192, 1162, 677, 1, 6, 1
45, 1, 1394, 194, 1158, 676, 1, 6, 1
46, 1, 1404, 192, 1147, 679, 1, 6, 1
47, 1, 1406, 193, 1142, 674, 1, 6, 1
48, 1, 1412, 194, 1137, 672, 1, 6, 1
49, 1, 1420, 195, 1130, 672, 1, 6, 1
50, 1, 1427, 197, 1123, 670, 1, 6, 1
51, 1, 1430, 198, 1122, 667, 1, 6, 1
52, 1, 1447, 198, 1104, 673, 1, 6, 1
53, 1, 1441, 198, 1113, 674, 1, 6, 1
54, 1, 1441, 198, 1111, 675, 1, 6, 1
55, 1, 1450, 198, 1103, 674, 1, 6, 1
56, 1, 1451, 198, 1102, 675, 1, 6, 1
57, 1, 1456, 200, 1098, 670, 1, 6, 1
58, 1, 1462, 199, 1091, 672, 1, 6, 1
59, 1, 1455, 199, 1097, 673, 1, 6, 1
60, 1, 1459, 199, 1093, 672, 1, 6, 1
61, 1, 1460, 198, 1094, 673, 1, 6, 1
62, 1, 1463, 199, 1089, 671, 1, 6, 1
63, 1, 1466, 199, 1086, 671, 1, 6, 1
64, 1, 1469, 198, 1083, 673, 1, 6, 1
65, 1, 1463, 198, 1088, 674, 1, 6, 1
66, 1, 1469, 198, 1082, 671, 1, 6, 1
67, 1, 1470, 199, 1081, 670, 1, 6, 1
68, 1, 1468, 199, 1083, 670, 1, 6, 1
69, 1, 1467, 199, 1083, 668, 1, 6, 1
70, 1, 1477, 198, 1074, 669, 1, 6, 1
71, 1, 1478, 198, 1073, 669, 1, 6, 1
72, 1, 1470, 198, 1080, 669, 1, 6, 1
73, 1, 1466, 199, 1083, 665, 1, 6, 1
74, 1, 1475, 200, 1077, 668, 1, 6, 1
75, 1, 1472, 199, 1079, 668, 1, 6, 1
76, 1, 1473, 199, 1078, 670, 1, 6, 1
77, 1, 1468, 199, 1082, 672, 1, 6, 1
78, 1, 1470, 199, 1082, 672, 1, 6, 1
79, 1, 1465, 199, 1087, 671, 1, 6, 1
80, 1, 1467, 199, 1086, 671, 1, 6, 1
81, 1, 1467, 199, 1084, 672, 1, 6, 1
82, 1, 1469, 199, 1083, 672, 1, 6, 1
83, 1, 1466, 199, 1086, 671, 1, 6, 1
84, 1, 1470, 198, 1083, 673, 1, 6, 1
85, 1, 1470, 198, 1083, 673, 1, 6, 1
86, 1, 1471, 199, 1080, 671, 1, 6, 1
87, 1, 1469, 199, 1081, 671, 1, 6, 1
88, 1, 1471, 200, 1082, 671, 1, 6, 1
89, 1, 1468, 200, 1084, 670, 1, 6, 1
90, 1, 1470, 199, 1082, 671, 1, 6, 1
91, 1, 1470, 199, 1084, 670, 1, 6, 1
92, 1, 1467, 200, 1087, 671, 1, 6, 1
93, 1, 1470, 199, 1083, 670, 1, 6, 1
94, 1, 1470, 199, 1083, 670, 1, 6, 1
95, 1, 1471, 199, 1083, 670, 1, 6, 1
96, 1, 1471, 198, 1082, 670, 1, 6, 1
97, 1, 1474, 200, 1079, 669, 1, 6, 1
98, 1, 1469, 199, 1084, 670, 1, 6, 1
99, 1, 1467, 199, 1085, 670, 1, 6, 1
100, 1, 1465, 199, 1088, 670, 1, 6, 1
101, 1, 1465, 200, 1091, 670, 1, 6, 1
102, 1, 1461, 200, 1094, 669, 1, 6, 1
103, 1, 1473, 200, 1083, 668, 1, 6, 1
104, 1, 1459, 200, 1095, 670, 1, 6, 1
105, 1, 1464, 200, 1090, 669, 1, 6, 1
106, 1, 1459, 201, 1096, 667, 1, 6, 1
107, 1, 1458, 201, 1098, 670, 1, 6, 1
108, 1, 1460, 201, 1094, 668, 1, 6, 1
109, 1, 1455, 201, 1099, 668, 1, 6, 1
110, 1, 1457, 200, 1098, 669, 1, 6, 1
111, 1, 1456, 200, 1097, 670, 1, 6, 1
112, 1, 1455, 200, 1099, 670, 1, 6, 1
113, 1, 1455, 200, 1100, 670, 1, 6, 1
114, 1, 1457, 200, 1097, 671, 1, 6, 1
115, 1, 1454, 200, 1099, 671, 1, 6, 1
116, 1, 1455, 200, 1098, 673, 1, 6, 1
117, 1, 1452, 199, 1101, 673, 1, 6, 1
118, 1, 1454, 198, 1099, 674, 1, 6, 1
119, 1, 1455, 199, 1099, 674, 1, 6, 1
120, 1, 1454, 199, 1099, 673, 1, 6, 1
121, 1, 1454, 198, 1097, 674, 1, 6, 1
122, 1, 1452, 198, 1099, 674, 1, 6, 1
123, 1, 1453, 198, 1100, 674, 1, 6, 1
124, 1, 1452, 198, 1096, 674, 1, 6, 1
125, 1, 1451, 198, 1098, 674, 1, 6, 1
126, 1, 1450, 198, 1099, 674, 1, 6, 1
127, 1, 1453, 198, 1095, 675, 1, 6, 1
128, 1, 1450, 198, 1099, 674, 1, 6, 1
129, 1, 1449, 198, 1101, 674, 1, 6, 1
130, 1, 1449, 199, 1098, 675, 1, 6, 1
131, 1, 1451, 199, 1098, 674, 1, 6, 1
132, 1, 1454, 199, 1094, 673, 1, 6, 1
133, 1, 1456, 199, 1093, 675, 1, 6, 1
134, 1, 1455, 199, 1094, 674, 1, 6, 1
135, 1, 1456, 198, 1094, 675, 1, 6, 1
136, 1, 1457, 199, 1094, 676, 1, 6, 1
137, 1, 1456, 199, 1095, 674, 1, 6, 1
138, 1, 1455, 199, 1096, 673, 1, 6, 1
139, 1, 1457, 199, 1094, 674, 1, 6, 1
140, 1, 1457, 199, 1094, 674, 1, 6, 1
141, 1, 1459, 199, 1093, 673, 1, 6, 1
142, 1, 1456, 199, 1096, 674, 1, 6, 1
143, 1, 1459, 199, 1094, 673, 1, 6, 1
144, 1, 1461, 199, 1092, 671, 1, 6, 1
145, 1, 1462, 199, 1089, 671, 1, 6, 1
146, 1, 1460, 199, 1091, 671, 1, 6, 1
147, 1, 1460, 199, 1092, 672, 1, 6, 1
148, 1, 1459, 199, 1092, 672, 1, 6, 1
149, 1, 1458, 199, 1094, 671, 1, 6, 1
150, 1, 1456, 199, 1096, 672, 1, 6, 1
151, 1, 1457, 199, 1096, 672, 1, 6, 1
152, 1, 1455, 199, 1097, 672, 1, 6, 1
153, 1, 1457, 200, 1096, 671, 1, 6, 1
154, 1, 1456, 199, 1096, 672, 1, 6, 1
155, 1, 1457, 200, 1095, 671, 1, 6, 1
156, 1, 1456, 200, 1097, 671, 1, 6, 1
157, 1, 1455, 200, 1097, 670, 1, 6, 1
158, 1, 1454, 200, 1097, 670, 1, 6, 1
159, 1, 1455, 199, 1097, 672, 1, 6, 1
160, 1, 1453, 199, 1098, 671, 1, 6, 1
161, 1, 1454, 199, 1097, 672, 1, 6, 1
162, 1, 1454, 199, 1096, 670, 1, 6, 1
163, 1, 1453, 199, 1098, 672, 1, 6, 1
164, 1, 1454, 199, 1096, 671, 1, 6, 1
165, 1, 1452, 199, 1098, 672, 1, 6, 1
166, 1, 1453, 199, 1097, 672, 1, 6, 1
167, 1, 1453, 199, 1097, 672, 1, 6, 1
168, 1, 1453, 199, 1098, 671, 1, 6, 1
169, 1, 1453, 199, 1097, 671, 1, 6, 1
170, 1, 1454, 199, 1096, 672, 1, 6, 1
171, 1, 1454, 200, 1096, 670, 1, 6, 1
172, 1, 1453, 199, 1096, 671, 1, 6, 1
173, 1, 1452, 199, 1098, 671, 1, 6, 1
174, 1, 1454, 199, 1095, 672, 1, 6, 1
175, 1, 1454, 199, 1097, 671, 1, 6, 1
176, 1, 1454, 199, 1096, 670, 1, 6, 1
177, 1, 1452, 199, 1099, 670, 1, 6, 1
178, 1, 1453, 199, 1097, 671, 1, 6, 1
179, 1, 1454, 199, 1096, 670, 1, 6, 1
180, 1, 1453, 199, 1097, 671, 1, 6, 1
181, 1, 1452, 199, 1098, 670, 1, 6, 1
182, 1, 1452, 199, 1098, 670, 1, 6, 1
183, 1, 1456, 199, 1094, 670, 1, 6, 1
184, 1, 1454, 199, 1097, 669, 1, 6, 1
185, 1, 1452, 199, 1100, 669, 1, 6, 1
186, 1, 1455, 200, 1095, 670, 1, 6, 1
187, 1, 1453, 199, 1098, 670, 1, 6, 1
188, 1, 1452, 199, 1098, 670, 1, 6, 1
189, 1, 1453, 199, 1097, 670, 1, 6, 1
190, 1, 1453, 199, 1098, 670, 1, 6, 1
191, 1, 1453, 199, 1097, 669, 1, 6, 1
192, 1, 1453, 199, 1097, 670, 1, 6, 1
193, 1, 1453, 199, 1097, 670, 1, 6, 1
194, 1, 1453, 199, 1097, 670, 1, 6, 1
195, 1, 1455, 199, 1095, 671, 1, 6, 1
196, 1, 1454, 200, 1098, 668, 1, 6, 1
197, 1, 1456, 200, 1095, 670, 1, 6, 1
198, 1, 1454, 200, 1097, 669, 1, 6, 1
199, 1, 1455, 200, 1097, 669, 1, 6, 1
200, 1, 1454, 200, 1097, 670, 1, 6, 1
201, 1, 1454, 200, 1097, 670, 1, 6, 1
202, 1, 1455, 200, 1097, 671, 1, 6, 1
203, 1, 1454, 200, 1097, 670, 1, 6, 1
204, 1, 1454, 199, 1096, 670, 1, 6, 1
205, 1, 1455, 199, 1096, 670, 1, 6, 1
206, 1, 1457, 200, 1093, 669, 1, 6, 1
207, 1, 1455, 199, 1096, 670, 1, 6, 1
208, 1, 1458, 199, 1092, 670, 1, 6, 1
209, 1, 1456, 199, 1095, 670, 1, 6, 1
210, 1, 1453, 199, 1098, 671, 1, 6, 1
211, 1, 1455, 199, 1096, 672, 1, 6, 1
212, 1, 1454, 200, 1098, 670, 1, 6, 1
213, 1, 1452, 199, 1099, 670, 1, 6, 1
214, 1, 1454, 200, 1098, 669, 1, 6, 1
215, 1, 1453, 200, 1098, 670, 1, 6, 1
216, 1, 1455, 200, 1098, 669, 1, 6, 1
217, 1, 1455, 199, 1097, 671, 1, 6, 1
218, 1, 1456, 199, 1096, 670, 1, 6, 1
219, 1, 1455, 199, 1096, 670, 1, 6, 1
220, 1, 1455, 200, 1096, 671, 1, 6, 1
221, 1, 1455, 199, 1097, 672, 1, 6, 1
222, 1, 1451, 199, 1102, 676, 1, 6, 1
223, 1, 1454, 198, 1097, 667, 1, 6, 1
224, 1, 1456, 198, 1094, 671, 1, 6, 1
225, 1, 1456, 198, 1094, 675, 1, 6, 1
226, 1, 1455, 198, 1094, 674, 1, 6, 1
227, 1, 1457, 198, 1093, 673, 1, 6, 1
228, 1, 1456, 199, 1095, 671, 1, 6, 1
229, 1, 1457, 199, 1096, 672, 1, 6, 1
230, 1, 1458, 199, 1095, 672, 1, 6, 1
231, 1, 1462, 199, 1090, 672, 1, 6, 1
232, 1, 1460, 199, 1093, 672, 1, 6, 1
233, 1, 1464, 199, 1089, 673, 1, 6, 1
234, 1, 1467, 199, 1086, 672, 1, 6, 1
235, 1, 1469, 199, 1085, 672, 1, 6, 1
236, 1, 1463, 200, 1090, 671, 1, 6, 1
237, 1, 1460, 200, 1092, 670, 1, 6, 1
238, 1, 1459, 200, 1091, 669, 1, 6, 1
239, 1, 1462, 200, 1089, 672, 1, 6, 1
240, 1, 1456, 199, 1095, 673, 1, 6, 1
241, 1, 1455, 199, 1096, 673, 1, 6, 1
242, 1, 1452, 199, 1098, 672, 1, 6, 1
243, 1, 1454, 198, 1096, 673, 1, 6, 1
244, 1, 1453, 198, 1097, 675, 1, 6, 1
245, 1, 1455, 198, 1095, 675, 1, 6, 1
246, 1, 1449, 198, 1104, 675, 1, 6, 1
247, 1, 1447, 197, 1105, 677, 1, 6, 1
248, 1, 1451, 198, 1100, 675, 1, 6, 1
249, 1, 1457, 197, 1095, 677, 1, 6, 1
250, 1, 1444, 197, 1107, 678, 1, 6, 1
251, 1, 1450, 197, 1103, 677, 1, 6, 1
252, 1, 1450, 197, 1101, 678, 1, 6, 1
253, 1, 1440, 196, 1113, 676, 1, 6, 1
254, 1, 1441, 196, 1112, 678, 1, 6, 1
255, 1, 1439, 196, 1115, 679, 1, 6, 1
256, 1, 1427, 196, 1126, 679, 1, 6, 1
257, 1, 1427, 195, 1127, 678, 1, 6, 1
258, 1, 1421, 196, 1130, 676, 1, 6, 1
259, 1, 1418, 196, 1132, 675, 1, 6, 1
260, 1, 1415, 195, 1140, 677, 1, 6, 1
261, 1, 1411, 195, 1141, 676, 1, 6, 1
262, 1, 1411, 194, 1142, 675, 1, 6, 1
263, 1, 1411, 193, 1142, 678, 1, 6, 1
264, 1, 1407, 193, 1140, 677, 1, 6, 1
265, 1, 1409, 193, 1136, 677, 1, 6, 1
266, 1, 1392, 194, 1149, 678, 1, 6, 1
267, 1, 1394, 190, 1148, 683, 1, 6, 1
268, 1, 1371, 189, 1165, 681, 1, 6, 1
269, 1, 1363, 187, 1171, 684, 1, 6, 1
270, 1, 1351, 186, 1182, 685, 1, 6, 1
271, 1, 1342, 186, 1186, 687, 1, 6, 1
272, 1, 1350, 184, 1174, 689, 1, 6, 1
273, 1, 1344, 183, 1174, 690, 1, 6, 1
274, 1, 1342, 183, 1170, 688, 1, 6, 1
275, 1, 1334, 183, 1175, 690, 1, 6, 1
276, 1, 1327, 183, 1178, 687, 1, 6, 1
277, 1, 1314, 183, 1186, 689, 1, 6, 1
278, 1, 1303, 181, 1197, 691, 1, 6, 1
279, 1, 1286, 180, 1207, 688, 1, 6, 1
280, 1, 1275, 178, 1207, 687, 1, 6, 1
281, 1, 1264, 178, 1213, 690, 1, 6, 1
282, 1, 1267, 176, 1213, 693, 1, 6, 1
283, 1, 1263, 176, 1217, 698, 1, 6, 1
284, 1, 1257, 176, 1213, 705, 1, 6, 1
285, 1, 1250, 177, 1218, 705, 1, 6, 1
286, 1, 1238, 177, 1224, 704, 1, 6, 1
287, 1, 1227, 174, 1222, 709, 1, 6, 1
288, 1, 1217, 173, 1240, 716, 1, 6, 1
289, 1, 1214, 172, 1226, 717, 1, 6, 1
290, 1, 1210, 174, 1223, 713, 1, 6, 1
291, 1, 1200, 180, 1219, 709, 1, 6, 1
292, 1, 1192, 179, 1223, 710, 1, 6, 1
293, 1, 1185, 179, 1222, 715, 1, 6, 1
294, 1, 1172, 174, 1222, 723, 1, 6, 1
295, 1, 1153, 174, 1229, 728, 1, 6, 1
296, 1, 1144, 176, 1233, 727, 1, 6, 1
297, 1, 1139, 171, 1229, 733, 1, 6, 1
298, 1, 1131, 162, 1228, 744, 1, 6, 1
299, 1, 1124, 172, 1228, 732, 1, 6, 1
300, 1, 1101, 163, 1246, 754, 1, 6, 1
301, 1, 1090, 164, 1248, 755, 1, 6, 1
302, 1, 1086, 160, 1242, 754, 1, 6, 1
303, 1, 1073, 156, 1245, 760, 1, 6, 1
304, 1, 1057, 160, 1251, 761, 1, 6, 1
305, 1, 1052, 162, 1245, 762, 1, 6, 1
306, 1, 1033, 162, 1256, 763, 1, 6, 1
307, 1, 1023, 164, 1263, 761, 1, 6, 1
308, 1, 1010, 161, 1266, 764, 1, 6, 1
309, 1, 996, 157, 1273, 777, 1, 6, 1
310, 1, 984, 156, 1273, 773, 1, 6, 1
311, 1, 983, 151, 1271, 772, 1, 6, 1
312, 1, 961, 153, 1284, 776, 1, 6, 1
313, 1, 948, 152, 1290, 778, 1, 6, 1
314, 1, 948, 145, 1290, 791, 1, 6, 1
315, 1, 939, 143, 1275, 797, 1, 6, 1
316, 1, 928, 137, 1280, 799, 1, 6, 1
317, 1, 917, 125, 1280, 807, 1, 6, 1
318, 1, 902, 123, 1294, 811, 1, 6, 1
319, 1, 888, 124, 1294, 814, 1, 6, 1
320, 1, 875, 123, 1292, 824, 1, 6, 1
321, 1, 861, 119, 1294, 825, 1, 6, 1
322, 1, 855, 117, 1289, 831, 1, 6, 1
323, 1, 838, 117, 1300, 828, 1, 6, 1
324, 1, 828, 117, 1304, 833, 1, 6, 1
325, 1, 818, 113, 1303, 843, 1, 6, 1
326, 1, 799, 112, 1310, 853, 1, 6, 1
327, 1, 795, 112, 1306, 858, 1, 6, 1
328, 1, 786, 108, 1306, 865, 1, 6, 1
329, 1, 777, 111, 1305, 864, 1, 6, 1
330, 1, 772, 111, 1301, 872, 1, 6, 1
331, 1, 759, 112, 1311, 869, 1, 6, 1
332, 1, 739, 110, 1320, 871, 1, 6, 1
333, 1, 728, 104, 1325, 885, 1, 6, 1
334, 1, 718, 104, 1327, 891, 1, 6, 1
335, 1, 708, 106, 1333, 887, 1, 6, 1
336, 1, 698, 105, 1333, 875, 1, 6, 1
337, 1, 688, 113, 1340, 869, 1, 6, 1
338, 1, 679, 107, 1334, 882, 1, 6, 1
339, 1, 674, 105, 1335, 889, 1, 6, 1
340, 1, 667, 101, 1342, 900, 1, 6, 1
341, 1, 654, 106, 1349, 894, 1, 6, 1
342, 1, 650, 106, 1349, 893, 1, 6, 1
343, 1, 645, 106, 1352, 893, 1, 6, 1
344, 1, 642, 106, 1353, 893, 1, 6, 1
345, 1, 635, 106, 1355, 895, 1, 6, 1
346, 1, 630, 102, 1352, 899, 1, 6, 1
347, 1, 626, 102, 1352, 901, 1, 6, 1
348, 1, 625, 104, 1351, 897, 1, 6, 1
349, 1, 622, 98, 1354, 905, 1, 6, 1
350, 1, 622, 96, 1355, 907, 1, 6, 1
351, 1, 620, 92, 1353, 910, 1, 6, 1
352, 1, 622, 95, 1348, 909, 1, 6, 1
353, 1, 621, 93, 1347, 911, 1, 6, 1
354, 1, 619, 93, 1346, 910, 1, 6, 1
355, 1, 619, 94, 1348, 907, 1, 6, 1
356, 1, 621, 93, 1343, 909, 1, 6, 1
357, 1, 621, 92, 1344, 910, 1, 6, 1
358, 1, 621, 91, 1346, 910, 1, 6, 1
359, 1, 620, 92, 1346, 908, 1, 6, 1
360, 1, 617, 92, 1348, 909, 1, 6, 1
361, 1, 618, 92, 1351, 908, 1, 6, 1
362, 1, 618, 90, 1351, 911, 1, 6, 1
363, 1, 617, 90, 1351, 912, 1, 6, 1
364, 1, 621, 89, 1346, 916, 1, 6, 1
365, 1, 620, 89, 1347, 914, 1, 6, 1
366, 1, 620, 92, 1347, 916, 1, 6, 1
367, 1, 619, 91, 1345, 915, 1, 6, 1
368, 1, 620, 91, 1345, 916, 1, 6, 1
369, 1, 620, 93, 1345, 913, 1, 6, 1
370, 1, 617, 93, 1348, 913, 1, 6, 1
371, 1, 618, 92, 1346, 914, 1, 6, 1
372, 1, 619, 90, 1345, 915, 1, 6, 1
373, 1, 620, 89, 1345, 916, 1, 6, 1
374, 1, 620, 93, 1344, 912, 1, 6, 1
375, 1, 620, 91, 1344, 913, 1, 6, 1
376, 1, 619, 93, 1346, 907, 1, 6, 1
377, 1, 617, 93, 1348, 908, 1, 6, 1
378, 1, 617, 92, 1347, 910, 1, 6, 1
379, 1, 618, 92, 1345, 910, 1, 6, 1
380, 1, 617, 92, 1346, 911, 1, 6, 1
381, 1, 619, 92, 1344, 910, 1, 6, 1
382, 1, 619, 92, 1345, 910, 1, 6, 1
383, 1, 618, 92, 1345, 910, 1, 6, 1
384, 1, 617, 92, 1346, 911, 1, 6, 1
385, 1, 617, 92, 1346, 911, 1, 6, 1
386, 1, 618, 93, 1346, 910, 1, 6, 1
387, 1, 619, 92, 1346, 911, 1, 6, 1
388, 1, 619, 91, 1346, 911, 1, 6, 1
389, 1, 619, 91, 1346, 911, 1, 6, 1
390, 1, 619, 91, 1345, 911, 1, 6, 1
391, 1, 618, 91, 1346, 912, 1, 6, 1
392, 1, 618, 92, 1345, 911, 1, 6, 1
393, 1, 617, 92, 1345, 910, 1, 6, 1
394, 1, 617, 93, 1345, 909, 1, 6, 1
395, 1, 617, 93, 1345, 908, 1, 6, 1
396, 1, 617, 93, 1347, 910, 1, 6, 1
397, 1, 618, 93, 1347, 910, 1, 6, 1
398, 1, 618, 93, 1346, 910, 1, 6, 1
399, 1, 618, 93, 1345, 909, 1, 6, 1
400, 1, 618, 94, 1344, 907, 1, 6, 1
401, 1, 618, 94, 1347, 912, 1, 6, 1
402, 1, 617, 94, 1346, 909, 1, 6, 1
403, 1, 618, 93, 1347, 911, 1, 6, 1
404, 1, 618, 93, 1347, 910, 1, 6, 1
405, 1, 619, 94, 1346, 909, 1, 6, 1
406, 1, 618, 93, 1348, 909, 1, 6, 1
407, 1, 618, 96, 1346, 908, 1, 6, 1
408, 1, 619, 94, 1343, 909, 1, 6, 1
409, 1, 618, 95, 1346, 908, 1, 6, 1
410, 1, 620, 95, 1343, 907, 1, 6, 1
411, 1, 619, 95, 1341, 916, 1, 6, 1
412, 1, 619, 96, 1340, 904, 1, 6, 1
413, 1, 619, 96, 1339, 904, 1, 6, 1
414, 1, 619, 98, 1339, 902, 1, 6, 1
415, 1, 618, 98, 1343, 903, 1, 6, 1
416, 1, 620, 98, 1340, 903, 1, 6, 1
417, 1, 618, 98, 1342, 903, 1, 6, 1
418, 1, 619, 97, 1344, 905, 1, 6, 1
419, 1, 620, 98, 1345, 904, 1, 6, 1
420, 1, 621, 98, 1340, 904, 1, 6, 1
421, 1, 620, 97, 1340, 907, 1, 6, 1
422, 1, 620, 98, 1342, 905, 1, 6, 1
423, 1, 620, 98, 1342, 905, 1, 6, 1
424, 1, 619, 97, 1342, 907, 1, 6, 1
425, 1, 620, 98, 1342, 906, 1, 6, 1
426, 1, 619, 98, 1341, 906, 1, 6, 1
427, 1, 621, 98, 1339, 906, 1, 6, 1
428, 1, 621, 98, 1340, 905, 1, 6, 1
429, 1, 619, 98, 1341, 909, 1, 6, 1
430, 1, 619, 99, 1340, 904, 1, 6, 1
431, 1, 621, 99, 1338, 905, 1, 6, 1
432, 1, 619, 100, 1342, 903, 1, 6, 1
433, 1, 619, 100, 1341, 904, 1, 6, 1
434, 1, 619, 100, 1340, 904, 1, 6, 1
435, 1, 618, 100, 1342, 904, 1, 6, 1
436, 1, 619, 100, 1341, 903, 1, 6, 1
437, 1, 619, 99, 1341, 904, 1, 6, 1
438, 1, 619, 99, 1342, 903, 1, 6, 1
439, 1, 621, 99, 1340, 904, 1, 6, 1
440, 1, 620, 99, 1341, 904, 1, 6, 1
441, 1, 619, 99, 1343, 904, 1, 6, 1
442, 1, 619, 100, 1345, 903, 1, 6, 1
443, 1, 619, 99, 1344, 904, 1, 6, 1
444, 1, 620, 99, 1343, 904, 1, 6, 1
445, 1, 618, 99, 1345, 907, 1, 6, 1
446, 1, 619, 98, 1344, 908, 1, 6, 1
447, 1, 618, 98, 1344, 907, 1, 6, 1
448, 1, 621, 96, 1343, 904, 1, 6, 1
449, 1, 622, 96, 1343, 904, 1, 6, 1
450, 1, 619, 96, 1346, 906, 1, 6, 1
451, 1, 621, 97, 1342, 905, 1, 6, 1
452, 1, 619, 97, 1345, 904, 1, 6, 1
453, 1, 619, 98, 1345, 903, 1, 6, 1
454, 1, 619, 98, 1345, 903, 1, 6, 1
455, 1, 619, 98, 1344, 903, 1, 6, 1
456, 1, 619, 96, 1345, 905, 1, 6, 1
457, 1, 619, 97, 1344, 906, 1, 6, 1
458, 1, 620, 96, 1343, 906, 1, 6, 1
459, 1, 619, 96, 1344, 906, 1, 6, 1
460, 1, 619, 96, 1345, 905, 1, 6, 1
461, 1, 620, 96, 1343, 906, 1, 6, 1
462, 1, 620, 98, 1342, 904, 1, 6, 1
463, 1, 620, 97, 1344, 905, 1, 6, 1
464, 1, 621, 97, 1342, 905, 1, 6, 1
465, 1, 620, 98, 1343, 905, 1, 6, 1
466, 1, 620, 96, 1342, 906, 1, 6, 1
467, 1, 619, 96, 1343, 906, 1, 6, 1
468, 1, 619, 97, 1345, 905, 1, 6, 1
469, 1, 620, 96, 1342, 906, 1, 6, 1
470, 1, 620, 97, 1343, 905, 1, 6, 1
471, 1, 621, 96, 1341, 906, 1, 6, 1
472, 1, 620, 95, 1343, 908, 1, 6, 1
473, 1, 619, 96, 1343, 906, 1, 6, 1
474, 1, 619, 97, 1343, 905, 1, 6, 1
475, 1, 619, 97, 1345, 906, 1, 6, 1
476, 1, 619, 97, 1344, 905, 1, 6, 1
477, 1, 618, 96, 1345, 906, 1, 6, 1
478, 1, 619, 96, 1345, 906, 1, 6, 1
479, 1, 620, 96, 1343, 906, 1, 6, 1
480, 1, 621, 96, 1343, 906, 1, 6, 1
481, 1, 620, 97, 1345, 905, 1, 6, 1
482, 1, 621, 96, 1343, 906, 1, 6, 1
483, 1, 619, 97, 1345, 905, 1, 6, 1
484, 1, 622, 96, 1343, 905, 1, 6, 1
485, 1, 621, 96, 1344, 906, 1, 6, 1
486, 1, 620, 96, 1346, 908, 1, 6, 1
487, 1, 621, 96, 1346, 908, 1, 6, 1
488, 1, 620, 96, 1346, 907, 1, 6, 1
489, 1, 621, 95, 1344, 908, 1, 6, 1
490, 1, 620, 95, 1345, 909, 1, 6, 1
491, 1, 621, 95, 1344, 909, 1, 6, 1
492, 1, 620, 95, 1346, 909, 1, 6, 1
493, 1, 620, 96, 1344, 908, 1, 6, 1
494, 1, 621, 96, 1344, 907, 1, 6, 1
495, 1, 622, 96, 1342, 907, 1, 6, 1
496, 1, 622, 97, 1343, 905, 1, 6, 1
497, 1, 623, 96, 1341, 908, 1, 6, 1
498, 1, 621, 96, 1344, 907, 1, 6, 1
499, 1, 620, 97, 1344, 907, 1, 6, 1
500, 1, 621, 98, 1341, 905, 1, 6, 1
501, 1, 621, 97, 1340, 906, 1, 6, 1
502, 1, 621, 96, 1342, 908, 1, 6, 1
503, 1, 621, 95, 1343, 908, 1, 6, 1
504, 1, 622, 96, 1342, 906, 1, 6, 1
505, 1, 621, 97, 1341, 906, 1, 6, 1
506, 1, 621, 97, 1346, 906, 1, 6, 1
507, 1, 622, 94, 1354, 914, 1, 6, 1
508, 1, 621, 95, 1355, 909, 1, 6, 1
509, 1, 621, 97, 1347, 907, 1, 6, 1
510, 1, 621, 97, 1342, 907, 1, 6, 1
511, 1, 621, 97, 1343, 907, 1, 6, 1
512, 1, 621, 96, 1343, 908, 1, 6, 1
513, 1, 621, 96, 1344, 908, 1, 6, 1
514, 1, 621, 97, 1342, 906, 1, 6, 1
515, 1, 620, 97, 1344, 907, 1, 6, 1
516, 1, 622, 96, 1343, 907, 1, 6, 1
517, 1, 622, 96, 1341, 907, 1, 6, 1
518, 1, 622, 95, 1342, 910, 1, 6, 1
519, 1, 622, 96, 1342, 912, 1, 6, 1
520, 1, 620, 95, 1343, 907, 1, 6, 1
521, 1, 621, 93, 1343, 909, 1, 6, 1
522, 1, 621, 94, 1344, 908, 1, 6, 1
523, 1, 619, 93, 1345, 908, 1, 6, 1
524, 1, 620, 94, 1343, 907, 1, 6, 1
525, 1, 621, 93, 1342, 910, 1, 6, 1
526, 1, 621, 94, 1342, 908, 1, 6, 1
527, 1, 621, 94, 1342, 908, 1, 6, 1
528, 1, 622, 94, 1341, 908, 1, 6, 1
529, 1, 620, 94, 1343, 909, 1, 6, 1
530, 1, 621, 93, 1342, 911, 1, 6, 1
531, 1, 621, 94, 1342, 909, 1, 6, 1
532, 1, 620, 94, 1343, 908, 1, 6, 1
533, 1, 622, 93, 1341, 910, 1, 6, 1
534, 1, 621, 94, 1341, 908, 1, 6, 1
535, 1, 621, 94, 1342, 909, 1, 6, 1
536, 1, 621, 95, 1343, 906, 1, 6, 1
537, 1, 620, 95, 1345, 906, 1, 6, 1
538, 1, 620, 95, 1346, 906, 1, 6, 1
539, 1, 621, 94, 1347, 907, 1, 6, 1
540, 1, 620, 96, 1344, 905, 1, 6, 1
541, 1, 621, 96, 1343, 906, 1, 6, 1
542, 1, 620, 96, 1343, 906, 1, 6, 1
543, 1, 621, 95, 1343, 908, 1, 6, 1
544, 1, 621, 95, 1343, 907, 1, 6, 1
545, 1, 619, 96, 1344, 906, 1, 6, 1
546, 1, 619, 99, 1340, 902, 1, 6, 1
547, 1, 620, 98, 1343, 904, 1, 6, 1
548, 1, 618, 97, 1344, 905, 1, 6, 1
549, 1, 619, 97, 1349, 905, 1, 6, 1
550, 1, 618, 97, 1340, 905, 1, 6, 1
551, 1, 619, 95, 1338, 907, 1, 6, 1
552, 1, 619, 95, 1341, 906, 1, 6, 1
553, 1, 618, 94, 1342, 907, 1, 6, 1
554, 1, 621, 93, 1339, 908, 1, 6, 1
555, 1, 620, 94, 1340, 908, 1, 6, 1
556, 1, 619, 93, 1345, 906, 1, 6, 1
557, 1, 620, 93, 1345, 908, 1, 6, 1
558, 1, 620, 92, 1344, 909, 1, 6, 1
559, 1, 621, 93, 1343, 909, 1, 6, 1
560, 1, 621, 93, 1343, 908, 1, 6, 1
561, 1, 619, 93, 1345, 908, 1, 6, 1
562, 1, 620, 94, 1342, 907, 1, 6, 1
563, 1, 621, 93, 1344, 909, 1, 6, 1
564, 1, 621, 93, 1346, 909, 1, 6, 1
565, 1, 620, 94, 1346, 907, 1, 6, 1
566, 1, 620, 94, 1346, 908, 1, 6, 1
567, 1, 620, 94, 1344, 908, 1, 6, 1
568, 1, 619, 94, 1346, 908, 1, 6, 1
569, 1, 619, 95, 1346, 906, 1, 6, 1
570, 1, 621, 95, 1343, 907, 1, 6, 1
571, 1, 621, 95, 1343, 906, 1, 6, 1
572, 1, 621, 95, 1344, 906, 1, 6, 1
573, 1, 621, 94, 1342, 909, 1, 6, 1
574, 1, 620, 94, 1344, 908, 1, 6, 1
575, 1, 620, 94, 1345, 909, 1, 6, 1
576, 1, 621, 95, 1344, 907, 1, 6, 1
577, 1, 620, 95, 1344, 908, 1, 6, 1
578, 1, 622, 95, 1341, 907, 1, 6, 1
579, 1, 620, 96, 1344, 906, 1, 6, 1
580, 1, 619, 95, 1345, 908, 1, 6, 1
581, 1, 620, 97, 1343, 905, 1, 6, 1
582, 1, 619, 97, 1344, 904, 1, 6, 1
583, 1, 621, 97, 1342, 905, 1, 6, 1
584, 1, 620, 97, 1344, 905, 1, 6, 1
585, 1, 619, 98, 1344, 903, 1, 6, 1
586, 1, 619, 98, 1345, 904, 1, 6, 1
587, 1, 620, 98, 1343, 904, 1, 6, 1
588, 1, 621, 98, 1343, 904, 1, 6, 1
589, 1, 620, 97, 1344, 906, 1, 6, 1
590, 1, 618, 97, 1346, 906, 1, 6, 1
591, 1, 620, 97, 1346, 906, 1, 6, 1
592, 1, 618, 100, 1344, 900, 1, 6, 1
593, 1, 618, 99, 1347, 902, 1, 6, 1
594, 1, 619, 99, 1348, 902, 1, 6, 1
595, 1, 619, 98, 1346, 902, 1, 6, 1
596, 1, 618, 98, 1347, 903, 1, 6, 1
597, 1, 618, 98, 1347, 903, 1, 6, 1
598, 1, 619, 98, 1343, 902, 1, 6, 1
599, 1, 620, 97, 1344, 904, 1, 6, 1
600, 1, 620, 96, 1344, 904, 1, 6, 1
601, 1, 620, 96, 1342, 904, 1, 6, 1
602, 1, 621, 96, 1340, 905, 1, 6, 1
603, 1, 620, 97, 1340, 903, 1, 6, 1
604, 1, 621, 96, 1339, 905, 1, 6, 1
605, 1, 619, 96, 1341, 904, 1, 6, 1
606, 1, 621, 96, 1340, 905, 1, 6, 1
607, 1, 620, 96, 1341, 904, 1, 6, 1
608, 1, 622, 97, 1339, 903, 1, 6, 1
609, 1, 621, 98, 1342, 903, 1, 6, 1
610, 1, 620, 98, 1342, 902, 1, 6, 1
611, 1, 621, 98, 1341, 903, 1, 6, 1
612, 1, 619, 101, 1345, 900, 1, 6, 1
613, 1, 620, 99, 1342, 901, 1, 6, 1
614, 1, 621, 100, 1340, 901, 1, 6, 1
615, 1, 620, 99, 1342, 903, 1, 6, 1
616, 1, 619, 99, 1343, 903, 1, 6, 1
617, 1, 619, 99, 1343, 902, 1, 6, 1
618, 1, 621, 98, 1341, 903, 1, 6, 1
619, 1, 619, 99, 1343, 903, 1, 6, 1
620, 1, 620, 99, 1343, 903, 1, 6, 1
621, 1, 620, 99, 1343, 903, 1, 6, 1
622, 1, 620, 100, 1342, 901, 1, 6, 1
623, 1, 619, 100, 1344, 901, 1, 6, 1
624, 1, 619, 100, 1343, 902, 1, 6, 1
625, 1, 620, 100, 1341, 902, 1, 6, 1
626, 1, 621, 99, 1341, 902, 1, 6, 1
627, 1, 621, 98, 1343, 903, 1, 6, 1
628, 1, 620, 97, 1344, 905, 1, 6, 1
629, 1, 621, 96, 1348, 905, 1, 6, 1
630, 1, 620, 97, 1342, 905, 1, 6, 1
631, 1, 619, 96, 1342, 906, 1, 6, 1
632, 1, 619, 97, 1342, 903, 1, 6, 1
633, 1, 620, 95, 1352, 905, 1, 6, 1
634, 1, 619, 98, 1342, 902, 1, 6, 1
635, 1, 618, 99, 1341, 902, 1, 6, 1
636, 1, 619, 98, 1340, 903, 1, 6, 1
637, 1, 620, 97, 1341, 903, 1, 6, 1
638, 1, 620, 98, 1339, 902, 1, 6, 1
639, 1, 619, 98, 1343, 902, 1, 6, 1
640, 1, 620, 98, 1345, 902, 1, 6, 1
641, 1, 618, 99, 1344, 903, 1, 6, 1
642, 1, 619, 99, 1344, 902, 1, 6, 1
643, 1, 619, 99, 1345, 902, 1, 6, 1
644, 1, 618, 99, 1345, 901, 1, 6, 1
645, 1, 618, 98, 1346, 903, 1, 6, 1
646, 1, 618, 99, 1346, 902, 1, 6, 1
647, 1, 618, 99, 1344, 902, 1, 6, 1
648, 1, 618, 98, 1345, 904, 1, 6, 1
649, 1, 618, 98, 1345, 903, 1, 6, 1
650, 1, 620, 98, 1343, 903, 1, 6, 1
651, 1, 619, 98, 1345, 903, 1, 6, 1
652, 1, 619, 99, 1344, 901, 1, 6, 1
653, 1, 619, 99, 1344, 901, 1, 6, 1
654, 1, 619, 99, 1346, 901, 1, 6, 1
655, 1, 618, 99, 1346, 902, 1, 6, 1
656, 1, 618, 99, 1346, 902, 1, 6, 1
657, 1, 618, 99, 1347, 903, 1, 6, 1
658, 1, 618, 99, 1345, 902, 1, 6, 1
659, 1, 618, 101, 1345, 900, 1, 6, 1
660, 1, 618, 100, 1344, 901, 1, 6, 1
661, 1, 617, 100, 1345, 901, 1, 6, 1
662, 1, 618, 100, 1344, 902, 1, 6, 1
663, 1, 618, 100, 1345, 902, 1, 6, 1
664, 1, 618, 100, 1345, 901, 1, 6, 1
665, 1, 620, 100, 1342, 899, 1, 6, 1
666, 1, 621, 101, 1341, 898, 1, 6, 1
667, 1, 621, 101, 1342, 898, 1, 6, 1
668, 1, 619, 101, 1343, 898, 1, 6, 1
669, 1, 620, 101, 1342, 899, 1, 6, 1
670, 1, 622, 101, 1340, 898, 1, 6, 1
671, 1, 621, 102, 1340, 899, 1, 6, 1
672, 1, 620, 102, 1342, 897, 1, 6, 1
673, 1, 619, 102, 1343, 897, 1, 6, 1
674, 1, 621, 102, 1340, 897, 1, 6, 1
675, 1, 621, 102, 1339, 898, 1, 6, 1
676, 1, 620, 101, 1342, 899, 1, 6, 1
677, 1, 620, 101, 1342, 902, 1, 6, 1
678, 1, 619, 101, 1342, 898, 1, 6, 1
679, 1, 618, 101, 1343, 898, 1, 6, 1
680, 1, 618, 100, 1347, 902, 1, 6, 1
681, 1, 620, 98, 1352, 904, 1, 6, 1
682, 1, 620, 99, 1343, 903, 1, 6, 1
683, 1, 619, 99, 1341, 902, 1, 6, 1
684, 1, 618, 97, 1358, 903, 1, 6, 1
685, 1, 619, 99, 1344, 901, 1, 6, 1
686, 1, 618, 101, 1341, 899, 1, 6, 1
687, 1, 620, 100, 1342, 901, 1, 6, 1
688, 1, 621, 101, 1338, 899, 1, 6, 1
689, 1, 621, 101, 1337, 899, 1, 6, 1
690, 1, 621, 100, 1338, 901, 1, 6, 1
691, 1, 620, 101, 1339, 901, 1, 6, 1
692, 1, 621, 101, 1336, 899, 1, 6, 1
693, 1, 624, 103, 1333, 898, 1, 6, 1
694, 1, 625, 102, 1333, 899, 1, 6, 1
695, 1, 623, 101, 1336, 899, 1, 6, 1
696, 1, 625, 100, 1337, 902, 1, 6, 1
697, 1, 631, 98, 1331, 903, 1, 6, 1
698, 1, 631, 97, 1330, 904, 1, 6, 1
699, 1, 637, 100, 1323, 902, 1, 6, 1
700, 1, 649, 100, 1316, 901, 1, 6, 1
701, 1, 650, 97, 1321, 906, 1, 6, 1
702, 1, 649, 95, 1323, 912, 1, 6, 1
703, 1, 654, 96, 1321, 910, 1, 6, 1
704, 1, 659, 93, 1320, 912, 1, 6, 1
705, 1, 665, 94, 1316, 911, 1, 6, 1
706, 1, 671, 93, 1311, 914, 1, 6, 1
707, 1, 676, 93, 1311, 915, 1, 6, 1
708, 1, 682, 99, 1307, 910, 1, 6, 1
709, 1, 698, 103, 1294, 905, 1, 6, 1
710, 1, 708, 111, 1283, 895, 1, 6, 1
711, 1, 708, 110, 1283, 899, 1, 6, 1
712, 1, 716, 104, 1276, 900, 1, 6, 1
713, 1, 728, 97, 1264, 909, 1, 6, 1
714, 1, 732, 101, 1261, 906, 1, 6, 1
715, 1, 746, 99, 1246, 900, 1, 6, 1
716, 1, 757, 102, 1237, 898, 1, 6, 1
717, 1, 769, 102, 1226, 895, 1, 6, 1
718, 1, 782, 104, 1217, 890, 1, 6, 1
719, 1, 792, 103, 1207, 893, 1, 6, 1
720, 1, 802, 103, 1199, 890, 1, 6, 1
721, 1, 820, 105, 1179, 882, 1, 6, 1
722, 1, 826, 106, 1171, 876, 1, 6, 1
723, 1, 839, 110, 1157, 867, 1, 6, 1
724, 1, 858, 108, 1138, 861, 1, 6, 1
725, 1, 867, 111, 1131, 847, 1, 6, 1
726, 1, 883, 111, 1116, 831, 1, 6, 1
727, 1, 895, 116, 1104, 832, 1, 6, 1
728, 1, 895, 116, 1104, 832, 1, 6, 1
729, 1, 910, 114, 1104, 832, 1, 6, 1
730, 1, 918, 116, 1104, 832, 1, 6, 1
731, 1, 912, 109, 1104, 832, 1, 6, 1
732, 1, 962, 123, 1033, 810, 1, 6, 1
733, 1, 975, 118, 1018, 836, 1, 6, 1
734, 1, 1000, 124, 1002, 808, 1, 6, 1
735, 1, 1025, 128, 976, 800, 1, 6, 1
736, 1, 1029, 127, 978, 794, 1, 6, 1
737, 1, 1037, 133, 967, 794, 1, 6, 1
738, 1, 1058, 133, 946, 791, 1, 6, 1
739, 1, 1086, 132, 916, 793, 1, 6, 1
740, 1, 1087, 131, 916, 783, 1, 6, 1
741, 1, 1098, 139, 908, 765, 1, 6, 1
742, 1, 1118, 145, 888, 754, 1, 6, 1
743, 1, 1132, 156, 875, 741, 1, 6, 1
744, 1, 1141, 155, 863, 737, 1, 6, 1
745, 1, 1141, 155, 863, 737, 1, 6, 1
746, 1, 1146, 151, 862, 737, 1, 6, 1
747, 1, 1159, 153, 848, 737, 1, 6, 1
748, 1, 1189, 158, 813, 724, 1, 6, 1
749, 1, 1228, 157, 773, 726, 1, 6, 1
750, 1, 1242, 165, 760, 709, 1, 6, 1
751, 1, 1254, 161, 742, 712, 1, 6, 1
752, 1, 1263, 160, 729, 707, 1, 6, 1
753, 1, 1266, 162, 729, 705, 1, 6, 1
754, 1, 1282, 163, 702, 705, 1, 6, 1
755, 1, 1292, 165, 697, 696, 1, 6, 1
756, 1, 1312, 166, 675, 693, 1, 6, 1
757, 1, 1320, 168, 668, 684, 1, 6, 1
758, 1, 1343, 171, 645, 671, 1, 6, 1
759, 1, 1352, 174, 631, 660, 1, 6, 1
760, 1, 1369, 175, 612, 652, 1, 6, 1
761, 1, 1375, 179, 593, 650, 1, 6, 1
762, 1, 1381, 181, 586, 652, 1, 6, 1
763, 1, 1392, 181, 566, 649, 1, 6, 1
764, 1, 1407, 185, 544, 645, 1, 6, 1
765, 1, 1419, 187, 530, 642, 1, 6, 1
766, 1, 1435, 188, 508, 641, 1, 6, 1
767, 1, 1434, 188, 514, 639, 1, 6, 1
768, 1, 1445, 191, 501, 630, 1, 6, 1
769, 1, 1454, 193, 493, 623, 1, 6, 1
770, 1, 1461, 194, 484, 638, 1, 6, 1
771, 1, 1467, 196, 467, 620, 1, 6, 1
772, 1, 1476, 200, 467, 624, 1, 6, 1
773, 1, 1476, 201, 451, 625, 1, 6, 1
774, 1, 1486, 202, 447, 614, 1, 6, 1
775, 1, 1494, 203, 422, 614, 1, 6, 1
776, 1, 1501, 204, 412, 616, 1, 6, 1
777, 1, 1500, 205, 402, 605, 1, 6, 1
778, 1, 1507, 207, 383, 603, 1, 6, 1
779, 1, 1513, 210, 380, 599, 1, 6, 1
780, 1, 1517, 211, 375, 578, 1, 6, 1
781, 1, 1516, 215, 367, 570, 1, 6, 1
782, 1, 1516, 215, 367, 570, 1, 6, 1
783, 1, 1516, 215, 367, 570, 1, 6, 1
784, 1, 1516, 215, 367, 570, 1, 6, 1
785, 1, 1534, 219, 368, 570, 1, 6, 1
786, 1, 1539, 222, 350, 548, 1, 6, 1
787, 1, 1546, 223, 350, 547, 1, 6, 1
788, 1, 1546, 223, 350, 547, 1, 6, 1
789, 1, 1546, 223, 350, 547, 1, 6, 1
790, 1, 1546, 223, 350, 547, 1, 6, 1
791, 1, 1560, 221, 350, 548, 1, 6, 1
792, 1, 1566, 229, 335, 516, 1, 6, 1
793, 1, 1566, 229, 335, 516, 1, 6, 1
794, 1, 1566, 229, 335, 516, 1, 6, 1
795, 1, 1566, 229, 335, 516, 1, 6, 1
796, 1, 1566, 229, 335, 516, 1, 6, 1
797, 1, 1566, 229, 335, 516, 1, 6, 1
798, 1, 1566, 229, 335, 516, 1, 6, 1
799, 1, 1566, 229, 335, 516, 1, 6, 1
800, 1, 1566, 229, 335, 516, 1, 6, 1
801, 1, 1566, 229, 335, 516, 1, 6, 1
802, 1, 1566, 229, 335, 516, 1, 6, 1
803, 1, 1566, 229, 335, 516, 1, 6, 1
804, 1, 1530, 237, 371, 508, 1, 6, 1
805, 1, 1530, 237, 371, 508, 1, 6, 1
806, 1, 1530, 237, 371, 508, 1, 6, 1
807, 1, 1519, 237, 371, 508, 1, 6, 1
808, 1, 1512, 241, 402, 443, 1, 6, 1
809, 1, 1512, 241, 402, 443, 1, 6, 1
810, 1, 1504, 241, 403, 443, 1, 6, 1
811, 1, 1496, 241, 409, 443, 1, 6, 1
812, 1, 1496, 241, 409, 443, 1, 6, 1
813, 1, 1487, 245, 421, 430, 1, 6, 1
814, 1, 1480, 244, 417, 428, 1, 6, 1
815, 1, 1471, 248, 425, 421, 1, 6, 1
816, 1, 1465, 248, 427, 418, 1, 6, 1
817, 1, 1462, 248, 435, 413, 1, 6, 1
818, 1, 1453, 250, 437, 414, 1, 6, 1
819, 1, 1453, 250, 437, 414, 1, 6, 1
820, 1, 1453, 250, 437, 414, 1, 6, 1