1, 1, 591, 397, 424, 284, 1, 7, 1
2, 1, 588, 395, 429, 286, 1, 7, 1
3, 1, 593, 397, 424, 284, 1, 7, 1
4, 1, 591, 392, 426, 290, 1, 7, 1
5, 1, 598, 392, 420, 291, 1, 7, 1
6, 1, 599, 393, 419, 289, 1, 7, 1
7, 1, 600, 391, 416, 293, 1, 7, 1
8, 1, 602, 389, 417, 295, 1, 7, 1
9, 1, 602, 389, 417, 295, 1, 7, 1
10, 1, 606, 389, 413, 293, 1, 7, 1
11, 1, 606, 388, 412, 293, 1, 7, 1
12, 1, 606, 389, 412, 291, 1, 7, 1
13, 1, 607, 388, 413, 296, 1, 7, 1
14, 1, 607, 387, 413, 300, 1, 7, 1
15, 1, 607, 387, 412, 296, 1, 7, 1
16, 1, 603, 387, 415, 297, 1, 7, 1
17, 1, 603, 387, 416, 297, 1, 7, 1
18, 1, 608, 387, 412, 298, 1, 7, 1
19, 1, 603, 387, 417, 297, 1, 7, 1
20, 1, 602, 387, 418, 296, 1, 7, 1
21, 1, 607, 386, 414, 298, 1, 7, 1
22, 1, 601, 386, 419, 297, 1, 7, 1
23, 1, 601, 386, 419, 298, 1, 7, 1
24, 1, 602, 386, 418, 298, 1, 7, 1
25, 1, 601, 386, 418, 297, 1, 7, 1
26, 1, 605, 384, 414, 299, 1, 7, 1
27, 1, 605, 384, 415, 300, 1, 7, 1
28, 1, 604, 383, 415, 301, 1, 7, 1
29, 1, 605, 383, 414, 300, 1, 7, 1
30, 1, 600, 383, 421, 300, 1, 7, 1
31, 1, 600, 382, 420, 302, 1, 7, 1
32, 1, 599, 382, 418, 303, 1, 7, 1
33, 1, 605, 382, 413, 303, 1, 7, 1
34, 1, 605, 382, 412, 302, 1, 7, 1
35, 1, 600, 382, 417, 302, 1, 7, 1
36, 1, 598, 382, 419, 301, 1, 7, 1
37, 1, 599, 383, 419, 300, 1, 7, 1
38, 1, 599, 383, 419, 300, 1, 7, 1
39, 1, 600, 382, 418, 303, 1, 7, 1
40, 1, 604, 382, 414, 302, 1, 7, 1
41, 1, 600, 381, 418, 304, 1, 7, 1
42, 1, 600, 380, 419, 304, 1, 7, 1
43, 1, 600, 379, 418, 305, 1, 7, 1
44, 1, 602, 380, 416, 304, 1, 7, 1
45, 1, 600, 379, 416, 305, 1, 7, 1
46, 1, 600, 378, 417, 307, 1, 7, 1
47, 1, 599, 378, 419, 306, 1, 7, 1
48, 1, 601, 378, 417, 306, 1, 7, 1
49, 1, 602, 379, 416, 306, 1, 7, 1
50, 1, 602, 378, 416, 308, 1, 7, 1
51, 1, 601, 377, 417, 308, 1, 7, 1
52, 1, 601, 377, 417, 308, 1, 7, 1
53, 1, 601, 377, 418, 308, 1, 7, 1
54, 1, 601, 377, 418, 308, 1, 7, 1
55, 1, 601, 377, 418, 308, 1, 7, 1
56, 1, 602, 378, 416, 308, 1, 7, 1
57, 1, 600, 377, 419, 308, 1, 7, 1
58, 1, 602, 378, 417, 305, 1, 7, 1
59, 1, 602, 378, 416, 306, 1, 7, 1
60, 1, 603, 378, 415, 305, 1, 7, 1
61, 1, 605, 378, 413, 305, 1, 7, 1
62, 1, 601, 378, 415, 304, 1, 7, 1
63, 1, 600, 378, 416, 304, 1, 7, 1
64, 1, 602, 378, 416, 305, 1, 7, 1
65, 1, 601, 378, 415, 305, 1, 7, 1
66, 1, 601, 379, 416, 304, 1, 7, 1
67, 1, 601, 379, 416, 304, 1, 7, 1
68, 1, 600, 377, 415, 306, 1, 7, 1
69, 1, 602, 377, 414, 306, 1, 7, 1
70, 1, 602, 377, 415, 307, 1, 7, 1
71, 1, 602, 374, 413, 309, 1, 7, 1
72, 1, 601, 375, 416, 307, 1, 7, 1
73, 1, 602, 372, 414, 310, 1, 7, 1
74, 1, 603, 370, 412, 312, 1, 7, 1
75, 1, 603, 370, 412, 312, 1, 7, 1
76, 1, 603, 369, 412, 314, 1, 7, 1
77, 1, 602, 367, 411, 317, 1, 7, 1
78, 1, 603, 364, 410, 321, 1, 7, 1
79, 1, 602, 362, 411, 322, 1, 7, 1
80, 1, 603, 361, 410, 323, 1, 7, 1
81, 1, 602, 359, 409, 324, 1, 7, 1
82, 1, 602, 358, 410, 326, 1, 7, 1
83, 1, 603, 357, 407, 325, 1, 7, 1
84, 1, 602, 356, 408, 326, 1, 7, 1
85, 1, 602, 354, 407, 328, 1, 7, 1
86, 1, 599, 354, 410, 328, 1, 7, 1
87, 1, 599, 354, 410, 327, 1, 7, 1
88, 1, 599, 354, 411, 326, 1, 7, 1
89, 1, 597, 352, 409, 330, 1, 7, 1
90, 1, 595, 352, 410, 329, 1, 7, 1
91, 1, 595, 352, 409, 329, 1, 7, 1
92, 1, 597, 352, 407, 329, 1, 7, 1
93, 1, 590, 353, 411, 329, 1, 7, 1
94, 1, 590, 353, 410, 331, 1, 7, 1
95, 1, 588, 351, 411, 332, 1, 7, 1
96, 1, 587, 350, 410, 331, 1, 7, 1
97, 1, 585, 350, 409, 332, 1, 7, 1
98, 1, 583, 350, 409, 332, 1, 7, 1
99, 1, 582, 350, 410, 332, 1, 7, 1
100, 1, 581, 350, 409, 332, 1, 7, 1
101, 1, 581, 351, 407, 333, 1, 7, 1
102, 1, 577, 351, 410, 332, 1, 7, 1
103, 1, 575, 350, 410, 333, 1, 7, 1
104, 1, 575, 351, 408, 332, 1, 7, 1
105, 1, 575, 351, 409, 332, 1, 7, 1
106, 1, 572, 350, 410, 334, 1, 7, 1
107, 1, 570, 349, 409, 334, 1, 7, 1
108, 1, 570, 349, 409, 335, 1, 7, 1
109, 1, 570, 349, 410, 336, 1, 7, 1
110, 1, 569, 348, 408, 336, 1, 7, 1
111, 1, 568, 348, 410, 336, 1, 7, 1
112, 1, 567, 347, 410, 336, 1, 7, 1
113, 1, 567, 347, 408, 337, 1, 7, 1
114, 1, 567, 347, 407, 338, 1, 7, 1
115, 1, 561, 344, 410, 340, 1, 7, 1
116, 1, 561, 344, 408, 340, 1, 7, 1
117, 1, 561, 344, 408, 342, 1, 7, 1
118, 1, 562, 344, 406, 341, 1, 7, 1
119, 1, 561, 345, 407, 341, 1, 7, 1
120, 1, 560, 345, 408, 340, 1, 7, 1
121, 1, 557, 345, 409, 341, 1, 7, 1
122, 1, 557, 345, 407, 342, 1, 7, 1
123, 1, 557, 345, 407, 341, 1, 7, 1
124, 1, 556, 345, 407, 343, 1, 7, 1
125, 1, 556, 344, 406, 342, 1, 7, 1
126, 1, 552, 343, 408, 344, 1, 7, 1
127, 1, 552, 343, 408, 344, 1, 7, 1
128, 1, 550, 342, 410, 346, 1, 7, 1
129, 1, 549, 343, 409, 345, 1, 7, 1
130, 1, 552, 343, 404, 344, 1, 7, 1
131, 1, 548, 342, 407, 347, 1, 7, 1
132, 1, 547, 342, 405, 345, 1, 7, 1
133, 1, 549, 341, 400, 345, 1, 7, 1
134, 1, 549, 341, 400, 344, 1, 7, 1
135, 1, 547, 342, 403, 343, 1, 7, 1
136, 1, 547, 341, 402, 343, 1, 7, 1
137, 1, 546, 341, 402, 345, 1, 7, 1
138, 1, 547, 340, 400, 344, 1, 7, 1
139, 1, 547, 340, 399, 344, 1, 7, 1
140, 1, 547, 340, 400, 344, 1, 7, 1
141, 1, 547, 339, 399, 345, 1, 7, 1
142, 1, 544, 337, 401, 348, 1, 7, 1
143, 1, 542, 336, 403, 349, 1, 7, 1
144, 1, 545, 336, 398, 348, 1, 7, 1
145, 1, 543, 334, 400, 351, 1, 7, 1
146, 1, 543, 334, 401, 350, 1, 7, 1
147, 1, 543, 331, 398, 351, 1, 7, 1
148, 1, 547, 330, 392, 351, 1, 7, 1
149, 1, 546, 329, 390, 353, 1, 7, 1
150, 1, 546, 329, 390, 353, 1, 7, 1
151, 1, 546, 329, 387, 352, 1, 7, 1
152, 1, 548, 329, 385, 351, 1, 7, 1
153, 1, 548, 329, 385, 351, 1, 7, 1
154, 1, 550, 328, 380, 353, 1, 7, 1
155, 1, 550, 326, 381, 355, 1, 7, 1
156, 1, 552, 321, 376, 358, 1, 7, 1
157, 1, 552, 321, 377, 359, 1, 7, 1
158, 1, 553, 318, 373, 360, 1, 7, 1
159, 1, 555, 319, 370, 359, 1, 7, 1
160, 1, 559, 319, 366, 361, 1, 7, 1
161, 1, 558, 316, 365, 365, 1, 7, 1
162, 1, 559, 313, 364, 367, 1, 7, 1
163, 1, 560, 312, 360, 367, 1, 7, 1
164, 1, 560, 312, 361, 367, 1, 7, 1
165, 1, 563, 313, 356, 365, 1, 7, 1
166, 1, 567, 312, 350, 366, 1, 7, 1
167, 1, 567, 312, 349, 366, 1, 7, 1
168, 1, 568, 310, 345, 367, 1, 7, 1
169, 1, 568, 306, 345, 370, 1, 7, 1
170, 1, 570, 306, 340, 370, 1, 7, 1
171, 1, 572, 303, 338, 373, 1, 7, 1
172, 1, 572, 303, 338, 373, 1, 7, 1
173, 1, 574, 303, 334, 372, 1, 7, 1
174, 1, 575, 298, 331, 375, 1, 7, 1
175, 1, 576, 298, 329, 374, 1, 7, 1
176, 1, 577, 297, 326, 376, 1, 7, 1
177, 1, 576, 296, 325, 377, 1, 7, 1
178, 1, 577, 296, 324, 378, 1, 7, 1
179, 1, 577, 296, 323, 377, 1, 7, 1
180, 1, 576, 297, 324, 377, 1, 7, 1
181, 1, 576, 297, 322, 375, 1, 7, 1
182, 1, 576, 298, 321, 375, 1, 7, 1
183, 1, 573, 298, 324, 375, 1, 7, 1
184, 1, 573, 298, 324, 375, 1, 7, 1
185, 1, 570, 297, 324, 376, 1, 7, 1
186, 1, 569, 297, 324, 375, 1, 7, 1
187, 1, 568, 298, 324, 372, 1, 7, 1
188, 1, 568, 299, 322, 373, 1, 7, 1
189, 1, 569, 298, 320, 375, 1, 7, 1
190, 1, 570, 298, 320, 374, 1, 7, 1
191, 1, 568, 297, 321, 376, 1, 7, 1
192, 1, 566, 297, 323, 376, 1, 7, 1
193, 1, 564, 296, 324, 379, 1, 7, 1
194, 1, 563, 295, 326, 380, 1, 7, 1
195, 1, 564, 295, 325, 379, 1, 7, 1
196, 1, 564, 295, 325, 379, 1, 7, 1
197, 1, 563, 295, 325, 379, 1, 7, 1
198, 1, 561, 295, 327, 378, 1, 7, 1
199, 1, 559, 296, 331, 378, 1, 7, 1
200, 1, 560, 295, 329, 379, 1, 7, 1
201, 1, 559, 295, 329, 378, 1, 7, 1
202, 1, 559, 295, 329, 378, 1, 7, 1
203, 1, 561, 296, 329, 374, 1, 7, 1
204, 1, 561, 296, 328, 375, 1, 7, 1
205, 1, 561, 295, 327, 377, 1, 7, 1
206, 1, 561, 295, 327, 377, 1, 7, 1
207, 1, 561, 296, 328, 376, 1, 7, 1
208, 1, 561, 296, 328, 376, 1, 7, 1
209, 1, 561, 296, 327, 374, 1, 7, 1
210, 1, 560, 296, 328, 376, 1, 7, 1
211, 1, 560, 295, 328, 376, 1, 7, 1
212, 1, 559, 295, 330, 377, 1, 7, 1
213, 1, 560, 295, 328, 376, 1, 7, 1
214, 1, 560, 295, 329, 377, 1, 7, 1
215, 1, 558, 295, 329, 375, 1, 7, 1
216, 1, 560, 296, 327, 374, 1, 7, 1
217, 1, 559, 297, 327, 373, 1, 7, 1
218, 1, 558, 297, 327, 373, 1, 7, 1
219, 1, 558, 298, 327, 373, 1, 7, 1
220, 1, 558, 298, 326, 373, 1, 7, 1
221, 1, 559, 300, 325, 368, 1, 7, 1
222, 1, 557, 300, 326, 367, 1, 7, 1
223, 1, 558, 300, 323, 366, 1, 7, 1
224, 1, 557, 301, 325, 365, 1, 7, 1
225, 1, 555, 301, 326, 365, 1, 7, 1
226, 1, 555, 301, 326, 365, 1, 7, 1
227, 1, 555, 300, 325, 368, 1, 7, 1
228, 1, 554, 300, 326, 367, 1, 7, 1
229, 1, 554, 303, 323, 366, 1, 7, 1
230, 1, 553, 303, 325, 365, 1, 7, 1
231, 1, 544, 302, 330, 364, 1, 7, 1
232, 1, 546, 300, 328, 367, 1, 7, 1
233, 1, 544, 300, 329, 368, 1, 7, 1
234, 1, 541, 301, 332, 365, 1, 7, 1
235, 1, 541, 301, 332, 365, 1, 7, 1
236, 1, 536, 305, 336, 361, 1, 7, 1
237, 1, 536, 305, 335, 362, 1, 7, 1
238, 1, 534, 303, 335, 362, 1, 7, 1
239, 1, 525, 305, 343, 360, 1, 7, 1
240, 1, 525, 305, 343, 360, 1, 7, 1
241, 1, 522, 308, 345, 356, 1, 7, 1
242, 1, 518, 307, 349, 356, 1, 7, 1
243, 1, 517, 308, 350, 356, 1, 7, 1
244, 1, 515, 306, 351, 355, 1, 7, 1
245, 1, 514, 309, 353, 354, 1, 7, 1
246, 1, 510, 309, 355, 353, 1, 7, 1
247, 1, 506, 307, 359, 351, 1, 7, 1
248, 1, 504, 309, 359, 349, 1, 7, 1
249, 1, 504, 308, 359, 349, 1, 7, 1
250, 1, 501, 308, 361, 349, 1, 7, 1
251, 1, 497, 306, 366, 348, 1, 7, 1
252, 1, 497, 306, 365, 348, 1, 7, 1
253, 1, 487, 307, 375, 347, 1, 7, 1
254, 1, 489, 307, 373, 347, 1, 7, 1
255, 1, 485, 308, 375, 346, 1, 7, 1
256, 1, 486, 312, 374, 343, 1, 7, 1
257, 1, 478, 313, 383, 343, 1, 7, 1
258, 1, 473, 313, 387, 343, 1, 7, 1
259, 1, 471, 312, 389, 345, 1, 7, 1
260, 1, 471, 312, 389, 344, 1, 7, 1
261, 1, 470, 311, 389, 345, 1, 7, 1
262, 1, 466, 310, 394, 349, 1, 7, 1
263, 1, 464, 311, 396, 345, 1, 7, 1
264, 1, 458, 312, 401, 344, 1, 7, 1
265, 1, 454, 313, 405, 343, 1, 7, 1
266, 1, 454, 313, 405, 345, 1, 7, 1
267, 1, 450, 314, 409, 343, 1, 7, 1
268, 1, 447, 315, 412, 341, 1, 7, 1
269, 1, 446, 317, 413, 341, 1, 7, 1
270, 1, 446, 317, 414, 341, 1, 7, 1
271, 1, 441, 327, 419, 332, 1, 7, 1
272, 1, 441, 327, 420, 331, 1, 7, 1
273, 1, 438, 327, 422, 332, 1, 7, 1
274, 1, 437, 337, 424, 322, 1, 7, 1
275, 1, 434, 336, 425, 324, 1, 7, 1
276, 1, 432, 335, 428, 323, 1, 7, 1
277, 1, 425, 340, 437, 319, 1, 7, 1
278, 1, 425, 340, 436, 320, 1, 7, 1
279, 1, 423, 345, 438, 313, 1, 7, 1
280, 1, 422, 345, 440, 313, 1, 7, 1
281, 1, 420, 343, 440, 315, 1, 7, 1
282, 1, 419, 346, 442, 311, 1, 7, 1
283, 1, 419, 346, 441, 311, 1, 7, 1
284, 1, 416, 348, 445, 310, 1, 7, 1
285, 1, 415, 348, 446, 309, 1, 7, 1
286, 1, 412, 349, 450, 306, 1, 7, 1
287, 1, 412, 352, 450, 303, 1, 7, 1
288, 1, 410, 354, 454, 302, 1, 7, 1
289, 1, 408, 354, 453, 300, 1, 7, 1
290, 1, 409, 354, 451, 301, 1, 7, 1
291, 1, 408, 356, 454, 298, 1, 7, 1
292, 1, 407, 357, 452, 297, 1, 7, 1
293, 1, 406, 358, 455, 295, 1, 7, 1
294, 1, 407, 361, 453, 290, 1, 7, 1
295, 1, 405, 363, 457, 289, 1, 7, 1
296, 1, 404, 364, 457, 288, 1, 7, 1
297, 1, 404, 367, 457, 285, 1, 7, 1
298, 1, 407, 370, 455, 284, 1, 7, 1
299, 1, 406, 372, 455, 281, 1, 7, 1
300, 1, 403, 372, 458, 284, 1, 7, 1
301, 1, 403, 374, 458, 282, 1, 7, 1
302, 1, 403, 374, 458, 282, 1, 7, 1
303, 1, 404, 374, 457, 282, 1, 7, 1
304, 1, 406, 378, 454, 278, 1, 7, 1
305, 1, 407, 380, 453, 277, 1, 7, 1
306, 1, 408, 381, 450, 275, 1, 7, 1
307, 1, 407, 381, 450, 276, 1, 7, 1
308, 1, 408, 382, 449, 274, 1, 7, 1
309, 1, 413, 387, 445, 269, 1, 7, 1
310, 1, 417, 390, 441, 267, 1, 7, 1
311, 1, 420, 392, 438, 264, 1, 7, 1
312, 1, 420, 393, 436, 263, 1, 7, 1
313, 1, 422, 395, 434, 262, 1, 7, 1
314, 1, 421, 396, 435, 260, 1, 7, 1
315, 1, 426, 402, 431, 254, 1, 7, 1
316, 1, 429, 408, 427, 248, 1, 7, 1
317, 1, 432, 412, 425, 244, 1, 7, 1
318, 1, 435, 416, 420, 239, 1, 7, 1
319, 1, 438, 416, 419, 240, 1, 7, 1
320, 1, 438, 416, 420, 240, 1, 7, 1
321, 1, 441, 417, 415, 238, 1, 7, 1
322, 1, 448, 418, 409, 237, 1, 7, 1
323, 1, 452, 421, 404, 235, 1, 7, 1
324, 1, 457, 424, 398, 231, 1, 7, 1
325, 1, 463, 424, 389, 230, 1, 7, 1
326, 1, 463, 424, 389, 231, 1, 7, 1
327, 1, 467, 425, 385, 233, 1, 7, 1
328, 1, 477, 427, 374, 231, 1, 7, 1
329, 1, 482, 428, 368, 230, 1, 7, 1
330, 1, 488, 430, 362, 227, 1, 7, 1
331, 1, 488, 430, 363, 228, 1, 7, 1
332, 1, 495, 430, 354, 228, 1, 7, 1
333, 1, 501, 431, 347, 228, 1, 7, 1
334, 1, 505, 430, 342, 229, 1, 7, 1
335, 1, 511, 433, 337, 227, 1, 7, 1
336, 1, 515, 433, 332, 226, 1, 7, 1
337, 1, 515, 433, 332, 227, 1, 7, 1
338, 1, 522, 435, 326, 223, 1, 7, 1
339, 1, 524, 434, 324, 224, 1, 7, 1
340, 1, 534, 433, 315, 227, 1, 7, 1
341, 1, 542, 435, 310, 223, 1, 7, 1
342, 1, 542, 435, 311, 223, 1, 7, 1
343, 1, 550, 433, 300, 225, 1, 7, 1
344, 1, 551, 436, 302, 222, 1, 7, 1
345, 1, 558, 437, 293, 221, 1, 7, 1
346, 1, 568, 437, 283, 220, 1, 7, 1
347, 1, 570, 437, 279, 222, 1, 7, 1
348, 1, 572, 438, 276, 221, 1, 7, 1
349, 1, 572, 438, 277, 220, 1, 7, 1
350, 1, 581, 437, 267, 221, 1, 7, 1
351, 1, 581, 437, 267, 221, 1, 7, 1
352, 1, 581, 437, 267, 221, 1, 7, 1
353, 1, 577, 438, 272, 220, 1, 7, 1
354, 1, 577, 439, 273, 219, 1, 7, 1
355, 1, 578, 439, 269, 219, 1, 7, 1
356, 1, 577, 440, 271, 217, 1, 7, 1
357, 1, 576, 440, 271, 217, 1, 7, 1
358, 1, 577, 440, 270, 217, 1, 7, 1
359, 1, 576, 439, 266, 216, 1, 7, 1
360, 1, 580, 441, 266, 216, 1, 7, 1
361, 1, 579, 440, 265, 217, 1, 7, 1
362, 1, 580, 440, 265, 217, 1, 7, 1
363, 1, 581, 441, 265, 214, 1, 7, 1
364, 1, 579, 441, 267, 214, 1, 7, 1
365, 1, 580, 440, 265, 215, 1, 7, 1
366, 1, 579, 441, 266, 213, 1, 7, 1
367, 1, 579, 441, 267, 214, 1, 7, 1
368, 1, 580, 442, 262, 213, 1, 7, 1
369, 1, 577, 442, 264, 214, 1, 7, 1
370, 1, 577, 442, 266, 214, 1, 7, 1
371, 1, 576, 442, 267, 216, 1, 7, 1
372, 1, 572, 441, 271, 218, 1, 7, 1
373, 1, 572, 442, 271, 219, 1, 7, 1
374, 1, 573, 442, 270, 219, 1, 7, 1
375, 1, 573, 442, 269, 218, 1, 7, 1
376, 1, 571, 443, 268, 219, 1, 7, 1
377, 1, 572, 442, 268, 222, 1, 7, 1
378, 1, 572, 442, 269, 222, 1, 7, 1
379, 1, 573, 442, 267, 223, 1, 7, 1
380, 1, 573, 442, 267, 226, 1, 7, 1
381, 1, 573, 442, 268, 225, 1, 7, 1
382, 1, 572, 443, 269, 226, 1, 7, 1
383, 1, 573, 443, 268, 229, 1, 7, 1
384, 1, 573, 443, 267, 230, 1, 7, 1
385, 1, 576, 443, 264, 235, 1, 7, 1
386, 1, 574, 443, 267, 236, 1, 7, 1
387, 1, 573, 443, 268, 236, 1, 7, 1
388, 1, 573, 443, 268, 236, 1, 7, 1
389, 1, 573, 444, 267, 240, 1, 7, 1
390, 1, 574, 444, 266, 243, 1, 7, 1
391, 1, 574, 444, 266, 245, 1, 7, 1
392, 1, 574, 444, 267, 248, 1, 7, 1
393, 1, 574, 444, 267, 248, 1, 7, 1
394, 1, 573, 444, 267, 250, 1, 7, 1
395, 1, 574, 444, 267, 250, 1, 7, 1
396, 1, 573, 444, 265, 255, 1, 7, 1
397, 1, 577, 444, 260, 260, 1, 7, 1
398, 1, 574, 444, 263, 259, 1, 7, 1
399, 1, 574, 444, 263, 257, 1, 7, 1
400, 1, 575, 443, 260, 266, 1, 7, 1
401, 1, 575, 442, 261, 270, 1, 7, 1
402, 1, 575, 443, 261, 271, 1, 7, 1
403, 1, 575, 444, 260, 270, 1, 7, 1
404, 1, 575, 444, 261, 271, 1, 7, 1
405, 1, 574, 444, 262, 271, 1, 7, 1
406, 1, 575, 444, 262, 270, 1, 7, 1
407, 1, 575, 445, 262, 269, 1, 7, 1
408, 1, 576, 445, 262, 270, 1, 7, 1
409, 1, 576, 445, 261, 270, 1, 7, 1
410, 1, 576, 445, 262, 270, 1, 7, 1
411, 1, 575, 445, 262, 270, 1, 7, 1
412, 1, 576, 445, 262, 269, 1, 7, 1
413, 1, 576, 445, 262, 269, 1, 7, 1
414, 1, 574, 445, 264, 270, 1, 7, 1
415, 1, 575, 445, 262, 272, 1, 7, 1
416, 1, 574, 445, 263, 271, 1, 7, 1
417, 1, 576, 445, 262, 272, 1, 7, 1
418, 1, 576, 445, 262, 272, 1, 7, 1
419, 1, 575, 445, 263, 270, 1, 7, 1
420, 1, 575, 446, 262, 269, 1, 7, 1
421, 1, 576, 446, 263, 269, 1, 7, 1
422, 1, 575, 446, 264, 267, 1, 7, 1
423, 1, 575, 446, 264, 268, 1, 7, 1
424, 1, 575, 446, 263, 270, 1, 7, 1
425, 1, 576, 446, 262, 269, 1, 7, 1
426, 1, 576, 446, 263, 268, 1, 7, 1
427, 1, 576, 446, 262, 267, 1, 7, 1
428, 1, 575, 446, 264, 267, 1, 7, 1
429, 1, 576, 446, 263, 267, 1, 7, 1
430, 1, 576, 446, 262, 267, 1, 7, 1
431, 1, 576, 446, 263, 270, 1, 7, 1
432, 1, 576, 447, 262, 268, 1, 7, 1
433, 1, 577, 447, 261, 269, 1, 7, 1
434, 1, 577, 446, 262, 270, 1, 7, 1
435, 1, 578, 446, 260, 272, 1, 7, 1
436, 1, 577, 446, 260, 272, 1, 7, 1
437, 1, 578, 446, 260, 272, 1, 7, 1
438, 1, 577, 446, 260, 272, 1, 7, 1
439, 1, 578, 446, 260, 272, 1, 7, 1
440, 1, 578, 446, 259, 271, 1, 7, 1
441, 1, 578, 446, 259, 268, 1, 7, 1
442, 1, 577, 446, 261, 269, 1, 7, 1
443, 1, 577, 446, 261, 270, 1, 7, 1
444, 1, 578, 446, 260, 269, 1, 7, 1
445, 1, 578, 446, 259, 270, 1, 7, 1
446, 1, 578, 446, 260, 271, 1, 7, 1
447, 1, 578, 446, 260, 271, 1, 7, 1
448, 1, 578, 446, 260, 269, 1, 7, 1
449, 1, 576, 446, 263, 270, 1, 7, 1
450, 1, 577, 445, 260, 265, 1, 7, 1
451, 1, 579, 445, 259, 262, 1, 7, 1
452, 1, 577, 445, 260, 262, 1, 7, 1
453, 1, 576, 445, 260, 259, 1, 7, 1
454, 1, 576, 445, 262, 251, 1, 7, 1
455, 1, 575, 445, 262, 252, 1, 7, 1
456, 1, 576, 445, 261, 249, 1, 7, 1
457, 1, 576, 445, 261, 248, 1, 7, 1
458, 1, 576, 445, 262, 248, 1, 7, 1
459, 1, 576, 444, 262, 254, 1, 7, 1
460, 1, 579, 444, 258, 249, 1, 7, 1
461, 1, 576, 444, 262, 255, 1, 7, 1
462, 1, 577, 444, 261, 254, 1, 7, 1
463, 1, 576, 443, 262, 255, 1, 7, 1
464, 1, 578, 443, 260, 256, 1, 7, 1
465, 1, 578, 443, 260, 255, 1, 7, 1
466, 1, 576, 443, 263, 253, 1, 7, 1
467, 1, 577, 443, 262, 250, 1, 7, 1
468, 1, 578, 443, 260, 241, 1, 7, 1
469, 1, 577, 443, 262, 242, 1, 7, 1
470, 1, 576, 443, 264, 248, 1, 7, 1
471, 1, 578, 443, 261, 247, 1, 7, 1
472, 1, 578, 443, 261, 248, 1, 7, 1
473, 1, 577, 441, 262, 253, 1, 7, 1
474, 1, 578, 441, 262, 253, 1, 7, 1
475, 1, 577, 441, 263, 253, 1, 7, 1
476, 1, 578, 441, 259, 252, 1, 7, 1
477, 1, 578, 440, 259, 256, 1, 7, 1
478, 1, 577, 440, 259, 257, 1, 7, 1
479, 1, 579, 440, 258, 260, 1, 7, 1
480, 1, 578, 439, 258, 260, 1, 7, 1
481, 1, 578, 438, 257, 263, 1, 7, 1
482, 1, 577, 439, 258, 262, 1, 7, 1
483, 1, 577, 438, 259, 262, 1, 7, 1
484, 1, 576, 439, 260, 259, 1, 7, 1
485, 1, 576, 439, 260, 260, 1, 7, 1
486, 1, 577, 438, 259, 261, 1, 7, 1
487, 1, 576, 437, 259, 262, 1, 7, 1
488, 1, 575, 438, 261, 261, 1, 7, 1
489, 1, 576, 438, 261, 264, 1, 7, 1
490, 1, 575, 437, 261, 267, 1, 7, 1
491, 1, 575, 438, 261, 267, 1, 7, 1
492, 1, 574, 438, 261, 268, 1, 7, 1
493, 1, 575, 437, 261, 270, 1, 7, 1
494, 1, 575, 436, 261, 271, 1, 7, 1
495, 1, 574, 436, 262, 270, 1, 7, 1
496, 1, 575, 437, 263, 269, 1, 7, 1
497, 1, 575, 436, 262, 272, 1, 7, 1
498, 1, 575, 436, 263, 271, 1, 7, 1
499, 1, 576, 437, 258, 272, 1, 7, 1
500, 1, 575, 436, 260, 273, 1, 7, 1
501, 1, 574, 436, 262, 273, 1, 7, 1
502, 1, 576, 436, 260, 274, 1, 7, 1
503, 1, 575, 435, 261, 275, 1, 7, 1
504, 1, 574, 435, 263, 276, 1, 7, 1
505, 1, 576, 434, 261, 275, 1, 7, 1
506, 1, 576, 434, 262, 276, 1, 7, 1
507, 1, 574, 435, 263, 274, 1, 7, 1
508, 1, 575, 435, 261, 274, 1, 7, 1
509, 1, 576, 435, 261, 275, 1, 7, 1
510, 1, 575, 435, 263, 275, 1, 7, 1
511, 1, 575, 435, 261, 275, 1, 7, 1
512, 1, 575, 435, 263, 274, 1, 7, 1
513, 1, 574, 435, 264, 274, 1, 7, 1
514, 1, 576, 435, 261, 274, 1, 7, 1
515, 1, 575, 435, 264, 275, 1, 7, 1
516, 1, 575, 435, 263, 274, 1, 7, 1
517, 1, 575, 435, 261, 273, 1, 7, 1
518, 1, 573, 435, 263, 273, 1, 7, 1
519, 1, 574, 435, 264, 273, 1, 7, 1
520, 1, 576, 435, 261, 272, 1, 7, 1
521, 1, 574, 436, 264, 271, 1, 7, 1
522, 1, 575, 436, 264, 274, 1, 7, 1
523, 1, 574, 437, 266, 275, 1, 7, 1
524, 1, 574, 437, 267, 274, 1, 7, 1
525, 1, 574, 437, 266, 273, 1, 7, 1
526, 1, 575, 437, 266, 275, 1, 7, 1
527, 1, 575, 437, 265, 276, 1, 7, 1
528, 1, 574, 438, 268, 277, 1, 7, 1
529, 1, 575, 437, 269, 276, 1, 7, 1
530, 1, 574, 437, 269, 279, 1, 7, 1
531, 1, 576, 437, 266, 277, 1, 7, 1
532, 1, 574, 437, 271, 277, 1, 7, 1
533, 1, 575, 437, 270, 278, 1, 7, 1
534, 1, 575, 437, 271, 278, 1, 7, 1
535, 1, 574, 437, 271, 277, 1, 7, 1
536, 1, 576, 438, 270, 277, 1, 7, 1
537, 1, 574, 438, 274, 278, 1, 7, 1
538, 1, 576, 438, 273, 283, 1, 7, 1
539, 1, 577, 438, 272, 283, 1, 7, 1
540, 1, 576, 438, 271, 283, 1, 7, 1
541, 1, 577, 438, 271, 283, 1, 7, 1
542, 1, 577, 438, 270, 284, 1, 7, 1
543, 1, 577, 438, 270, 284, 1, 7, 1
544, 1, 577, 437, 269, 281, 1, 7, 1
545, 1, 577, 436, 266, 283, 1, 7, 1
546, 1, 576, 436, 267, 283, 1, 7, 1
547, 1, 577, 436, 262, 283, 1, 7, 1
548, 1, 576, 435, 263, 292, 1, 7, 1
549, 1, 575, 435, 264, 293, 1, 7, 1
550, 1, 576, 437, 260, 289, 1, 7, 1
551, 1, 579, 437, 256, 288, 1, 7, 1
552, 1, 579, 439, 257, 286, 1, 7, 1
553, 1, 581, 439, 255, 290, 1, 7, 1
554, 1, 581, 439, 255, 289, 1, 7, 1
555, 1, 579, 439, 257, 294, 1, 7, 1
556, 1, 580, 439, 257, 294, 1, 7, 1
557, 1, 579, 440, 259, 294, 1, 7, 1
558, 1, 579, 440, 259, 294, 1, 7, 1
559, 1, 581, 439, 256, 298, 1, 7, 1
560, 1, 579, 439, 259, 296, 1, 7, 1
561, 1, 579, 440, 258, 295, 1, 7, 1
562, 1, 579, 440, 258, 296, 1, 7, 1
563, 1, 579, 440, 255, 297, 1, 7, 1
564, 1, 578, 440, 259, 297, 1, 7, 1
565, 1, 578, 441, 259, 297, 1, 7, 1
566, 1, 578, 441, 260, 297, 1, 7, 1
567, 1, 578, 441, 260, 298, 1, 7, 1
568, 1, 578, 441, 260, 299, 1, 7, 1
569, 1, 578, 440, 259, 303, 1, 7, 1
570, 1, 578, 441, 261, 300, 1, 7, 1
571, 1, 577, 441, 259, 300, 1, 7, 1
572, 1, 578, 441, 259, 301, 1, 7, 1
573, 1, 577, 442, 261, 302, 1, 7, 1
574, 1, 578, 442, 261, 303, 1, 7, 1
575, 1, 577, 442, 261, 304, 1, 7, 1
576, 1, 578, 442, 260, 306, 1, 7, 1
577, 1, 578, 442, 259, 307, 1, 7, 1
578, 1, 578, 442, 260, 310, 1, 7, 1
579, 1, 578, 442, 258, 309, 1, 7, 1
580, 1, 576, 442, 259, 309, 1, 7, 1
581, 1, 576, 442, 262, 307, 1, 7, 1
582, 1, 577, 442, 260, 307, 1, 7, 1
583, 1, 576, 442, 262, 306, 1, 7, 1
584, 1, 577, 442, 261, 307, 1, 7, 1
585, 1, 575, 442, 263, 308, 1, 7, 1
586, 1, 576, 442, 262, 306, 1, 7, 1
587, 1, 575, 442, 262, 309, 1, 7, 1
588, 1, 576, 442, 262, 309, 1, 7, 1
589, 1, 577, 442, 260, 307, 1, 7, 1
590, 1, 577, 442, 260, 308, 1, 7, 1
591, 1, 576, 442, 262, 308, 1, 7, 1
592, 1, 577, 442, 260, 308, 1, 7, 1
593, 1, 576, 442, 261, 308, 1, 7, 1
594, 1, 576, 442, 261, 309, 1, 7, 1
595, 1, 577, 442, 260, 306, 1, 7, 1
596, 1, 576, 442, 261, 309, 1, 7, 1
597, 1, 577, 442, 260, 309, 1, 7, 1
598, 1, 576, 442, 261, 308, 1, 7, 1
599, 1, 576, 442, 261, 309, 1, 7, 1
600, 1, 575, 442, 261, 306, 1, 7, 1
601, 1, 576, 442, 260, 308, 1, 7, 1
602, 1, 577, 442, 259, 308, 1, 7, 1
603, 1, 575, 442, 262, 307, 1, 7, 1
604, 1, 575, 442, 261, 307, 1, 7, 1
605, 1, 577, 442, 258, 306, 1, 7, 1
606, 1, 576, 443, 261, 305, 1, 7, 1
607, 1, 575, 442, 262, 307, 1, 7, 1
608, 1, 576, 442, 261, 303, 1, 7, 1
609, 1, 577, 442, 259, 302, 1, 7, 1
610, 1, 578, 442, 258, 302, 1, 7, 1
611, 1, 578, 441, 258, 302, 1, 7, 1
612, 1, 577, 442, 259, 300, 1, 7, 1
613, 1, 578, 442, 259, 297, 1, 7, 1
614, 1, 578, 442, 260, 297, 1, 7, 1
615, 1, 577, 442, 260, 297, 1, 7, 1
616, 1, 578, 443, 260, 294, 1, 7, 1
617, 1, 577, 443, 261, 290, 1, 7, 1
618, 1, 577, 443, 261, 289, 1, 7, 1
619, 1, 576, 443, 262, 289, 1, 7, 1
620, 1, 576, 443, 261, 283, 1, 7, 1
621, 1, 577, 443, 260, 283, 1, 7, 1
622, 1, 577, 443, 261, 281, 1, 7, 1
623, 1, 576, 443, 263, 282, 1, 7, 1
624, 1, 575, 443, 263, 282, 1, 7, 1
625, 1, 576, 443, 263, 283, 1, 7, 1
626, 1, 577, 444, 261, 283, 1, 7, 1
627, 1, 577, 444, 262, 282, 1, 7, 1
628, 1, 576, 443, 263, 280, 1, 7, 1
629, 1, 576, 445, 261, 275, 1, 7, 1
630, 1, 577, 445, 262, 270, 1, 7, 1
631, 1, 575, 445, 265, 271, 1, 7, 1
632, 1, 575, 444, 266, 268, 1, 7, 1
633, 1, 576, 444, 265, 270, 1, 7, 1
634, 1, 576, 444, 264, 270, 1, 7, 1
635, 1, 578, 445, 263, 266, 1, 7, 1
636, 1, 577, 444, 264, 265, 1, 7, 1
637, 1, 579, 444, 260, 262, 1, 7, 1
638, 1, 576, 444, 265, 262, 1, 7, 1
639, 1, 575, 445, 266, 253, 1, 7, 1
640, 1, 575, 445, 265, 254, 1, 7, 1
641, 1, 575, 445, 266, 248, 1, 7, 1
642, 1, 576, 445, 264, 241, 1, 7, 1
643, 1, 576, 446, 262, 238, 1, 7, 1
644, 1, 573, 445, 265, 238, 1, 7, 1
645, 1, 574, 445, 265, 240, 1, 7, 1
646, 1, 576, 444, 262, 242, 1, 7, 1
647, 1, 573, 443, 266, 253, 1, 7, 1
648, 1, 576, 443, 262, 257, 1, 7, 1
649, 1, 573, 443, 264, 265, 1, 7, 1
650, 1, 572, 442, 265, 263, 1, 7, 1
651, 1, 573, 442, 265, 264, 1, 7, 1
652, 1, 572, 443, 264, 254, 1, 7, 1
653, 1, 573, 443, 262, 248, 1, 7, 1
654, 1, 574, 444, 262, 244, 1, 7, 1
655, 1, 572, 444, 267, 241, 1, 7, 1
656, 1, 578, 444, 260, 243, 1, 7, 1
657, 1, 578, 444, 260, 243, 1, 7, 1
658, 1, 577, 444, 262, 244, 1, 7, 1
659, 1, 577, 444, 261, 247, 1, 7, 1
660, 1, 579, 444, 259, 247, 1, 7, 1
661, 1, 578, 443, 261, 247, 1, 7, 1
662, 1, 585, 443, 254, 246, 1, 7, 1
663, 1, 577, 443, 262, 245, 1, 7, 1
664, 1, 579, 442, 260, 248, 1, 7, 1
665, 1, 581, 443, 257, 246, 1, 7, 1
666, 1, 583, 443, 255, 243, 1, 7, 1
667, 1, 582, 442, 255, 246, 1, 7, 1
668, 1, 583, 441, 254, 247, 1, 7, 1
669, 1, 581, 442, 256, 243, 1, 7, 1
670, 1, 583, 442, 254, 246, 1, 7, 1
671, 1, 583, 441, 254, 246, 1, 7, 1
672, 1, 584, 441, 255, 247, 1, 7, 1
673, 1, 581, 442, 257, 244, 1, 7, 1
674, 1, 581, 442, 256, 245, 1, 7, 1
675, 1, 581, 441, 257, 244, 1, 7, 1
676, 1, 580, 441, 257, 247, 1, 7, 1
677, 1, 580, 440, 258, 246, 1, 7, 1
678, 1, 579, 440, 258, 245, 1, 7, 1
679, 1, 579, 439, 258, 246, 1, 7, 1
680, 1, 580, 440, 254, 244, 1, 7, 1
681, 1, 579, 440, 257, 245, 1, 7, 1
682, 1, 580, 440, 256, 243, 1, 7, 1
683, 1, 582, 440, 255, 244, 1, 7, 1
684, 1, 579, 440, 259, 245, 1, 7, 1
685, 1, 579, 440, 259, 242, 1, 7, 1
686, 1, 579, 440, 259, 243, 1, 7, 1
687, 1, 580, 440, 257, 241, 1, 7, 1
688, 1, 578, 440, 256, 243, 1, 7, 1
689, 1, 580, 440, 257, 242, 1, 7, 1
690, 1, 578, 440, 260, 240, 1, 7, 1
691, 1, 578, 440, 259, 240, 1, 7, 1
692, 1, 581, 440, 256, 239, 1, 7, 1
693, 1, 578, 440, 258, 244, 1, 7, 1
694, 1, 579, 440, 258, 242, 1, 7, 1
695, 1, 577, 440, 256, 243, 1, 7, 1
696, 1, 579, 439, 258, 248, 1, 7, 1
697, 1, 579, 439, 258, 247, 1, 7, 1
698, 1, 579, 439, 258, 248, 1, 7, 1
699, 1, 579, 440, 259, 247, 1, 7, 1
700, 1, 577, 439, 260, 251, 1, 7, 1
701, 1, 578, 439, 259, 250, 1, 7, 1
702, 1, 578, 439, 258, 252, 1, 7, 1
703, 1, 578, 439, 258, 252, 1, 7, 1
704, 1, 577, 439, 259, 254, 1, 7, 1
705, 1, 576, 439, 262, 258, 1, 7, 1
706, 1, 575, 439, 262, 259, 1, 7, 1
707, 1, 576, 439, 262, 262, 1, 7, 1
708, 1, 575, 439, 263, 263, 1, 7, 1
709, 1, 574, 439, 265, 263, 1, 7, 1
710, 1, 575, 439, 263, 267, 1, 7, 1
711, 1, 575, 438, 265, 271, 1, 7, 1
712, 1, 575, 438, 264, 271, 1, 7, 1
713, 1, 575, 437, 266, 278, 1, 7, 1
714, 1, 575, 438, 266, 276, 1, 7, 1
715, 1, 574, 438, 267, 275, 1, 7, 1
716, 1, 575, 437, 266, 274, 1, 7, 1
717, 1, 574, 437, 268, 274, 1, 7, 1
718, 1, 575, 437, 270, 275, 1, 7, 1
719, 1, 575, 437, 269, 274, 1, 7, 1
720, 1, 576, 437, 269, 277, 1, 7, 1
721, 1, 576, 437, 268, 277, 1, 7, 1
722, 1, 576, 437, 268, 277, 1, 7, 1
723, 1, 577, 437, 266, 279, 1, 7, 1
724, 1, 576, 437, 268, 279, 1, 7, 1
725, 1, 576, 437, 269, 278, 1, 7, 1
726, 1, 576, 437, 269, 279, 1, 7, 1
727, 1, 576, 438, 268, 279, 1, 7, 1
728, 1, 576, 438, 268, 279, 1, 7, 1
729, 1, 576, 438, 265, 277, 1, 7, 1
730, 1, 576, 439, 264, 273, 1, 7, 1
731, 1, 575, 439, 266, 274, 1, 7, 1
732, 1, 576, 439, 265, 275, 1, 7, 1
733, 1, 577, 439, 263, 277, 1, 7, 1
734, 1, 577, 439, 263, 277, 1, 7, 1
735, 1, 577, 439, 262, 279, 1, 7, 1
736, 1, 578, 439, 261, 279, 1, 7, 1
737, 1, 578, 439, 261, 278, 1, 7, 1
738, 1, 577, 439, 262, 279, 1, 7, 1
739, 1, 576, 439, 264, 278, 1, 7, 1
740, 1, 577, 439, 262, 278, 1, 7, 1
741, 1, 578, 439, 261, 276, 1, 7, 1
742, 1, 577, 439, 262, 276, 1, 7, 1
743, 1, 577, 439, 263, 277, 1, 7, 1
744, 1, 577, 439, 262, 276, 1, 7, 1
745, 1, 577, 439, 261, 275, 1, 7, 1
746, 1, 576, 439, 261, 276, 1, 7, 1
747, 1, 577, 439, 260, 272, 1, 7, 1
748, 1, 577, 439, 260, 272, 1, 7, 1
749, 1, 577, 439, 260, 271, 1, 7, 1
750, 1, 577, 439, 259, 272, 1, 7, 1
751, 1, 577, 438, 259, 272, 1, 7, 1
752, 1, 576, 438, 262, 272, 1, 7, 1
753, 1, 576, 439, 261, 270, 1, 7, 1
754, 1, 576, 439, 262, 272, 1, 7, 1
755, 1, 577, 439, 259, 270, 1, 7, 1
756, 1, 575, 439, 260, 270, 1, 7, 1
757, 1, 576, 439, 259, 270, 1, 7, 1
758, 1, 577, 439, 257, 271, 1, 7, 1
759, 1, 577, 440, 257, 268, 1, 7, 1
760, 1, 576, 440, 258, 267, 1, 7, 1
761, 1, 576, 440, 257, 267, 1, 7, 1
762, 1, 576, 441, 259, 267, 1, 7, 1
763, 1, 576, 440, 259, 268, 1, 7, 1
764, 1, 576, 440, 260, 267, 1, 7, 1
765, 1, 577, 440, 258, 268, 1, 7, 1
766, 1, 577, 440, 258, 268, 1, 7, 1
767, 1, 577, 440, 256, 268, 1, 7, 1
768, 1, 577, 440, 256, 270, 1, 7, 1
769, 1, 578, 440, 256, 268, 1, 7, 1
770, 1, 576, 440, 258, 270, 1, 7, 1
771, 1, 576, 440, 258, 267, 1, 7, 1
772, 1, 576, 439, 259, 267, 1, 7, 1
773, 1, 577, 439, 260, 265, 1, 7, 1
774, 1, 577, 439, 260, 266, 1, 7, 1
775, 1, 577, 438, 260, 265, 1, 7, 1
776, 1, 575, 441, 266, 264, 1, 7, 1
777, 1, 576, 441, 265, 263, 1, 7, 1
778, 1, 575, 441, 268, 262, 1, 7, 1
779, 1, 575, 442, 267, 262, 1, 7, 1
780, 1, 575, 442, 267, 263, 1, 7, 1
781, 1, 577, 443, 266, 264, 1, 7, 1
782, 1, 577, 444, 265, 257, 1, 7, 1
783, 1, 576, 443, 267, 258, 1, 7, 1
784, 1, 576, 444, 266, 258, 1, 7, 1
785, 1, 575, 444, 268, 257, 1, 7, 1
786, 1, 577, 444, 265, 258, 1, 7, 1
787, 1, 576, 443, 267, 258, 1, 7, 1
788, 1, 576, 442, 265, 258, 1, 7, 1
789, 1, 574, 442, 266, 259, 1, 7, 1
790, 1, 574, 442, 267, 259, 1, 7, 1
791, 1, 575, 442, 263, 258, 1, 7, 1
792, 1, 577, 442, 261, 258, 1, 7, 1
793, 1, 577, 441, 261, 261, 1, 7, 1
794, 1, 577, 441, 259, 261, 1, 7, 1
795, 1, 577, 441, 259, 261, 1, 7, 1
796, 1, 576, 441, 261, 260, 1, 7, 1
797, 1, 575, 440, 261, 261, 1, 7, 1
798, 1, 577, 441, 260, 260, 1, 7, 1
799, 1, 577, 441, 260, 261, 1, 7, 1
800, 1, 578, 442, 259, 259, 1, 7, 1
801, 1, 577, 442, 260, 259, 1, 7, 1
802, 1, 578, 443, 260, 258, 1, 7, 1
803, 1, 576, 442, 263, 260, 1, 7, 1
804, 1, 576, 443, 262, 258, 1, 7, 1
805, 1, 578, 443, 261, 258, 1, 7, 1
806, 1, 576, 443, 262, 259, 1, 7, 1
807, 1, 575, 443, 263, 258, 1, 7, 1
808, 1, 579, 443, 259, 259, 1, 7, 1
809, 1, 575, 444, 262, 261, 1, 7, 1
810, 1, 575, 444, 262, 262, 1, 7, 1
811, 1, 574, 445, 263, 261, 1, 7, 1
812, 1, 574, 444, 262, 259, 1, 7, 1
813, 1, 575, 444, 263, 261, 1, 7, 1
814, 1, 575, 444, 263, 264, 1, 7, 1
815, 1, 576, 444, 262, 265, 1, 7, 1
816, 1, 575, 444, 263, 266, 1, 7, 1
817, 1, 576, 443, 261, 269, 1, 7, 1
818, 1, 577, 444, 259, 269, 1, 7, 1
819, 1, 576, 444, 261, 267, 1, 7, 1
820, 1, 575, 444, 261, 268, 1, 7, 1
821, 1, 574, 444, 263, 269, 1, 7, 1
822, 1, 575, 443, 261, 268, 1, 7, 1
823, 1, 575, 443, 262, 269, 1, 7, 1
824, 1, 575, 443, 262, 265, 1, 7, 1
825, 1, 575, 443, 261, 268, 1, 7, 1
826, 1, 573, 444, 264, 266, 1, 7, 1
827, 1, 574, 444, 262, 266, 1, 7, 1
828, 1, 574, 444, 262, 266, 1, 7, 1
829, 1, 575, 444, 262, 266, 1, 7, 1
830, 1, 574, 444, 263, 267, 1, 7, 1
831, 1, 575, 444, 262, 266, 1, 7, 1
832, 1, 574, 444, 262, 267, 1, 7, 1
833, 1, 574, 444, 263, 267, 1, 7, 1
834, 1, 576, 443, 261, 271, 1, 7, 1
835, 1, 575, 444, 262, 270, 1, 7, 1
836, 1, 574, 444, 263, 270, 1, 7, 1
837, 1, 574, 443, 263, 270, 1, 7, 1
838, 1, 575, 443, 262, 270, 1, 7, 1
839, 1, 574, 443, 263, 271, 1, 7, 1
840, 1, 575, 443, 262, 270, 1, 7, 1
841, 1, 575, 443, 261, 270, 1, 7, 1
842, 1, 575, 444, 260, 268, 1, 7, 1
843, 1, 575, 444, 260, 268, 1, 7, 1
844, 1, 574, 444, 261, 268, 1, 7, 1
845, 1, 575, 444, 260, 266, 1, 7, 1
846, 1, 575, 444, 260, 266, 1, 7, 1
847, 1, 575, 444, 260, 265, 1, 7, 1
848, 1, 575, 444, 260, 265, 1, 7, 1
849, 1, 574, 444, 261, 264, 1, 7, 1
850, 1, 574, 444, 261, 265, 1, 7, 1
851, 1, 573, 444, 261, 265, 1, 7, 1
852, 1, 573, 444, 262, 265, 1, 7, 1
853, 1, 573, 444, 261, 264, 1, 7, 1
854, 1, 574, 444, 260, 264, 1, 7, 1
855, 1, 574, 444, 260, 265, 1, 7, 1
856, 1, 575, 444, 259, 265, 1, 7, 1
857, 1, 575, 444, 260, 264, 1, 7, 1
858, 1, 574, 444, 260, 265, 1, 7, 1
859, 1, 575, 444, 258, 265, 1, 7, 1
860, 1, 575, 444, 260, 264, 1, 7, 1
861, 1, 575, 444, 260, 265, 1, 7, 1
862, 1, 574, 444, 260, 265, 1, 7, 1
863, 1, 574, 444, 260, 265, 1, 7, 1
864, 1, 574, 444, 260, 263, 1, 7, 1
865, 1, 575, 444, 260, 263, 1, 7, 1
866, 1, 575, 444, 260, 263, 1, 7, 1
867, 1, 574, 444, 261, 262, 1, 7, 1
868, 1, 574, 444, 262, 263, 1, 7, 1
869, 1, 574, 444, 262, 262, 1, 7, 1
870, 1, 574, 444, 263, 262, 1, 7, 1
871, 1, 573, 444, 264, 264, 1, 7, 1
872, 1, 574, 443, 263, 265, 1, 7, 1
873, 1, 573, 444, 264, 265, 1, 7, 1
874, 1, 573, 444, 264, 265, 1, 7, 1
875, 1, 573, 443, 264, 269, 1, 7, 1
876, 1, 573, 444, 264, 270, 1, 7, 1
877, 1, 574, 444, 263, 269, 1, 7, 1
878, 1, 573, 444, 264, 270, 1, 7, 1
879, 1, 574, 444, 262, 274, 1, 7, 1
880, 1, 574, 444, 262, 273, 1, 7, 1
881, 1, 574, 444, 262, 277, 1, 7, 1
882, 1, 573, 444, 263, 278, 1, 7, 1
883, 1, 575, 443, 261, 279, 1, 7, 1
884, 1, 576, 443, 261, 279, 1, 7, 1
885, 1, 574, 443, 263, 280, 1, 7, 1
886, 1, 574, 443, 262, 278, 1, 7, 1
887, 1, 573, 442, 265, 281, 1, 7, 1
888, 1, 573, 442, 264, 280, 1, 7, 1
889, 1, 573, 442, 265, 279, 1, 7, 1
890, 1, 573, 442, 265, 277, 1, 7, 1
891, 1, 574, 442, 263, 276, 1, 7, 1
892, 1, 574, 443, 263, 275, 1, 7, 1
893, 1, 573, 443, 265, 272, 1, 7, 1
894, 1, 574, 443, 264, 272, 1, 7, 1
895, 1, 577, 444, 261, 272, 1, 7, 1
896, 1, 577, 443, 261, 275, 1, 7, 1
897, 1, 579, 444, 258, 274, 1, 7, 1
898, 1, 577, 444, 259, 273, 1, 7, 1
899, 1, 577, 444, 259, 272, 1, 7, 1
900, 1, 577, 444, 258, 272, 1, 7, 1
901, 1, 577, 444, 259, 270, 1, 7, 1
902, 1, 576, 445, 260, 267, 1, 7, 1
903, 1, 575, 444, 260, 268, 1, 7, 1
904, 1, 576, 444, 261, 266, 1, 7, 1
905, 1, 577, 444, 259, 267, 1, 7, 1
906, 1, 578, 444, 258, 267, 1, 7, 1
907, 1, 577, 444, 254, 269, 1, 7, 1
908, 1, 577, 444, 259, 268, 1, 7, 1
909, 1, 575, 444, 262, 268, 1, 7, 1
910, 1, 576, 444, 260, 267, 1, 7, 1
911, 1, 575, 444, 261, 267, 1, 7, 1
912, 1, 575, 444, 262, 267, 1, 7, 1
913, 1, 577, 444, 260, 267, 1, 7, 1
914, 1, 576, 444, 261, 269, 1, 7, 1
915, 1, 576, 444, 260, 267, 1, 7, 1
916, 1, 577, 444, 256, 268, 1, 7, 1
917, 1, 576, 444, 258, 267, 1, 7, 1
918, 1, 575, 444, 257, 268, 1, 7, 1
919, 1, 577, 444, 259, 267, 1, 7, 1
920, 1, 579, 444, 255, 265, 1, 7, 1
921, 1, 575, 445, 260, 265, 1, 7, 1
922, 1, 577, 445, 258, 264, 1, 7, 1
923, 1, 575, 445, 256, 266, 1, 7, 1
924, 1, 575, 445, 256, 265, 1, 7, 1
925, 1, 576, 445, 259, 265, 1, 7, 1
926, 1, 577, 445, 258, 263, 1, 7, 1
927, 1, 576, 445, 258, 262, 1, 7, 1
928, 1, 575, 445, 254, 262, 1, 7, 1
929, 1, 576, 445, 257, 262, 1, 7, 1
930, 1, 576, 445, 257, 262, 1, 7, 1
931, 1, 576, 445, 259, 265, 1, 7, 1
932, 1, 576, 445, 256, 265, 1, 7, 1
933, 1, 576, 445, 256, 265, 1, 7, 1
934, 1, 576, 445, 257, 267, 1, 7, 1
935, 1, 579, 445, 256, 267, 1, 7, 1
936, 1, 577, 445, 256, 266, 1, 7, 1
937, 1, 575, 445, 260, 265, 1, 7, 1
938, 1, 575, 445, 260, 266, 1, 7, 1
939, 1, 574, 445, 261, 267, 1, 7, 1
940, 1, 574, 445, 261, 266, 1, 7, 1
941, 1, 574, 445, 261, 266, 1, 7, 1
942, 1, 576, 445, 258, 266, 1, 7, 1
943, 1, 579, 445, 256, 266, 1, 7, 1
944, 1, 574, 445, 260, 266, 1, 7, 1
945, 1, 574, 445, 261, 266, 1, 7, 1
946, 1, 575, 445, 258, 266, 1, 7, 1
947, 1, 574, 445, 262, 267, 1, 7, 1
948, 1, 575, 445, 260, 267, 1, 7, 1
949, 1, 574, 445, 262, 265, 1, 7, 1
950, 1, 576, 445, 259, 265, 1, 7, 1
951, 1, 577, 445, 258, 266, 1, 7, 1
952, 1, 575, 445, 256, 266, 1, 7, 1
953, 1, 576, 445, 259, 266, 1, 7, 1
954, 1, 576, 445, 255, 265, 1, 7, 1
955, 1, 576, 445, 255, 265, 1, 7, 1
956, 1, 576, 445, 255, 265, 1, 7, 1
957, 1, 578, 445, 256, 265, 1, 7, 1
958, 1, 578, 445, 257, 264, 1, 7, 1
959, 1, 578, 445, 257, 264, 1, 7, 1
960, 1, 576, 445, 259, 265, 1, 7, 1
961, 1, 576, 445, 256, 265, 1, 7, 1
962, 1, 577, 445, 258, 265, 1, 7, 1
963, 1, 577, 445, 257, 264, 1, 7, 1
964, 1, 579, 445, 258, 266, 1, 7, 1
965, 1, 578, 445, 258, 265, 1, 7, 1
966, 1, 577, 445, 257, 263, 1, 7, 1
967, 1, 580, 446, 256, 262, 1, 7, 1
968, 1, 579, 445, 258, 263, 1, 7, 1
969, 1, 579, 445, 259, 263, 1, 7, 1
970, 1, 578, 445, 259, 264, 1, 7, 1
971, 1, 582, 444, 255, 266, 1, 7, 1
972, 1, 580, 445, 260, 263, 1, 7, 1
973, 1, 584, 446, 256, 262, 1, 7, 1
974, 1, 581, 446, 258, 263, 1, 7, 1
975, 1, 586, 446, 250, 264, 1, 7, 1
976, 1, 585, 446, 254, 263, 1, 7, 1
977, 1, 584, 446, 256, 263, 1, 7, 1
978, 1, 582, 446, 258, 264, 1, 7, 1
979, 1, 584, 446, 258, 261, 1, 7, 1
980, 1, 583, 446, 259, 262, 1, 7, 1
981, 1, 586, 447, 256, 262, 1, 7, 1
982, 1, 586, 447, 257, 262, 1, 7, 1
983, 1, 588, 448, 260, 259, 1, 7, 1
984, 1, 589, 449, 259, 257, 1, 7, 1
985, 1, 590, 449, 261, 255, 1, 7, 1
986, 1, 590, 450, 261, 253, 1, 7, 1
987, 1, 590, 451, 260, 249, 1, 7, 1
988, 1, 589, 451, 262, 248, 1, 7, 1
989, 1, 595, 451, 261, 248, 1, 7, 1
990, 1, 594, 451, 263, 248, 1, 7, 1
991, 1, 599, 451, 259, 248, 1, 7, 1
992, 1, 602, 450, 258, 249, 1, 7, 1
993, 1, 598, 450, 263, 248, 1, 7, 1
994, 1, 599, 450, 261, 248, 1, 7, 1
995, 1, 601, 450, 260, 246, 1, 7, 1
996, 1, 604, 448, 257, 248, 1, 7, 1
997, 1, 613, 449, 250, 246, 1, 7, 1
998, 1, 611, 448, 253, 246, 1, 7, 1
999, 1, 612, 448, 252, 247, 1, 7, 1
1000, 1, 615, 449, 248, 243, 1, 7, 1
1001, 1, 610, 448, 254, 247, 1, 7, 1
1002, 1, 605, 447, 261, 249, 1, 7, 1
1003, 1, 605, 448, 261, 248, 1, 7, 1
1004, 1, 611, 448, 256, 247, 1, 7, 1
1005, 1, 608, 448, 260, 249, 1, 7, 1
1006, 1, 609, 448, 257, 250, 1, 7, 1
1007, 1, 608, 448, 258, 249, 1, 7, 1
1008, 1, 610, 448, 256, 250, 1, 7, 1
1009, 1, 611, 450, 258, 247, 1, 7, 1
1, 2, 849, 356, 488, 256, 1, 5, 1
2, 2, 849, 356, 488, 256, 1, 5, 1
3, 2, 849, 356, 488, 256, 1, 5, 1
4, 2, 849, 356, 488, 256, 1, 5, 1
5, 2, 849, 356, 488, 256, 1, 5, 1
6, 2, 849, 356, 488, 256, 1, 5, 1
7, 2, 849, 356, 488, 256, 1, 5, 1
8, 2, 849, 356, 488, 256, 1, 5, 1
9, 2, 849, 356, 488, 256, 1, 5, 1
10, 2, 849, 356, 488, 256, 1, 5, 1
11, 2, 849, 356, 488, 256, 1, 5, 1
12, 2, 849, 356, 488, 256, 1, 5, 1
13, 2, 849, 356, 488, 256, 1, 5, 1
14, 2, 849, 356, 488, 256, 1, 5, 1
15, 2, 849, 356, 488, 256, 1, 5, 1
16, 2, 849, 356, 488, 256, 1, 5, 1
17, 2, 849, 356, 488, 256, 1, 5, 1
18, 2, 849, 356, 488, 256, 1, 5, 1
19, 2, 849, 356, 488, 256, 1, 5, 1
20, 2, 849, 356, 488, 256, 1, 5, 1
21, 2, 849, 356, 488, 256, 1, 5, 1
22, 2, 849, 356, 488, 256, 1, 5, 1
23, 2, 849, 356, 488, 256, 1, 5, 1
24, 2, 849, 356, 488, 256, 1, 5, 1
25, 2, 849, 356, 488, 256, 1, 5, 1
26, 2, 849, 356, 488, 256, 1, 5, 1
27, 2, 849, 356, 488, 256, 1, 5, 1
28, 2, 849, 356, 488, 256, 1, 5, 1
29, 2, 849, 356, 488, 256, 1, 5, 1
30, 2, 849, 356, 488, 256, 1, 5, 1
31, 2, 849, 356, 488, 256, 1, 5, 1
32, 2, 849, 356, 488, 256, 1, 5, 1
33, 2, 849, 356, 488, 256, 1, 5, 1
34, 2, 849, 356, 488, 256, 1, 5, 1
35, 2, 849, 356, 488, 256, 1, 5, 1
36, 2, 849, 356, 488, 256, 1, 5, 1
37, 2, 849, 356, 488, 256, 1, 5, 1
38, 2, 849, 356, 488, 256, 1, 5, 1
39, 2, 849, 356, 488, 256, 1, 5, 1
40, 2, 849, 356, 488, 256, 1, 5, 1
41, 2, 849, 356, 488, 256, 1, 5, 1
42, 2, 849, 356, 488, 256, 1, 5, 1
43, 2, 849, 356, 488, 256, 1, 5, 1
44, 2, 849, 356, 488, 256, 1, 5, 1
45, 2, 849, 356, 488, 256, 1, 5, 1
46, 2, 849, 356, 488, 256, 1, 5, 1
47, 2, 849, 356, 488, 256, 1, 5, 1
48, 2, 849, 356, 488, 256, 1, 5, 1
49, 2, 849, 356, 488, 256, 1, 5, 1
50, 2, 849, 356, 488, 256, 1, 5, 1
51, 2, 849, 356, 488, 256, 1, 5, 1
52, 2, 849, 356, 488, 256, 1, 5, 1
53, 2, 849, 356, 488, 256, 1, 5, 1
54, 2, 849, 356, 488, 256, 1, 5, 1
55, 2, 849, 356, 488, 256, 1, 5, 1
56, 2, 849, 356, 488, 256, 1, 5, 1
57, 2, 849, 356, 488, 256, 1, 5, 1
58, 2, 849, 356, 488, 256, 1, 5, 1
59, 2, 849, 356, 488, 256, 1, 5, 1
60, 2, 849, 356, 488, 256, 1, 5, 1
61, 2, 849, 356, 488, 256, 1, 5, 1
62, 2, 849, 356, 488, 256, 1, 5, 1
63, 2, 849, 356, 488, 256, 1, 5, 1
64, 2, 849, 356, 488, 256, 1, 5, 1
65, 2, 849, 356, 488, 256, 1, 5, 1
66, 2, 849, 356, 488, 256, 1, 5, 1
67, 2, 849, 356, 488, 256, 1, 5, 1
68, 2, 849, 356, 488, 256, 1, 5, 1
69, 2, 849, 356, 488, 256, 1, 5, 1
70, 2, 849, 356, 488, 256, 1, 5, 1
71, 2, 849, 356, 488, 256, 1, 5, 1
72, 2, 849, 356, 488, 256, 1, 5, 1
73, 2, 849, 356, 488, 256, 1, 5, 1
74, 2, 849, 356, 488, 256, 1, 5, 1
75, 2, 849, 356, 488, 256, 1, 5, 1
76, 2, 849, 356, 488, 256, 1, 5, 1
77, 2, 849, 356, 488, 256, 1, 5, 1
78, 2, 849, 356, 488, 256, 1, 5, 1
79, 2, 849, 356, 488, 256, 1, 5, 1
80, 2, 849, 356, 488, 256, 1, 5, 1
81, 2, 849, 356, 488, 256, 1, 5, 1
82, 2, 849, 356, 488, 256, 1, 5, 1
83, 2, 849, 356, 488, 256, 1, 5, 1
84, 2, 849, 356, 488, 256, 1, 5, 1
85, 2, 849, 356, 488, 256, 1, 5, 1
86, 2, 849, 356, 488, 256, 1, 5, 1
87, 2, 849, 356, 488, 256, 1, 5, 1
88, 2, 849, 356, 488, 256, 1, 5, 1
89, 2, 849, 356, 488, 256, 1, 5, 1
90, 2, 849, 356, 488, 256, 1, 5, 1
91, 2, 849, 356, 488, 256, 1, 5, 1
92, 2, 849, 356, 488, 256, 1, 5, 1
93, 2, 849, 356, 488, 256, 1, 5, 1
94, 2, 849, 356, 488, 256, 1, 5, 1
95, 2, 849, 356, 488, 256, 1, 5, 1
96, 2, 849, 356, 488, 256, 1, 5, 1
97, 2, 849, 356, 488, 256, 1, 5, 1
98, 2, 849, 356, 488, 256, 1, 5, 1
99, 2, 849, 356, 488, 256, 1, 5, 1
100, 2, 849, 356, 488, 256, 1, 5, 1
101, 2, 849, 356, 488, 256, 1, 5, 1
102, 2, 849, 356, 488, 256, 1, 5, 1
103, 2, 849, 356, 488, 256, 1, 5, 1
104, 2, 849, 356, 488, 256, 1, 5, 1
105, 2, 849, 356, 488, 256, 1, 5, 1
106, 2, 849, 356, 488, 256, 1, 5, 1
107, 2, 849, 356, 488, 256, 1, 5, 1
108, 2, 849, 356, 488, 256, 1, 5, 1
109, 2, 849, 356, 488, 256, 1, 5, 1
110, 2, 849, 356, 488, 256, 1, 5, 1
111, 2, 849, 356, 488, 256, 1, 5, 1
112, 2, 849, 356, 488, 256, 1, 5, 1
113, 2, 849, 356, 488, 256, 1, 5, 1
114, 2, 849, 356, 488, 256, 1, 5, 1
115, 2, 849, 356, 488, 256, 1, 5, 1
116, 2, 849, 356, 488, 256, 1, 5, 1
117, 2, 849, 356, 488, 256, 1, 5, 1
118, 2, 849, 356, 488, 256, 1, 5, 1
119, 2, 849, 356, 488, 256, 1, 5, 1
120, 2, 849, 356, 488, 256, 1, 5, 1
121, 2, 849, 356, 488, 256, 1, 5, 1
122, 2, 849, 356, 488, 256, 1, 5, 1
123, 2, 849, 356, 488, 256, 1, 5, 1
124, 2, 849, 356, 488, 256, 1, 5, 1
125, 2, 849, 356, 488, 256, 1, 5, 1
126, 2, 849, 356, 488, 256, 1, 5, 1
127, 2, 849, 356, 488, 256, 1, 5, 1
128, 2, 849, 356, 488, 256, 1, 5, 1
129, 2, 849, 356, 488, 256, 1, 5, 1
130, 2, 849, 356, 488, 256, 1, 5, 1
131, 2, 849, 356, 488, 256, 1, 5, 1
132, 2, 849, 356, 488, 256, 1, 5, 1
133, 2, 849, 356, 488, 256, 1, 5, 1
134, 2, 849, 356, 488, 256, 1, 5, 1
135, 2, 849, 356, 488, 256, 1, 5, 1
136, 2, 849, 356, 488, 256, 1, 5, 1
137, 2, 849, 356, 488, 256, 1, 5, 1
138, 2, 849, 356, 488, 256, 1, 5, 1
139, 2, 849, 356, 488, 256, 1, 5, 1
140, 2, 849, 356, 488, 256, 1, 5, 1
141, 2, 849, 356, 488, 256, 1, 5, 1
142, 2, 849, 356, 488, 256, 1, 5, 1
143, 2, 849, 356, 488, 256, 1, 5, 1
144, 2, 849, 356, 488, 256, 1, 5, 1
145, 2, 849, 356, 488, 256, 1, 5, 1
146, 2, 849, 356, 488, 256, 1, 5, 1
147, 2, 849, 356, 488, 256, 1, 5, 1
148, 2, 849, 356, 488, 256, 1, 5, 1
149, 2, 849, 356, 488, 256, 1, 5, 1
150, 2, 849, 356, 488, 256, 1, 5, 1
151, 2, 849, 356, 488, 256, 1, 5, 1
152, 2, 849, 356, 488, 256, 1, 5, 1
153, 2, 849, 356, 488, 256, 1, 5, 1
154, 2, 849, 356, 488, 256, 1, 5, 1
155, 2, 849, 356, 488, 256, 1, 5, 1
156, 2, 849, 356, 488, 256, 1, 5, 1
157, 2, 849, 356, 488, 256, 1, 5, 1
158, 2, 849, 356, 488, 256, 1, 5, 1
159, 2, 849, 356, 488, 256, 1, 5, 1
160, 2, 849, 356, 488, 256, 1, 5, 1
161, 2, 849, 356, 488, 256, 1, 5, 1
162, 2, 849, 356, 488, 256, 1, 5, 1
163, 2, 849, 356, 488, 256, 1, 5, 1
164, 2, 849, 356, 488, 256, 1, 5, 1
165, 2, 849, 356, 488, 256, 1, 5, 1
166, 2, 849, 356, 488, 256, 1, 5, 1
167, 2, 849, 356, 488, 256, 1, 5, 1
168, 2, 849, 356, 488, 256, 1, 5, 1
169, 2, 849, 356, 488, 256, 1, 5, 1
170, 2, 849, 356, 488, 256, 1, 5, 1
171, 2, 849, 356, 488, 256, 1, 5, 1
172, 2, 849, 356, 488, 256, 1, 5, 1
173, 2, 849, 356, 488, 256, 1, 5, 1
174, 2, 849, 356, 488, 256, 1, 5, 1
175, 2, 849, 356, 488, 256, 1, 5, 1
176, 2, 849, 356, 488, 256, 1, 5, 1
177, 2, 849, 356, 488, 256, 1, 5, 1
178, 2, 849, 356, 488, 256, 1, 5, 1
179, 2, 849, 356, 488, 256, 1, 5, 1
180, 2, 849, 356, 488, 256, 1, 5, 1
181, 2, 849, 356, 488, 256, 1, 5, 1
182, 2, 849, 356, 488, 256, 1, 5, 1
183, 2, 849, 356, 488, 256, 1, 5, 1
184, 2, 849, 356, 488, 256, 1, 5, 1
185, 2, 849, 356, 488, 256, 1, 5, 1
186, 2, 849, 356, 488, 256, 1, 5, 1
187, 2, 849, 356, 488, 256, 1, 5, 1
188, 2, 849, 356, 488, 256, 1, 5, 1
189, 2, 849, 356, 488, 256, 1, 5, 1
190, 2, 849, 356, 488, 256, 1, 5, 1
191, 2, 849, 356, 488, 256, 1, 5, 1
192, 2, 849, 356, 488, 256, 1, 5, 1
193, 2, 849, 356, 488, 256, 1, 5, 1
194, 2, 849, 356, 488, 256, 1, 5, 1
195, 2, 849, 356, 488, 256, 1, 5, 1
196, 2, 849, 356, 488, 256, 1, 5, 1
197, 2, 849, 356, 488, 256, 1, 5, 1
198, 2, 849, 356, 488, 256, 1, 5, 1
199, 2, 849, 356, 488, 256, 1, 5, 1
200, 2, 849, 356, 488, 256, 1, 5, 1
201, 2, 849, 356, 488, 256, 1, 5, 1
202, 2, 849, 356, 488, 256, 1, 5, 1
203, 2, 849, 356, 488, 256, 1, 5, 1
204, 2, 849, 356, 488, 256, 1, 5, 1
205, 2, 849, 356, 488, 256, 1, 5, 1
206, 2, 849, 356, 488, 256, 1, 5, 1
207, 2, 849, 356, 488, 256, 1, 5, 1
208, 2, 849, 356, 488, 256, 1, 5, 1
209, 2, 849, 356, 488, 256, 1, 5, 1
210, 2, 849, 356, 488, 256, 1, 5, 1
211, 2, 849, 356, 488, 256, 1, 5, 1
212, 2, 849, 356, 488, 256, 1, 5, 1
213, 2, 849, 356, 488, 256, 1, 5, 1
214, 2, 849, 356, 488, 256, 1, 5, 1
215, 2, 849, 356, 488, 256, 1, 5, 1
216, 2, 849, 356, 488, 256, 1, 5, 1
217, 2, 849, 356, 488, 256, 1, 5, 1
218, 2, 849, 356, 488, 256, 1, 5, 1
219, 2, 849, 356, 488, 256, 1, 5, 1
220, 2, 849, 356, 488, 256, 1, 5, 1
221, 2, 849, 356, 488, 256, 1, 5, 1
222, 2, 849, 356, 488, 256, 1, 5, 1
223, 2, 849, 356, 488, 256, 1, 5, 1
224, 2, 849, 356, 488, 256, 1, 5, 1
225, 2, 849, 356, 488, 256, 1, 5, 1
226, 2, 849, 356, 488, 256, 1, 5, 1
227, 2, 849, 356, 488, 256, 1, 5, 1
228, 2, 849, 356, 488, 256, 1, 5, 1
229, 2, 849, 356, 488, 256, 1, 5, 1
230, 2, 849, 356, 488, 256, 1, 5, 1
231, 2, 849, 356, 488, 256, 1, 5, 1
232, 2, 849, 356, 488, 256, 1, 5, 1
233, 2, 849, 356, 488, 256, 1, 5, 1
234, 2, 849, 356, 488, 256, 1, 5, 1
235, 2, 849, 356, 488, 256, 1, 5, 1
236, 2, 849, 356, 488, 256, 1, 5, 1
237, 2, 849, 356, 488, 256, 1, 5, 1
238, 2, 849, 356, 488, 256, 1, 5, 1
239, 2, 849, 356, 488, 256, 1, 5, 1
240, 2, 849, 356, 488, 256, 1, 5, 1
241, 2, 849, 356, 488, 256, 1, 5, 1
242, 2, 849, 356, 488, 256, 1, 5, 1
243, 2, 849, 356, 488, 256, 1, 5, 1
244, 2, 849, 356, 488, 256, 1, 5, 1
245, 2, 849, 356, 488, 256, 1, 5, 1
246, 2, 849, 356, 488, 256, 1, 5, 1
247, 2, 849, 356, 488, 256, 1, 5, 1
248, 2, 849, 356, 488, 256, 1, 5, 1
249, 2, 849, 356, 488, 256, 1, 5, 1
250, 2, 849, 356, 488, 256, 1, 5, 1
251, 2, 849, 356, 488, 256, 1, 5, 1
252, 2, 849, 356, 488, 256, 1, 5, 1
253, 2, 849, 356, 488, 256, 1, 5, 1
254, 2, 849, 356, 488, 256, 1, 5, 1
255, 2, 849, 356, 488, 256, 1, 5, 1
256, 2, 849, 356, 488, 256, 1, 5, 1
257, 2, 849, 356, 488, 256, 1, 5, 1
258, 2, 849, 356, 488, 256, 1, 5, 1
259, 2, 849, 356, 488, 256, 1, 5, 1
260, 2, 849, 356, 488, 256, 1, 5, 1
261, 2, 849, 356, 488, 256, 1, 5, 1
262, 2, 849, 356, 488, 256, 1, 5, 1
263, 2, 849, 356, 488, 256, 1, 5, 1
264, 2, 849, 356, 488, 256, 1, 5, 1
265, 2, 849, 356, 488, 256, 1, 5, 1
266, 2, 849, 356, 488, 256, 1, 5, 1
267, 2, 849, 356, 488, 256, 1, 5, 1
268, 2, 849, 356, 488, 256, 1, 5, 1
269, 2, 849, 356, 488, 256, 1, 5, 1
270, 2, 849, 356, 488, 256, 1, 5, 1
271, 2, 849, 356, 488, 256, 1, 5, 1
272, 2, 849, 356, 488, 256, 1, 5, 1
273, 2, 849, 356, 488, 256, 1, 5, 1
274, 2, 849, 356, 488, 256, 1, 5, 1
275, 2, 849, 356, 488, 256, 1, 5, 1
276, 2, 849, 356, 488, 256, 1, 5, 1
277, 2, 849, 356, 488, 256, 1, 5, 1
278, 2, 849, 356, 488, 256, 1, 5, 1
279, 2, 849, 356, 488, 256, 1, 5, 1
280, 2, 849, 356, 488, 256, 1, 5, 1
281, 2, 849, 356, 488, 256, 1, 5, 1
282, 2, 849, 356, 488, 256, 1, 5, 1
283, 2, 849, 356, 488, 256, 1, 5, 1
284, 2, 849, 356, 488, 256, 1, 5, 1
285, 2, 849, 356, 488, 256, 1, 5, 1
286, 2, 849, 356, 488, 256, 1, 5, 1
287, 2, 849, 356, 488, 256, 1, 5, 1
288, 2, 849, 356, 488, 256, 1, 5, 1
289, 2, 849, 356, 488, 256, 1, 5, 1
290, 2, 849, 356, 488, 256, 1, 5, 1
291, 2, 849, 356, 488, 256, 1, 5, 1
292, 2, 849, 356, 488, 256, 1, 5, 1
293, 2, 849, 356, 488, 256, 1, 5, 1
294, 2, 849, 356, 488, 256, 1, 5, 1
295, 2, 849, 356, 488, 256, 1, 5, 1
296, 2, 849, 356, 488, 256, 1, 5, 1
297, 2, 849, 356, 488, 256, 1, 5, 1
298, 2, 849, 356, 488, 256, 1, 5, 1
299, 2, 849, 356, 488, 256, 1, 5, 1
300, 2, 849, 356, 488, 256, 1, 5, 1
301, 2, 849, 356, 488, 256, 1, 5, 1
302, 2, 849, 356, 488, 256, 1, 5, 1
303, 2, 849, 356, 488, 256, 1, 5, 1
304, 2, 849, 356, 488, 256, 1, 5, 1
305, 2, 849, 356, 488, 256, 1, 5, 1
306, 2, 849, 356, 488, 256, 1, 5, 1
307, 2, 849, 356, 488, 256, 1, 5, 1
308, 2, 849, 356, 488, 256, 1, 5, 1
309, 2, 849, 356, 488, 256, 1, 5, 1
310, 2, 849, 356, 488, 256, 1, 5, 1
311, 2, 849, 356, 488, 256, 1, 5, 1
312, 2, 849, 356, 488, 256, 1, 5, 1
313, 2, 849, 356, 488, 256, 1, 5, 1
314, 2, 849, 356, 488, 256, 1, 5, 1
315, 2, 849, 356, 488, 256, 1, 5, 1
316, 2, 849, 356, 488, 256, 1, 5, 1
317, 2, 849, 356, 488, 256, 1, 5, 1
318, 2, 849, 356, 488, 256, 1, 5, 1
319, 2, 849, 356, 488, 256, 1, 5, 1
320, 2, 849, 356, 488, 256, 1, 5, 1
321, 2, 849, 356, 488, 256, 1, 5, 1
322, 2, 849, 356, 488, 256, 1, 5, 1
323, 2, 849, 356, 488, 256, 1, 5, 1
324, 2, 849, 356, 488, 256, 1, 5, 1
325, 2, 849, 356, 488, 256, 1, 5, 1
326, 2, 849, 356, 488, 256, 1, 5, 1
327, 2, 849, 356, 488, 256, 1, 5, 1
328, 2, 849, 356, 488, 256, 1, 5, 1
329, 2, 849, 356, 488, 256, 1, 5, 1
330, 2, 849, 356, 488, 256, 1, 5, 1
331, 2, 849, 356, 488, 256, 1, 5, 1
332, 2, 849, 356, 488, 256, 1, 5, 1
333, 2, 849, 356, 488, 256, 1, 5, 1
334, 2, 849, 356, 488, 256, 1, 5, 1
335, 2, 849, 356, 488, 256, 1, 5, 1
336, 2, 849, 356, 488, 256, 1, 5, 1
337, 2, 849, 356, 488, 256, 1, 5, 1
338, 2, 849, 356, 488, 256, 1, 5, 1
339, 2, 849, 356, 488, 256, 1, 5, 1
340, 2, 849, 356, 488, 256, 1, 5, 1
341, 2, 849, 356, 488, 256, 1, 5, 1
342, 2, 849, 356, 488, 256, 1, 5, 1
343, 2, 849, 356, 488, 256, 1, 5, 1
344, 2, 849, 356, 488, 256, 1, 5, 1
345, 2, 849, 356, 488, 256, 1, 5, 1
346, 2, 849, 356, 488, 256, 1, 5, 1
347, 2, 849, 356, 488, 256, 1, 5, 1
348, 2, 849, 356, 488, 256, 1, 5, 1
349, 2, 849, 356, 488, 256, 1, 5, 1
350, 2, 849, 356, 488, 256, 1, 5, 1
351, 2, 849, 356, 488, 256, 1, 5, 1
352, 2, 849, 356, 488, 256, 1, 5, 1
353, 2, 849, 356, 488, 256, 1, 5, 1
354, 2, 849, 356, 488, 256, 1, 5, 1
355, 2, 849, 356, 488, 256, 1, 5, 1
356, 2, 849, 356, 488, 256, 1, 5, 1
357, 2, 849, 356, 488, 256, 1, 5, 1
358, 2, 849, 356, 488, 256, 1, 5, 1
359, 2, 849, 356, 488, 256, 1, 5, 1
360, 2, 849, 356, 488, 256, 1, 5, 1
361, 2, 849, 356, 488, 256, 1, 5, 1
362, 2, 849, 356, 488, 256, 1, 5, 1
363, 2, 849, 356, 488, 256, 1, 5, 1
364, 2, 849, 356, 488, 256, 1, 5, 1
365, 2, 849, 356, 488, 256, 1, 5, 1
366, 2, 849, 356, 488, 256, 1, 5, 1
367, 2, 849, 356, 488, 256, 1, 5, 1
368, 2, 849, 356, 488, 256, 1, 5, 1
369, 2, 849, 356, 488, 256, 1, 5, 1
370, 2, 849, 356, 488, 256, 1, 5, 1
371, 2, 849, 356, 488, 256, 1, 5, 1
372, 2, 849, 356, 488, 256, 1, 5, 1
373, 2, 849, 356, 488, 256, 1, 5, 1
374, 2, 849, 356, 488, 256, 1, 5, 1
375, 2, 849, 356, 488, 256, 1, 5, 1
376, 2, 849, 356, 488, 256, 1, 5, 1
377, 2, 849, 356, 488, 256, 1, 5, 1
378, 2, 849, 356, 488, 256, 1, 5, 1
379, 2, 849, 356, 488, 256, 1, 5, 1
380, 2, 849, 356, 488, 256, 1, 5, 1
381, 2, 849, 356, 488, 256, 1, 5, 1
382, 2, 849, 356, 488, 256, 1, 5, 1
383, 2, 849, 356, 488, 256, 1, 5, 1
384, 2, 849, 356, 488, 256, 1, 5, 1
385, 2, 849, 356, 488, 256, 1, 5, 1
386, 2, 849, 356, 488, 256, 1, 5, 1
387, 2, 849, 356, 488, 256, 1, 5, 1
388, 2, 849, 356, 488, 256, 1, 5, 1
389, 2, 849, 356, 488, 256, 1, 5, 1
390, 2, 849, 356, 488, 256, 1, 5, 1
391, 2, 849, 356, 488, 256, 1, 5, 1
392, 2, 849, 356, 488, 256, 1, 5, 1
393, 2, 849, 356, 488, 256, 1, 5, 1
394, 2, 849, 356, 488, 256, 1, 5, 1
395, 2, 849, 356, 488, 256, 1, 5, 1
396, 2, 849, 356, 488, 256, 1, 5, 1
397, 2, 849, 356, 488, 256, 1, 5, 1
398, 2, 849, 356, 488, 256, 1, 5, 1
399, 2, 849, 356, 488, 256, 1, 5, 1
400, 2, 849, 356, 488, 256, 1, 5, 1
401, 2, 849, 356, 488, 256, 1, 5, 1
402, 2, 849, 356, 488, 256, 1, 5, 1
403, 2, 849, 356, 488, 256, 1, 5, 1
404, 2, 849, 356, 488, 256, 1, 5, 1
405, 2, 849, 356, 488, 256, 1, 5, 1
406, 2, 849, 356, 488, 256, 1, 5, 1
407, 2, 849, 356, 488, 256, 1, 5, 1
408, 2, 849, 356, 488, 256, 1, 5, 1
409, 2, 849, 356, 488, 256, 1, 5, 1
410, 2, 849, 356, 488, 256, 1, 5, 1
411, 2, 849, 356, 488, 256, 1, 5, 1
412, 2, 849, 356, 488, 256, 1, 5, 1
413, 2, 849, 356, 488, 256, 1, 5, 1
414, 2, 849, 356, 488, 256, 1, 5, 1
415, 2, 849, 356, 488, 256, 1, 5, 1
416, 2, 849, 356, 488, 256, 1, 5, 1
417, 2, 849, 356, 488, 256, 1, 5, 1
418, 2, 849, 356, 488, 256, 1, 5, 1
419, 2, 849, 356, 488, 256, 1, 5, 1
420, 2, 849, 356, 488, 256, 1, 5, 1
421, 2, 849, 356, 488, 256, 1, 5, 1
422, 2, 849, 356, 488, 256, 1, 5, 1
423, 2, 849, 356, 488, 256, 1, 5, 1
424, 2, 849, 356, 488, 256, 1, 5, 1
425, 2, 849, 356, 488, 256, 1, 5, 1
426, 2, 849, 356, 488, 256, 1, 5, 1
427, 2, 849, 356, 488, 256, 1, 5, 1
428, 2, 849, 356, 488, 256, 1, 5, 1
429, 2, 849, 356, 488, 256, 1, 5, 1
430, 2, 849, 356, 488, 256, 1, 5, 1
431, 2, 849, 356, 488, 256, 1, 5, 1
432, 2, 849, 356, 488, 256, 1, 5, 1
433, 2, 849, 356, 488, 256, 1, 5, 1
434, 2, 849, 356, 488, 256, 1, 5, 1
435, 2, 849, 356, 488, 256, 1, 5, 1
436, 2, 849, 356, 488, 256, 1, 5, 1
437, 2, 849, 356, 488, 256, 1, 5, 1
438, 2, 849, 356, 488, 256, 1, 5, 1
439, 2, 849, 356, 488, 256, 1, 5, 1
440, 2, 849, 356, 488, 256, 1, 5, 1
441, 2, 849, 356, 488, 256, 1, 5, 1
442, 2, 849, 356, 488, 256, 1, 5, 1
443, 2, 849, 356, 488, 256, 1, 5, 1
444, 2, 849, 356, 488, 256, 1, 5, 1
445, 2, 849, 356, 488, 256, 1, 5, 1
446, 2, 849, 356, 488, 256, 1, 5, 1
447, 2, 849, 356, 488, 256, 1, 5, 1
448, 2, 849, 356, 488, 256, 1, 5, 1
449, 2, 849, 356, 488, 256, 1, 5, 1
450, 2, 849, 356, 488, 256, 1, 5, 1
451, 2, 849, 356, 488, 256, 1, 5, 1
452, 2, 849, 356, 488, 256, 1, 5, 1
453, 2, 849, 356, 488, 256, 1, 5, 1
454, 2, 849, 356, 488, 256, 1, 5, 1
455, 2, 849, 356, 488, 256, 1, 5, 1
456, 2, 849, 356, 488, 256, 1, 5, 1
457, 2, 849, 356, 488, 256, 1, 5, 1
458, 2, 849, 356, 488, 256, 1, 5, 1
459, 2, 849, 356, 488, 256, 1, 5, 1
460, 2, 849, 356, 488, 256, 1, 5, 1
461, 2, 849, 356, 488, 256, 1, 5, 1
462, 2, 849, 356, 488, 256, 1, 5, 1
463, 2, 849, 356, 488, 256, 1, 5, 1
464, 2, 849, 356, 488, 256, 1, 5, 1
465, 2, 849, 356, 488, 256, 1, 5, 1
466, 2, 849, 356, 488, 256, 1, 5, 1
467, 2, 849, 356, 488, 256, 1, 5, 1
468, 2, 849, 356, 488, 256, 1, 5, 1
469, 2, 849, 356, 488, 256, 1, 5, 1
470, 2, 849, 356, 488, 256, 1, 5, 1
471, 2, 849, 356, 488, 256, 1, 5, 1
472, 2, 849, 356, 488, 256, 1, 5, 1
473, 2, 849, 356, 488, 256, 1, 5, 1
474, 2, 849, 356, 488, 256, 1, 5, 1
475, 2, 849, 356, 488, 256, 1, 5, 1
476, 2, 849, 356, 488, 256, 1, 5, 1
477, 2, 849, 356, 488, 256, 1, 5, 1
478, 2, 849, 356, 488, 256, 1, 5, 1
479, 2, 849, 356, 488, 256, 1, 5, 1
480, 2, 849, 356, 488, 256, 1, 5, 1
481, 2, 849, 356, 488, 256, 1, 5, 1
482, 2, 849, 356, 488, 256, 1, 5, 1
483, 2, 849, 356, 488, 256, 1, 5, 1
484, 2, 849, 356, 488, 256, 1, 5, 1
485, 2, 849, 356, 488, 256, 1, 5, 1
486, 2, 849, 356, 488, 256, 1, 5, 1
487, 2, 849, 356, 488, 256, 1, 5, 1
488, 2, 849, 356, 488, 256, 1, 5, 1
489, 2, 849, 356, 488, 256, 1, 5, 1
490, 2, 849, 356, 488, 256, 1, 5, 1
491, 2, 849, 356, 488, 256, 1, 5, 1
492, 2, 849, 356, 488, 256, 1, 5, 1
493, 2, 849, 356, 488, 256, 1, 5, 1
494, 2, 849, 356, 488, 256, 1, 5, 1
495, 2, 849, 356, 488, 256, 1, 5, 1
496, 2, 849, 356, 488, 256, 1, 5, 1
497, 2, 849, 356, 488, 256, 1, 5, 1
498, 2, 849, 356, 488, 256, 1, 5, 1
499, 2, 849, 356, 488, 256, 1, 5, 1
500, 2, 849, 356, 488, 256, 1, 5, 1
501, 2, 849, 356, 488, 256, 1, 5, 1
502, 2, 849, 356, 488, 256, 1, 5, 1
503, 2, 849, 356, 488, 256, 1, 5, 1
504, 2, 849, 356, 488, 256, 1, 5, 1
505, 2, 849, 356, 488, 256, 1, 5, 1
506, 2, 849, 356, 488, 256, 1, 5, 1
507, 2, 849, 356, 488, 256, 1, 5, 1
508, 2, 849, 356, 488, 256, 1, 5, 1
509, 2, 849, 356, 488, 256, 1, 5, 1
510, 2, 849, 356, 488, 256, 1, 5, 1
511, 2, 849, 356, 488, 256, 1, 5, 1
512, 2, 849, 356, 488, 256, 1, 5, 1
513, 2, 849, 356, 488, 256, 1, 5, 1
514, 2, 849, 356, 488, 256, 1, 5, 1
515, 2, 849, 356, 488, 256, 1, 5, 1
516, 2, 849, 356, 488, 256, 1, 5, 1
517, 2, 849, 356, 488, 256, 1, 5, 1
518, 2, 849, 356, 488, 256, 1, 5, 1
519, 2, 849, 356, 488, 256, 1, 5, 1
520, 2, 849, 356, 488, 256, 1, 5, 1
521, 2, 849, 356, 488, 256, 1, 5, 1
522, 2, 849, 356, 488, 256, 1, 5, 1
523, 2, 849, 356, 488, 256, 1, 5, 1
524, 2, 849, 356, 488, 256, 1, 5, 1
525, 2, 849, 356, 488, 256, 1, 5, 1
526, 2, 849, 356, 488, 256, 1, 5, 1
527, 2, 849, 356, 488, 256, 1, 5, 1
528, 2, 849, 356, 488, 256, 1, 5, 1
529, 2, 849, 356, 488, 256, 1, 5, 1
530, 2, 849, 356, 488, 256, 1, 5, 1
531, 2, 849, 356, 488, 256, 1, 5, 1
532, 2, 849, 356, 488, 256, 1, 5, 1
533, 2, 849, 356, 488, 256, 1, 5, 1
534, 2, 849, 356, 488, 256, 1, 5, 1
535, 2, 849, 356, 488, 256, 1, 5, 1
536, 2, 849, 356, 488, 256, 1, 5, 1
537, 2, 849, 356, 488, 256, 1, 5, 1
538, 2, 849, 356, 488, 256, 1, 5, 1
539, 2, 849, 356, 488, 256, 1, 5, 1
540, 2, 849, 356, 488, 256, 1, 5, 1
541, 2, 849, 356, 488, 256, 1, 5, 1
542, 2, 849, 356, 488, 256, 1, 5, 1
543, 2, 849, 356, 488, 256, 1, 5, 1
544, 2, 849, 356, 488, 256, 1, 5, 1
545, 2, 849, 356, 488, 256, 1, 5, 1
546, 2, 849, 356, 488, 256, 1, 5, 1
547, 2, 849, 356, 488, 256, 1, 5, 1
548, 2, 849, 356, 488, 256, 1, 5, 1
549, 2, 849, 356, 488, 256, 1, 5, 1
550, 2, 849, 356, 488, 256, 1, 5, 1
551, 2, 849, 356, 488, 256, 1, 5, 1
552, 2, 849, 356, 488, 256, 1, 5, 1
553, 2, 849, 356, 488, 256, 1, 5, 1
554, 2, 849, 356, 488, 256, 1, 5, 1
555, 2, 849, 356, 488, 256, 1, 5, 1
556, 2, 849, 356, 488, 256, 1, 5, 1
557, 2, 849, 356, 488, 256, 1, 5, 1
558, 2, 849, 356, 488, 256, 1, 5, 1
559, 2, 849, 356, 488, 256, 1, 5, 1
560, 2, 849, 356, 488, 256, 1, 5, 1
561, 2, 849, 356, 488, 256, 1, 5, 1
562, 2, 849, 356, 488, 256, 1, 5, 1
563, 2, 849, 356, 488, 256, 1, 5, 1
564, 2, 849, 356, 488, 256, 1, 5, 1
565, 2, 849, 356, 488, 256, 1, 5, 1
566, 2, 849, 356, 488, 256, 1, 5, 1
567, 2, 849, 356, 488, 256, 1, 5, 1
568, 2, 849, 356, 488, 256, 1, 5, 1
569, 2, 849, 356, 488, 256, 1, 5, 1
570, 2, 849, 356, 488, 256, 1, 5, 1
571, 2, 849, 356, 488, 256, 1, 5, 1
572, 2, 849, 356, 488, 256, 1, 5, 1
573, 2, 849, 356, 488, 256, 1, 5, 1
574, 2, 849, 356, 488, 256, 1, 5, 1
575, 2, 849, 356, 488, 256, 1, 5, 1
576, 2, 849, 356, 488, 256, 1, 5, 1
577, 2, 849, 356, 488, 256, 1, 5, 1
578, 2, 849, 356, 488, 256, 1, 5, 1
579, 2, 849, 356, 488, 256, 1, 5, 1
580, 2, 849, 356, 488, 256, 1, 5, 1
581, 2, 849, 356, 488, 256, 1, 5, 1
582, 2, 849, 356, 488, 256, 1, 5, 1
583, 2, 849, 356, 488, 256, 1, 5, 1
584, 2, 849, 356, 488, 256, 1, 5, 1
585, 2, 849, 356, 488, 256, 1, 5, 1
586, 2, 849, 356, 488, 256, 1, 5, 1
587, 2, 849, 356, 488, 256, 1, 5, 1
588, 2, 849, 356, 488, 256, 1, 5, 1
589, 2, 849, 356, 488, 256, 1, 5, 1
590, 2, 849, 356, 488, 256, 1, 5, 1
591, 2, 849, 356, 488, 256, 1, 5, 1
592, 2, 849, 356, 488, 256, 1, 5, 1
593, 2, 849, 356, 488, 256, 1, 5, 1
594, 2, 849, 356, 488, 256, 1, 5, 1
595, 2, 849, 356, 488, 256, 1, 5, 1
596, 2, 849, 356, 488, 256, 1, 5, 1
597, 2, 849, 356, 488, 256, 1, 5, 1
598, 2, 849, 356, 488, 256, 1, 5, 1
599, 2, 849, 356, 488, 256, 1, 5, 1
600, 2, 849, 356, 488, 256, 1, 5, 1
601, 2, 849, 356, 488, 256, 1, 5, 1
602, 2, 849, 356, 488, 256, 1, 5, 1
603, 2, 849, 356, 488, 256, 1, 5, 1
604, 2, 849, 356, 488, 256, 1, 5, 1
605, 2, 849, 356, 488, 256, 1, 5, 1
606, 2, 849, 356, 488, 256, 1, 5, 1
607, 2, 849, 356, 488, 256, 1, 5, 1
608, 2, 849, 356, 488, 256, 1, 5, 1
609, 2, 849, 356, 488, 256, 1, 5, 1
610, 2, 849, 356, 488, 256, 1, 5, 1
611, 2, 849, 356, 488, 256, 1, 5, 1
612, 2, 849, 356, 488, 256, 1, 5, 1
613, 2, 849, 356, 488, 256, 1, 5, 1
614, 2, 849, 356, 488, 256, 1, 5, 1
615, 2, 849, 356, 488, 256, 1, 5, 1
616, 2, 849, 356, 488, 256, 1, 5, 1
617, 2, 849, 356, 488, 256, 1, 5, 1
618, 2, 849, 356, 488, 256, 1, 5, 1
619, 2, 849, 356, 488, 256, 1, 5, 1
620, 2, 849, 356, 488, 256, 1, 5, 1
621, 2, 849, 356, 488, 256, 1, 5, 1
622, 2, 849, 356, 488, 256, 1, 5, 1
623, 2, 849, 356, 488, 256, 1, 5, 1
624, 2, 849, 356, 488, 256, 1, 5, 1
625, 2, 849, 356, 488, 256, 1, 5, 1
626, 2, 849, 356, 488, 256, 1, 5, 1
627, 2, 849, 356, 488, 256, 1, 5, 1
628, 2, 849, 356, 488, 256, 1, 5, 1
629, 2, 849, 356, 488, 256, 1, 5, 1
630, 2, 849, 356, 488, 256, 1, 5, 1
631, 2, 849, 356, 488, 256, 1, 5, 1
632, 2, 849, 356, 488, 256, 1, 5, 1
633, 2, 849, 356, 488, 256, 1, 5, 1
634, 2, 849, 356, 488, 256, 1, 5, 1
635, 2, 849, 356, 488, 256, 1, 5, 1
636, 2, 849, 356, 488, 256, 1, 5, 1
637, 2, 849, 356, 488, 256, 1, 5, 1
638, 2, 849, 356, 488, 256, 1, 5, 1
639, 2, 849, 356, 488, 256, 1, 5, 1
640, 2, 849, 356, 488, 256, 1, 5, 1
641, 2, 849, 356, 488, 256, 1, 5, 1
642, 2, 849, 356, 488, 256, 1, 5, 1
643, 2, 849, 356, 488, 256, 1, 5, 1
644, 2, 849, 356, 488, 256, 1, 5, 1
645, 2, 849, 356, 488, 256, 1, 5, 1
646, 2, 849, 356, 488, 256, 1, 5, 1
647, 2, 849, 356, 488, 256, 1, 5, 1
648, 2, 849, 356, 488, 256, 1, 5, 1
649, 2, 849, 356, 488, 256, 1, 5, 1
650, 2, 849, 356, 488, 256, 1, 5, 1
651, 2, 849, 356, 488, 256, 1, 5, 1
652, 2, 849, 356, 488, 256, 1, 5, 1
653, 2, 849, 356, 488, 256, 1, 5, 1
654, 2, 849, 356, 488, 256, 1, 5, 1
655, 2, 849, 356, 488, 256, 1, 5, 1
656, 2, 849, 356, 488, 256, 1, 5, 1
657, 2, 849, 356, 488, 256, 1, 5, 1
658, 2, 849, 356, 488, 256, 1, 5, 1
659, 2, 849, 356, 488, 256, 1, 5, 1
660, 2, 849, 356, 488, 256, 1, 5, 1
661, 2, 849, 356, 488, 256, 1, 5, 1
662, 2, 849, 356, 488, 256, 1, 5, 1
663, 2, 849, 356, 488, 256, 1, 5, 1
664, 2, 849, 356, 488, 256, 1, 5, 1
665, 2, 849, 356, 488, 256, 1, 5, 1
666, 2, 849, 356, 488, 256, 1, 5, 1
667, 2, 849, 356, 488, 256, 1, 5, 1
668, 2, 849, 356, 488, 256, 1, 5, 1
669, 2, 849, 356, 488, 256, 1, 5, 1
670, 2, 849, 356, 488, 256, 1, 5, 1
671, 2, 849, 356, 488, 256, 1, 5, 1
672, 2, 849, 356, 488, 256, 1, 5, 1
673, 2, 849, 356, 488, 256, 1, 5, 1
674, 2, 849, 356, 488, 256, 1, 5, 1
675, 2, 849, 356, 488, 256, 1, 5, 1
676, 2, 849, 356, 488, 256, 1, 5, 1
677, 2, 849, 356, 488, 256, 1, 5, 1
678, 2, 849, 356, 488, 256, 1, 5, 1
679, 2, 849, 356, 488, 256, 1, 5, 1
680, 2, 849, 356, 488, 256, 1, 5, 1
681, 2, 849, 356, 488, 256, 1, 5, 1
682, 2, 849, 356, 488, 256, 1, 5, 1
683, 2, 849, 356, 488, 256, 1, 5, 1
684, 2, 849, 356, 488, 256, 1, 5, 1
685, 2, 849, 356, 488, 256, 1, 5, 1
686, 2, 849, 356, 488, 256, 1, 5, 1
687, 2, 849, 356, 488, 256, 1, 5, 1
688, 2, 849, 356, 488, 256, 1, 5, 1
689, 2, 849, 356, 488, 256, 1, 5, 1
690, 2, 849, 356, 488, 256, 1, 5, 1
691, 2, 849, 356, 488, 256, 1, 5, 1
692, 2, 849, 356, 488, 256, 1, 5, 1
693, 2, 849, 356, 488, 256, 1, 5, 1
694, 2, 849, 356, 488, 256, 1, 5, 1
695, 2, 849, 356, 488, 256, 1, 5, 1
696, 2, 849, 356, 488, 256, 1, 5, 1
697, 2, 849, 356, 488, 256, 1, 5, 1
698, 2, 849, 356, 488, 256, 1, 5, 1
699, 2, 849, 356, 488, 256, 1, 5, 1
700, 2, 849, 356, 488, 256, 1, 5, 1
701, 2, 849, 356, 488, 256, 1, 5, 1
702, 2, 849, 356, 488, 256, 1, 5, 1
703, 2, 849, 356, 488, 256, 1, 5, 1
704, 2, 849, 356, 488, 256, 1, 5, 1
705, 2, 849, 356, 488, 256, 1, 5, 1
706, 2, 849, 356, 488, 256, 1, 5, 1
707, 2, 849, 356, 488, 256, 1, 5, 1
708, 2, 849, 356, 488, 256, 1, 5, 1
709, 2, 849, 356, 488, 256, 1, 5, 1
710, 2, 849, 356, 488, 256, 1, 5, 1
711, 2, 849, 356, 488, 256, 1, 5, 1
712, 2, 849, 356, 488, 256, 1, 5, 1
713, 2, 849, 356, 488, 256, 1, 5, 1
714, 2, 849, 356, 488, 256, 1, 5, 1
715, 2, 849, 356, 488, 256, 1, 5, 1
716, 2, 849, 356, 488, 256, 1, 5, 1
717, 2, 849, 356, 488, 256, 1, 5, 1
718, 2, 849, 356, 488, 256, 1, 5, 1
719, 2, 849, 356, 488, 256, 1, 5, 1
720, 2, 849, 356, 488, 256, 1, 5, 1
721, 2, 849, 356, 488, 256, 1, 5, 1
722, 2, 849, 356, 488, 256, 1, 5, 1
723, 2, 849, 356, 488, 256, 1, 5, 1
724, 2, 849, 356, 488, 256, 1, 5, 1
725, 2, 849, 356, 488, 256, 1, 5, 1
726, 2, 849, 356, 488, 256, 1, 5, 1
727, 2, 849, 356, 488, 256, 1, 5, 1
728, 2, 849, 356, 488, 256, 1, 5, 1
729, 2, 849, 356, 488, 256, 1, 5, 1
730, 2, 849, 356, 488, 256, 1, 5, 1
731, 2, 849, 356, 488, 256, 1, 5, 1
732, 2, 849, 356, 488, 256, 1, 5, 1
733, 2, 849, 356, 488, 256, 1, 5, 1
734, 2, 849, 356, 488, 256, 1, 5, 1
735, 2, 849, 356, 488, 256, 1, 5, 1
736, 2, 849, 356, 488, 256, 1, 5, 1
737, 2, 849, 356, 488, 256, 1, 5, 1
738, 2, 849, 356, 488, 256, 1, 5, 1
739, 2, 849, 356, 488, 256, 1, 5, 1
740, 2, 849, 356, 488, 256, 1, 5, 1
741, 2, 849, 356, 488, 256, 1, 5, 1
742, 2, 849, 356, 488, 256, 1, 5, 1
743, 2, 849, 356, 488, 256, 1, 5, 1
744, 2, 849, 356, 488, 256, 1, 5, 1
745, 2, 849, 356, 488, 256, 1, 5, 1
746, 2, 849, 356, 488, 256, 1, 5, 1
747, 2, 849, 356, 488, 256, 1, 5, 1
748, 2, 849, 356, 488, 256, 1, 5, 1
749, 2, 849, 356, 488, 256, 1, 5, 1
750, 2, 849, 356, 488, 256, 1, 5, 1
751, 2, 849, 356, 488, 256, 1, 5, 1
752, 2, 849, 356, 488, 256, 1, 5, 1
753, 2, 849, 356, 488, 256, 1, 5, 1
754, 2, 849, 356, 488, 256, 1, 5, 1
755, 2, 849, 356, 488, 256, 1, 5, 1
756, 2, 849, 356, 488, 256, 1, 5, 1
757, 2, 849, 356, 488, 256, 1, 5, 1
758, 2, 849, 356, 488, 256, 1, 5, 1
759, 2, 849, 356, 488, 256, 1, 5, 1
760, 2, 849, 356, 488, 256, 1, 5, 1
761, 2, 849, 356, 488, 256, 1, 5, 1
762, 2, 849, 356, 488, 256, 1, 5, 1
763, 2, 849, 356, 488, 256, 1, 5, 1
764, 2, 849, 356, 488, 256, 1, 5, 1
765, 2, 849, 356, 488, 256, 1, 5, 1
766, 2, 849, 356, 488, 256, 1, 5, 1
767, 2, 849, 356, 488, 256, 1, 5, 1
768, 2, 849, 356, 488, 256, 1, 5, 1
769, 2, 849, 356, 488, 256, 1, 5, 1
770, 2, 849, 356, 488, 256, 1, 5, 1
771, 2, 849, 356, 488, 256, 1, 5, 1
772, 2, 849, 356, 488, 256, 1, 5, 1
773, 2, 849, 356, 488, 256, 1, 5, 1
774, 2, 849, 356, 488, 256, 1, 5, 1
775, 2, 849, 356, 488, 256, 1, 5, 1
776, 2, 849, 356, 488, 256, 1, 5, 1
777, 2, 849, 356, 488, 256, 1, 5, 1
778, 2, 849, 356, 488, 256, 1, 5, 1
779, 2, 849, 356, 488, 256, 1, 5, 1
780, 2, 849, 356, 488, 256, 1, 5, 1
781, 2, 849, 356, 488, 256, 1, 5, 1
782, 2, 849, 356, 488, 256, 1, 5, 1
783, 2, 849, 356, 488, 256, 1, 5, 1
784, 2, 849, 356, 488, 256, 1, 5, 1
785, 2, 849, 356, 488, 256, 1, 5, 1
786, 2, 849, 356, 488, 256, 1, 5, 1
787, 2, 849, 356, 488, 256, 1, 5, 1
788, 2, 849, 356, 488, 256, 1, 5, 1
789, 2, 849, 356, 488, 256, 1, 5, 1
790, 2, 849, 356, 488, 256, 1, 5, 1
791, 2, 849, 356, 488, 256, 1, 5, 1
792, 2, 849, 356, 488, 256, 1, 5, 1
793, 2, 849, 356, 488, 256, 1, 5, 1
794, 2, 849, 356, 488, 256, 1, 5, 1
795, 2, 849, 356, 488, 256, 1, 5, 1
796, 2, 849, 356, 488, 256, 1, 5, 1
797, 2, 849, 356, 488, 256, 1, 5, 1
798, 2, 849, 356, 488, 256, 1, 5, 1
799, 2, 849, 356, 488, 256, 1, 5, 1
800, 2, 849, 356, 488, 256, 1, 5, 1
801, 2, 849, 356, 488, 256, 1, 5, 1
802, 2, 849, 356, 488, 256, 1, 5, 1
803, 2, 849, 356, 488, 256, 1, 5, 1
804, 2, 849, 356, 488, 256, 1, 5, 1
805, 2, 849, 356, 488, 256, 1, 5, 1
806, 2, 849, 356, 488, 256, 1, 5, 1
807, 2, 849, 356, 488, 256, 1, 5, 1
808, 2, 849, 356, 488, 256, 1, 5, 1
809, 2, 849, 356, 488, 256, 1, 5, 1
810, 2, 849, 356, 488, 256, 1, 5, 1
811, 2, 849, 356, 488, 256, 1, 5, 1
812, 2, 849, 356, 488, 256, 1, 5, 1
813, 2, 849, 356, 488, 256, 1, 5, 1
814, 2, 849, 356, 488, 256, 1, 5, 1
815, 2, 849, 356, 488, 256, 1, 5, 1
816, 2, 849, 356, 488, 256, 1, 5, 1
817, 2, 849, 356, 488, 256, 1, 5, 1
818, 2, 849, 356, 488, 256, 1, 5, 1
819, 2, 849, 356, 488, 256, 1, 5, 1
820, 2, 849, 356, 488, 256, 1, 5, 1
821, 2, 849, 356, 488, 256, 1, 5, 1
822, 2, 849, 356, 488, 256, 1, 5, 1
823, 2, 849, 356, 488, 256, 1, 5, 1
824, 2, 849, 356, 488, 256, 1, 5, 1
825, 2, 849, 356, 488, 256, 1, 5, 1
826, 2, 849, 356, 488, 256, 1, 5, 1
827, 2, 849, 356, 488, 256, 1, 5, 1
828, 2, 849, 356, 488, 256, 1, 5, 1
829, 2, 849, 356, 488, 256, 1, 5, 1
830, 2, 849, 356, 488, 256, 1, 5, 1
831, 2, 849, 356, 488, 256, 1, 5, 1
832, 2, 849, 356, 488, 256, 1, 5, 1
833, 2, 849, 356, 488, 256, 1, 5, 1
834, 2, 849, 356, 488, 256, 1, 5, 1
835, 2, 849, 356, 488, 256, 1, 5, 1
836, 2, 849, 356, 488, 256, 1, 5, 1
837, 2, 849, 356, 488, 256, 1, 5, 1
838, 2, 849, 356, 488, 256, 1, 5, 1
839, 2, 849, 356, 488, 256, 1, 5, 1
840, 2, 849, 356, 488, 256, 1, 5, 1
841, 2, 849, 356, 488, 256, 1, 5, 1
842, 2, 849, 356, 488, 256, 1, 5, 1
843, 2, 849, 356, 488, 256, 1, 5, 1
844, 2, 849, 356, 488, 256, 1, 5, 1
845, 2, 849, 356, 488, 256, 1, 5, 1
846, 2, 849, 356, 488, 256, 1, 5, 1
847, 2, 849, 356, 488, 256, 1, 5, 1
848, 2, 849, 356, 488, 256, 1, 5, 1
849, 2, 849, 356, 488, 256, 1, 5, 1
850, 2, 849, 356, 488, 256, 1, 5, 1
851, 2, 849, 356, 488, 256, 1, 5, 1
852, 2, 849, 356, 488, 256, 1, 5, 1
853, 2, 849, 356, 488, 256, 1, 5, 1
854, 2, 849, 356, 488, 256, 1, 5, 1
855, 2, 849, 356, 488, 256, 1, 5, 1
856, 2, 849, 356, 488, 256, 1, 5, 1
857, 2, 849, 356, 488, 256, 1, 5, 1
858, 2, 849, 356, 488, 256, 1, 5, 1
859, 2, 849, 356, 488, 256, 1, 5, 1
860, 2, 849, 356, 488, 256, 1, 5, 1
861, 2, 849, 356, 488, 256, 1, 5, 1
862, 2, 849, 356, 488, 256, 1, 5, 1
863, 2, 849, 356, 488, 256, 1, 5, 1
864, 2, 849, 356, 488, 256, 1, 5, 1
865, 2, 849, 356, 488, 256, 1, 5, 1
866, 2, 849, 356, 488, 256, 1, 5, 1
867, 2, 849, 356, 488, 256, 1, 5, 1
868, 2, 849, 356, 488, 256, 1, 5, 1
869, 2, 849, 356, 488, 256, 1, 5, 1
870, 2, 849, 356, 488, 256, 1, 5, 1
871, 2, 849, 356, 488, 256, 1, 5, 1
872, 2, 849, 356, 488, 256, 1, 5, 1
873, 2, 849, 356, 488, 256, 1, 5, 1
874, 2, 849, 356, 488, 256, 1, 5, 1
875, 2, 849, 356, 488, 256, 1, 5, 1
876, 2, 849, 356, 488, 256, 1, 5, 1
877, 2, 849, 356, 488, 256, 1, 5, 1
878, 2, 849, 356, 488, 256, 1, 5, 1
879, 2, 849, 356, 488, 256, 1, 5, 1
880, 2, 849, 356, 488, 256, 1, 5, 1
881, 2, 849, 356, 488, 256, 1, 5, 1
882, 2, 849, 356, 488, 256, 1, 5, 1
883, 2, 849, 356, 488, 256, 1, 5, 1
884, 2, 849, 356, 488, 256, 1, 5, 1
885, 2, 849, 356, 488, 256, 1, 5, 1
886, 2, 849, 356, 488, 256, 1, 5, 1
887, 2, 849, 356, 488, 256, 1, 5, 1
888, 2, 849, 356, 488, 256, 1, 5, 1
889, 2, 849, 356, 488, 256, 1, 5, 1
890, 2, 849, 356, 488, 256, 1, 5, 1
891, 2, 849, 356, 488, 256, 1, 5, 1
892, 2, 849, 356, 488, 256, 1, 5, 1
893, 2, 849, 356, 488, 256, 1, 5, 1
894, 2, 849, 356, 488, 256, 1, 5, 1
895, 2, 849, 356, 488, 256, 1, 5, 1
896, 2, 849, 356, 488, 256, 1, 5, 1
897, 2, 849, 356, 488, 256, 1, 5, 1
898, 2, 849, 356, 488, 256, 1, 5, 1
899, 2, 849, 356, 488, 256, 1, 5, 1
900, 2, 849, 356, 488, 256, 1, 5, 1
901, 2, 849, 356, 488, 256, 1, 5, 1
902, 2, 849, 356, 488, 256, 1, 5, 1
903, 2, 849, 356, 488, 256, 1, 5, 1
904, 2, 849, 356, 488, 256, 1, 5, 1
905, 2, 849, 356, 488, 256, 1, 5, 1
906, 2, 849, 356, 488, 256, 1, 5, 1
907, 2, 849, 356, 488, 256, 1, 5, 1
908, 2, 849, 356, 488, 256, 1, 5, 1
909, 2, 849, 356, 488, 256, 1, 5, 1
910, 2, 849, 356, 488, 256, 1, 5, 1
911, 2, 849, 356, 488, 256, 1, 5, 1
912, 2, 849, 356, 488, 256, 1, 5, 1
913, 2, 849, 356, 488, 256, 1, 5, 1
914, 2, 849, 356, 488, 256, 1, 5, 1
915, 2, 849, 356, 488, 256, 1, 5, 1
916, 2, 849, 356, 488, 256, 1, 5, 1
917, 2, 849, 356, 488, 256, 1, 5, 1
918, 2, 849, 356, 488, 256, 1, 5, 1
919, 2, 849, 356, 488, 256, 1, 5, 1
920, 2, 849, 356, 488, 256, 1, 5, 1
921, 2, 849, 356, 488, 256, 1, 5, 1
922, 2, 849, 356, 488, 256, 1, 5, 1
923, 2, 849, 356, 488, 256, 1, 5, 1
924, 2, 849, 356, 488, 256, 1, 5, 1
925, 2, 849, 356, 488, 256, 1, 5, 1
926, 2, 849, 356, 488, 256, 1, 5, 1
927, 2, 849, 356, 488, 256, 1, 5, 1
928, 2, 849, 356, 488, 256, 1, 5, 1
929, 2, 849, 356, 488, 256, 1, 5, 1
930, 2, 849, 356, 488, 256, 1, 5, 1
931, 2, 849, 356, 488, 256, 1, 5, 1
932, 2, 849, 356, 488, 256, 1, 5, 1
933, 2, 849, 356, 488, 256, 1, 5, 1
934, 2, 849, 356, 488, 256, 1, 5, 1
935, 2, 849, 356, 488, 256, 1, 5, 1
936, 2, 849, 356, 488, 256, 1, 5, 1
937, 2, 849, 356, 488, 256, 1, 5, 1
938, 2, 849, 356, 488, 256, 1, 5, 1
939, 2, 849, 356, 488, 256, 1, 5, 1
940, 2, 849, 356, 488, 256, 1, 5, 1
941, 2, 849, 356, 488, 256, 1, 5, 1
942, 2, 849, 356, 488, 256, 1, 5, 1
943, 2, 849, 356, 488, 256, 1, 5, 1
944, 2, 849, 356, 488, 256, 1, 5, 1
945, 2, 849, 356, 488, 256, 1, 5, 1
946, 2, 849, 356, 488, 256, 1, 5, 1
947, 2, 849, 356, 488, 256, 1, 5, 1
948, 2, 849, 356, 488, 256, 1, 5, 1
949, 2, 849, 356, 488, 256, 1, 5, 1
950, 2, 849, 356, 488, 256, 1, 5, 1
951, 2, 849, 356, 488, 256, 1, 5, 1
952, 2, 849, 356, 488, 256, 1, 5, 1
953, 2, 849, 356, 488, 256, 1, 5, 1
954, 2, 849, 356, 488, 256, 1, 5, 1
955, 2, 849, 356, 488, 256, 1, 5, 1
956, 2, 849, 356, 488, 256, 1, 5, 1
957, 2, 849, 356, 488, 256, 1, 5, 1
958, 2, 849, 356, 488, 256, 1, 5, 1
959, 2, 849, 356, 488, 256, 1, 5, 1
960, 2, 849, 356, 488, 256, 1, 5, 1
961, 2, 849, 356, 488, 256, 1, 5, 1
962, 2, 849, 356, 488, 256, 1, 5, 1
963, 2, 849, 356, 488, 256, 1, 5, 1
964, 2, 849, 356, 488, 256, 1, 5, 1
965, 2, 849, 356, 488, 256, 1, 5, 1
966, 2, 849, 356, 488, 256, 1, 5, 1
967, 2, 849, 356, 488, 256, 1, 5, 1
968, 2, 849, 356, 488, 256, 1, 5, 1
969, 2, 849, 356, 488, 256, 1, 5, 1
970, 2, 849, 356, 488, 256, 1, 5, 1
971, 2, 849, 356, 488, 256, 1, 5, 1
972, 2, 849, 356, 488, 256, 1, 5, 1
973, 2, 849, 356, 488, 256, 1, 5, 1
974, 2, 849, 356, 488, 256, 1, 5, 1
975, 2, 849, 356, 488, 256, 1, 5, 1
976, 2, 849, 356, 488, 256, 1, 5, 1
977, 2, 849, 356, 488, 256, 1, 5, 1
978, 2, 849, 356, 488, 256, 1, 5, 1
979, 2, 849, 356, 488, 256, 1, 5, 1
980, 2, 849, 356, 488, 256, 1, 5, 1
981, 2, 849, 356, 488, 256, 1, 5, 1
982, 2, 849, 356, 488, 256, 1, 5, 1
983, 2, 849, 356, 488, 256, 1, 5, 1
984, 2, 849, 356, 488, 256, 1, 5, 1
985, 2, 849, 356, 488, 256, 1, 5, 1
986, 2, 849, 356, 488, 256, 1, 5, 1
987, 2, 849, 356, 488, 256, 1, 5, 1
988, 2, 849, 356, 488, 256, 1, 5, 1
989, 2, 849, 356, 488, 256, 1, 5, 1
990, 2, 849, 356, 488, 256, 1, 5, 1
991, 2, 849, 356, 488, 256, 1, 5, 1
992, 2, 849, 356, 488, 256, 1, 5, 1
993, 2, 849, 356, 488, 256, 1, 5, 1
994, 2, 849, 356, 488, 256, 1, 5, 1
995, 2, 849, 356, 488, 256, 1, 5, 1
996, 2, 849, 356, 488, 256, 1, 5, 1
997, 2, 849, 356, 488, 256, 1, 5, 1
998, 2, 849, 356, 488, 256, 1, 5, 1
999, 2, 849, 356, 488, 256, 1, 5, 1
1000, 2, 849, 356, 488, 256, 1, 5, 1
1001, 2, 849, 356, 488, 256, 1, 5, 1
1002, 2, 849, 356, 488, 256, 1, 5, 1
1003, 2, 849, 356, 488, 256, 1, 5, 1
1004, 2, 849, 356, 488, 256, 1, 5, 1
1005, 2, 849, 356, 488, 256, 1, 5, 1
1006, 2, 849, 356, 488, 256, 1, 5, 1
1007, 2, 849, 356, 488, 256, 1, 5, 1
1008, 2, 849, 356, 488, 256, 1, 5, 1
1009, 2, 849, 356, 488, 256, 1, 5, 1