1, 1, 131, 434, 350, 320, 1, 4, 1
2, 1, 131, 434, 350, 320, 1, 4, 1
3, 1, 131, 434, 350, 320, 1, 4, 1
4, 1, 131, 434, 350, 320, 1, 4, 1
5, 1, 131, 434, 350, 320, 1, 4, 1
6, 1, 131, 434, 350, 320, 1, 4, 1
7, 1, 131, 434, 350, 320, 1, 4, 1
8, 1, 131, 434, 350, 320, 1, 4, 1
9, 1, 131, 434, 350, 320, 1, 4, 1
10, 1, 131, 434, 350, 320, 1, 4, 1
11, 1, 131, 434, 350, 320, 1, 4, 1
12, 1, 131, 434, 350, 320, 1, 4, 1
13, 1, 131, 434, 350, 320, 1, 4, 1
14, 1, 131, 434, 350, 320, 1, 4, 1
15, 1, 131, 434, 350, 320, 1, 4, 1
16, 1, 131, 434, 350, 320, 1, 4, 1
17, 1, 131, 434, 350, 320, 1, 4, 1
18, 1, 131, 434, 350, 320, 1, 4, 1
19, 1, 131, 434, 350, 320, 1, 4, 1
20, 1, 131, 434, 350, 320, 1, 4, 1
21, 1, 131, 434, 350, 320, 1, 4, 1
22, 1, 131, 434, 350, 320, 1, 4, 1
23, 1, 131, 434, 350, 320, 1, 4, 1
24, 1, 131, 434, 350, 320, 1, 4, 1
25, 1, 131, 434, 350, 320, 1, 4, 1
26, 1, 131, 434, 350, 320, 1, 4, 1
27, 1, 131, 434, 350, 320, 1, 4, 1
28, 1, 131, 434, 350, 320, 1, 4, 1
29, 1, 131, 434, 350, 320, 1, 4, 1
30, 1, 131, 434, 350, 320, 1, 4, 1
31, 1, 131, 434, 350, 320, 1, 4, 1
32, 1, 131, 434, 350, 320, 1, 4, 1
33, 1, 131, 434, 350, 320, 1, 4, 1
34, 1, 131, 434, 350, 320, 1, 4, 1
35, 1, 131, 434, 350, 320, 1, 4, 1
36, 1, 131, 434, 350, 320, 1, 4, 1
37, 1, 131, 434, 350, 320, 1, 4, 1
38, 1, 131, 434, 350, 320, 1, 4, 1
39, 1, 131, 434, 350, 320, 1, 4, 1
40, 1, 131, 434, 350, 320, 1, 4, 1
41, 1, 131, 434, 350, 320, 1, 4, 1
42, 1, 131, 434, 350, 320, 1, 4, 1
43, 1, 131, 434, 350, 320, 1, 4, 1
44, 1, 131, 434, 350, 320, 1, 4, 1
45, 1, 131, 434, 350, 320, 1, 4, 1
46, 1, 131, 434, 350, 320, 1, 4, 1
47, 1, 131, 434, 350, 320, 1, 4, 1
48, 1, 131, 434, 350, 320, 1, 4, 1
49, 1, 131, 434, 350, 320, 1, 4, 1
50, 1, 131, 434, 350, 320, 1, 4, 1
51, 1, 131, 434, 350, 320, 1, 4, 1
52, 1, 131, 434, 350, 320, 1, 4, 1
53, 1, 131, 434, 350, 320, 1, 4, 1
54, 1, 131, 434, 350, 320, 1, 4, 1
55, 1, 131, 434, 350, 320, 1, 4, 1
56, 1, 131, 434, 350, 320, 1, 4, 1
57, 1, 131, 434, 350, 320, 1, 4, 1
58, 1, 131, 434, 350, 320, 1, 4, 1
59, 1, 131, 434, 350, 320, 1, 4, 1
60, 1, 131, 434, 350, 320, 1, 4, 1
61, 1, 131, 434, 350, 320, 1, 4, 1
62, 1, 131, 434, 350, 320, 1, 4, 1
63, 1, 131, 434, 350, 320, 1, 4, 1
64, 1, 131, 434, 350, 320, 1, 4, 1
65, 1, 131, 434, 350, 320, 1, 4, 1
66, 1, 131, 434, 350, 320, 1, 4, 1
67, 1, 131, 434, 350, 320, 1, 4, 1
68, 1, 131, 434, 350, 320, 1, 4, 1
69, 1, 131, 434, 350, 320, 1, 4, 1
70, 1, 131, 434, 350, 320, 1, 4, 1
71, 1, 131, 434, 350, 320, 1, 4, 1
72, 1, 131, 434, 350, 320, 1, 4, 1
73, 1, 131, 434, 350, 320, 1, 4, 1
74, 1, 131, 434, 350, 320, 1, 4, 1
75, 1, 131, 434, 350, 320, 1, 4, 1
76, 1, 131, 434, 350, 320, 1, 4, 1
77, 1, 131, 434, 350, 320, 1, 4, 1
78, 1, 131, 434, 350, 320, 1, 4, 1
79, 1, 131, 434, 350, 320, 1, 4, 1
80, 1, 131, 434, 350, 320, 1, 4, 1
81, 1, 131, 434, 350, 320, 1, 4, 1
82, 1, 131, 434, 350, 320, 1, 4, 1
83, 1, 131, 434, 350, 320, 1, 4, 1
84, 1, 131, 434, 350, 320, 1, 4, 1
85, 1, 131, 434, 350, 320, 1, 4, 1
86, 1, 131, 434, 350, 320, 1, 4, 1
87, 1, 131, 434, 350, 320, 1, 4, 1
88, 1, 131, 434, 350, 320, 1, 4, 1
89, 1, 131, 434, 350, 320, 1, 4, 1
90, 1, 131, 434, 350, 320, 1, 4, 1
91, 1, 131, 434, 350, 320, 1, 4, 1
92, 1, 131, 434, 350, 320, 1, 4, 1
93, 1, 131, 434, 350, 320, 1, 4, 1
94, 1, 131, 434, 350, 320, 1, 4, 1
95, 1, 131, 434, 350, 320, 1, 4, 1
96, 1, 131, 434, 350, 320, 1, 4, 1
97, 1, 131, 434, 350, 320, 1, 4, 1
98, 1, 131, 434, 350, 320, 1, 4, 1
99, 1, 131, 434, 350, 320, 1, 4, 1
100, 1, 131, 434, 350, 320, 1, 4, 1
101, 1, 131, 434, 350, 320, 1, 4, 1
102, 1, 131, 434, 350, 320, 1, 4, 1
103, 1, 131, 434, 350, 320, 1, 4, 1
104, 1, 131, 434, 350, 320, 1, 4, 1
105, 1, 131, 434, 350, 320, 1, 4, 1
106, 1, 131, 434, 350, 320, 1, 4, 1
107, 1, 131, 434, 350, 320, 1, 4, 1
108, 1, 131, 434, 350, 320, 1, 4, 1
109, 1, 131, 434, 350, 320, 1, 4, 1
110, 1, 131, 434, 350, 320, 1, 4, 1
111, 1, 131, 434, 350, 320, 1, 4, 1
112, 1, 131, 434, 350, 320, 1, 4, 1
113, 1, 131, 434, 350, 320, 1, 4, 1
114, 1, 131, 434, 350, 320, 1, 4, 1
115, 1, 131, 434, 350, 320, 1, 4, 1
116, 1, 131, 434, 350, 320, 1, 4, 1
117, 1, 131, 434, 350, 320, 1, 4, 1
118, 1, 131, 434, 350, 320, 1, 4, 1
119, 1, 131, 434, 350, 320, 1, 4, 1
120, 1, 131, 434, 350, 320, 1, 4, 1
121, 1, 131, 434, 350, 320, 1, 4, 1
122, 1, 131, 434, 350, 320, 1, 4, 1
123, 1, 131, 434, 350, 320, 1, 4, 1
124, 1, 131, 434, 350, 320, 1, 4, 1
125, 1, 131, 434, 350, 320, 1, 4, 1
126, 1, 131, 434, 350, 320, 1, 4, 1
127, 1, 131, 434, 350, 320, 1, 4, 1
128, 1, 131, 434, 350, 320, 1, 4, 1
129, 1, 131, 434, 350, 320, 1, 4, 1
130, 1, 131, 434, 350, 320, 1, 4, 1
131, 1, 131, 434, 350, 320, 1, 4, 1
132, 1, 131, 434, 350, 320, 1, 4, 1
133, 1, 131, 434, 350, 320, 1, 4, 1
134, 1, 131, 434, 350, 320, 1, 4, 1
135, 1, 131, 434, 350, 320, 1, 4, 1
136, 1, 131, 434, 350, 320, 1, 4, 1
137, 1, 131, 434, 350, 320, 1, 4, 1
138, 1, 131, 434, 350, 320, 1, 4, 1
139, 1, 131, 434, 350, 320, 1, 4, 1
140, 1, 131, 434, 350, 320, 1, 4, 1
141, 1, 131, 434, 350, 320, 1, 4, 1
142, 1, 131, 434, 350, 320, 1, 4, 1
143, 1, 131, 434, 350, 320, 1, 4, 1
144, 1, 131, 434, 350, 320, 1, 4, 1
145, 1, 131, 434, 350, 320, 1, 4, 1
146, 1, 131, 434, 350, 320, 1, 4, 1
147, 1, 131, 434, 350, 320, 1, 4, 1
148, 1, 131, 434, 350, 320, 1, 4, 1
149, 1, 131, 434, 350, 320, 1, 4, 1
150, 1, 131, 434, 350, 320, 1, 4, 1
151, 1, 131, 434, 350, 320, 1, 4, 1
152, 1, 131, 434, 350, 320, 1, 4, 1
153, 1, 131, 434, 350, 320, 1, 4, 1
154, 1, 131, 434, 350, 320, 1, 4, 1
155, 1, 131, 434, 350, 320, 1, 4, 1
156, 1, 131, 434, 350, 320, 1, 4, 1
157, 1, 131, 434, 350, 320, 1, 4, 1
158, 1, 131, 434, 350, 320, 1, 4, 1
159, 1, 131, 434, 350, 320, 1, 4, 1
160, 1, 131, 434, 350, 320, 1, 4, 1
161, 1, 131, 434, 350, 320, 1, 4, 1
162, 1, 131, 434, 350, 320, 1, 4, 1
163, 1, 131, 434, 350, 320, 1, 4, 1
164, 1, 131, 434, 350, 320, 1, 4, 1
165, 1, 131, 434, 350, 320, 1, 4, 1
166, 1, 131, 434, 350, 320, 1, 4, 1
167, 1, 131, 434, 350, 320, 1, 4, 1
168, 1, 131, 434, 350, 320, 1, 4, 1
169, 1, 131, 434, 350, 320, 1, 4, 1
170, 1, 131, 434, 350, 320, 1, 4, 1
171, 1, 131, 434, 350, 320, 1, 4, 1
172, 1, 131, 434, 350, 320, 1, 4, 1
173, 1, 131, 434, 350, 320, 1, 4, 1
174, 1, 131, 434, 350, 320, 1, 4, 1
175, 1, 131, 434, 350, 320, 1, 4, 1
176, 1, 131, 434, 350, 320, 1, 4, 1
177, 1, 131, 434, 350, 320, 1, 4, 1
178, 1, 131, 434, 350, 320, 1, 4, 1
179, 1, 131, 434, 350, 320, 1, 4, 1
180, 1, 131, 434, 350, 320, 1, 4, 1
181, 1, 131, 434, 350, 320, 1, 4, 1
182, 1, 131, 434, 350, 320, 1, 4, 1
183, 1, 131, 434, 350, 320, 1, 4, 1
184, 1, 131, 434, 350, 320, 1, 4, 1
185, 1, 131, 434, 350, 320, 1, 4, 1
186, 1, 131, 434, 350, 320, 1, 4, 1
187, 1, 131, 434, 350, 320, 1, 4, 1
188, 1, 131, 434, 350, 320, 1, 4, 1
189, 1, 131, 434, 350, 320, 1, 4, 1
190, 1, 131, 434, 350, 320, 1, 4, 1
191, 1, 131, 434, 350, 320, 1, 4, 1
192, 1, 131, 434, 350, 320, 1, 4, 1
193, 1, 131, 434, 350, 320, 1, 4, 1
194, 1, 131, 434, 350, 320, 1, 4, 1
195, 1, 131, 434, 350, 320, 1, 4, 1
196, 1, 131, 434, 350, 320, 1, 4, 1
197, 1, 131, 434, 350, 320, 1, 4, 1
198, 1, 131, 434, 350, 320, 1, 4, 1
199, 1, 131, 434, 350, 320, 1, 4, 1
200, 1, 131, 434, 350, 320, 1, 4, 1
201, 1, 131, 434, 350, 320, 1, 4, 1
202, 1, 131, 434, 350, 320, 1, 4, 1
203, 1, 131, 434, 350, 320, 1, 4, 1
204, 1, 131, 434, 350, 320, 1, 4, 1
205, 1, 131, 434, 350, 320, 1, 4, 1
206, 1, 131, 434, 350, 320, 1, 4, 1
207, 1, 131, 434, 350, 320, 1, 4, 1
208, 1, 131, 434, 350, 320, 1, 4, 1
209, 1, 131, 434, 350, 320, 1, 4, 1
210, 1, 131, 434, 350, 320, 1, 4, 1
211, 1, 131, 434, 350, 320, 1, 4, 1
212, 1, 131, 434, 350, 320, 1, 4, 1
213, 1, 131, 434, 350, 320, 1, 4, 1
214, 1, 131, 434, 350, 320, 1, 4, 1
215, 1, 131, 434, 350, 320, 1, 4, 1
216, 1, 131, 434, 350, 320, 1, 4, 1
217, 1, 131, 434, 350, 320, 1, 4, 1
218, 1, 131, 434, 350, 320, 1, 4, 1
219, 1, 131, 434, 350, 320, 1, 4, 1
220, 1, 131, 434, 350, 320, 1, 4, 1
221, 1, 131, 434, 350, 320, 1, 4, 1
222, 1, 131, 434, 350, 320, 1, 4, 1
223, 1, 131, 434, 350, 320, 1, 4, 1
224, 1, 131, 434, 350, 320, 1, 4, 1
225, 1, 131, 434, 350, 320, 1, 4, 1
226, 1, 131, 434, 350, 320, 1, 4, 1
227, 1, 131, 434, 350, 320, 1, 4, 1
228, 1, 131, 434, 350, 320, 1, 4, 1
229, 1, 131, 434, 350, 320, 1, 4, 1
230, 1, 131, 434, 350, 320, 1, 4, 1
231, 1, 131, 434, 350, 320, 1, 4, 1
232, 1, 131, 434, 350, 320, 1, 4, 1
233, 1, 131, 434, 350, 320, 1, 4, 1
234, 1, 131, 434, 350, 320, 1, 4, 1
235, 1, 131, 434, 350, 320, 1, 4, 1
236, 1, 131, 434, 350, 320, 1, 4, 1
237, 1, 131, 434, 350, 320, 1, 4, 1
238, 1, 131, 434, 350, 320, 1, 4, 1
239, 1, 131, 434, 350, 320, 1, 4, 1
240, 1, 131, 434, 350, 320, 1, 4, 1
241, 1, 131, 434, 350, 320, 1, 4, 1
242, 1, 131, 434, 350, 320, 1, 4, 1
243, 1, 131, 434, 350, 320, 1, 4, 1
244, 1, 131, 434, 350, 320, 1, 4, 1
245, 1, 131, 434, 350, 320, 1, 4, 1
246, 1, 131, 434, 350, 320, 1, 4, 1
247, 1, 131, 434, 350, 320, 1, 4, 1
248, 1, 131, 434, 350, 320, 1, 4, 1
249, 1, 131, 434, 350, 320, 1, 4, 1
250, 1, 131, 434, 350, 320, 1, 4, 1
251, 1, 131, 434, 350, 320, 1, 4, 1
252, 1, 131, 434, 350, 320, 1, 4, 1
253, 1, 131, 434, 350, 320, 1, 4, 1
254, 1, 131, 434, 350, 320, 1, 4, 1
255, 1, 131, 434, 350, 320, 1, 4, 1
256, 1, 131, 434, 350, 320, 1, 4, 1
257, 1, 131, 434, 350, 320, 1, 4, 1
258, 1, 131, 434, 350, 320, 1, 4, 1
259, 1, 131, 434, 350, 320, 1, 4, 1
260, 1, 131, 434, 350, 320, 1, 4, 1
261, 1, 131, 434, 350, 320, 1, 4, 1
262, 1, 131, 434, 350, 320, 1, 4, 1
263, 1, 131, 434, 350, 320, 1, 4, 1
264, 1, 131, 434, 350, 320, 1, 4, 1
265, 1, 131, 434, 350, 320, 1, 4, 1
266, 1, 131, 434, 350, 320, 1, 4, 1
267, 1, 131, 434, 350, 320, 1, 4, 1
268, 1, 131, 434, 350, 320, 1, 4, 1
269, 1, 131, 434, 350, 320, 1, 4, 1
270, 1, 131, 434, 350, 320, 1, 4, 1
271, 1, 131, 434, 350, 320, 1, 4, 1
272, 1, 131, 434, 350, 320, 1, 4, 1
273, 1, 131, 434, 350, 320, 1, 4, 1
274, 1, 131, 434, 350, 320, 1, 4, 1
275, 1, 131, 434, 350, 320, 1, 4, 1
276, 1, 131, 434, 350, 320, 1, 4, 1
277, 1, 131, 434, 350, 320, 1, 4, 1
278, 1, 131, 434, 350, 320, 1, 4, 1
279, 1, 131, 434, 350, 320, 1, 4, 1
280, 1, 131, 434, 350, 320, 1, 4, 1
281, 1, 131, 434, 350, 320, 1, 4, 1
282, 1, 131, 434, 350, 320, 1, 4, 1
283, 1, 131, 434, 350, 320, 1, 4, 1
284, 1, 131, 434, 350, 320, 1, 4, 1
285, 1, 131, 434, 350, 320, 1, 4, 1
286, 1, 131, 434, 350, 320, 1, 4, 1
287, 1, 131, 434, 350, 320, 1, 4, 1
288, 1, 131, 434, 350, 320, 1, 4, 1
289, 1, 131, 434, 350, 320, 1, 4, 1
290, 1, 131, 434, 350, 320, 1, 4, 1
291, 1, 131, 434, 350, 320, 1, 4, 1
292, 1, 131, 434, 350, 320, 1, 4, 1
293, 1, 131, 434, 350, 320, 1, 4, 1
294, 1, 131, 434, 350, 320, 1, 4, 1
295, 1, 131, 434, 350, 320, 1, 4, 1
296, 1, 131, 434, 350, 320, 1, 4, 1
297, 1, 131, 434, 350, 320, 1, 4, 1
298, 1, 131, 434, 350, 320, 1, 4, 1
299, 1, 131, 434, 350, 320, 1, 4, 1
300, 1, 131, 434, 350, 320, 1, 4, 1
301, 1, 131, 434, 350, 320, 1, 4, 1
302, 1, 131, 434, 350, 320, 1, 4, 1
303, 1, 131, 434, 350, 320, 1, 4, 1
304, 1, 131, 434, 350, 320, 1, 4, 1
305, 1, 131, 434, 350, 320, 1, 4, 1
306, 1, 131, 434, 350, 320, 1, 4, 1
307, 1, 131, 434, 350, 320, 1, 4, 1
308, 1, 131, 434, 350, 320, 1, 4, 1
309, 1, 131, 434, 350, 320, 1, 4, 1
310, 1, 131, 434, 350, 320, 1, 4, 1
311, 1, 131, 434, 350, 320, 1, 4, 1
312, 1, 131, 434, 350, 320, 1, 4, 1
313, 1, 131, 434, 350, 320, 1, 4, 1
314, 1, 131, 434, 350, 320, 1, 4, 1
315, 1, 131, 434, 350, 320, 1, 4, 1
316, 1, 131, 434, 350, 320, 1, 4, 1
317, 1, 131, 434, 350, 320, 1, 4, 1
318, 1, 131, 434, 350, 320, 1, 4, 1
319, 1, 131, 434, 350, 320, 1, 4, 1
320, 1, 131, 434, 350, 320, 1, 4, 1
321, 1, 131, 434, 350, 320, 1, 4, 1
322, 1, 131, 434, 350, 320, 1, 4, 1
323, 1, 131, 434, 350, 320, 1, 4, 1
324, 1, 131, 434, 350, 320, 1, 4, 1
325, 1, 131, 434, 350, 320, 1, 4, 1
326, 1, 131, 434, 350, 320, 1, 4, 1
327, 1, 131, 434, 350, 320, 1, 4, 1
328, 1, 131, 434, 350, 320, 1, 4, 1
329, 1, 131, 434, 350, 320, 1, 4, 1
330, 1, 131, 434, 350, 320, 1, 4, 1
331, 1, 131, 434, 350, 320, 1, 4, 1
332, 1, 131, 434, 350, 320, 1, 4, 1
333, 1, 131, 434, 350, 320, 1, 4, 1
334, 1, 131, 434, 350, 320, 1, 4, 1
335, 1, 131, 434, 350, 320, 1, 4, 1
336, 1, 131, 434, 350, 320, 1, 4, 1
337, 1, 131, 434, 350, 320, 1, 4, 1
338, 1, 131, 434, 350, 320, 1, 4, 1
339, 1, 131, 434, 350, 320, 1, 4, 1
340, 1, 131, 434, 350, 320, 1, 4, 1
341, 1, 131, 434, 350, 320, 1, 4, 1
342, 1, 131, 434, 350, 320, 1, 4, 1
343, 1, 131, 434, 350, 320, 1, 4, 1
344, 1, 131, 434, 350, 320, 1, 4, 1
345, 1, 131, 434, 350, 320, 1, 4, 1
346, 1, 131, 434, 350, 320, 1, 4, 1
347, 1, 131, 434, 350, 320, 1, 4, 1
348, 1, 131, 434, 350, 320, 1, 4, 1
349, 1, 131, 434, 350, 320, 1, 4, 1
350, 1, 131, 434, 350, 320, 1, 4, 1
351, 1, 131, 434, 350, 320, 1, 4, 1
352, 1, 131, 434, 350, 320, 1, 4, 1
353, 1, 131, 434, 350, 320, 1, 4, 1
354, 1, 131, 434, 350, 320, 1, 4, 1
355, 1, 131, 434, 350, 320, 1, 4, 1
356, 1, 131, 434, 350, 320, 1, 4, 1
357, 1, 131, 434, 350, 320, 1, 4, 1
358, 1, 131, 434, 350, 320, 1, 4, 1
359, 1, 131, 434, 350, 320, 1, 4, 1
360, 1, 131, 434, 350, 320, 1, 4, 1
361, 1, 131, 434, 350, 320, 1, 4, 1
362, 1, 131, 434, 350, 320, 1, 4, 1
363, 1, 131, 434, 350, 320, 1, 4, 1
364, 1, 131, 434, 350, 320, 1, 4, 1
365, 1, 131, 434, 350, 320, 1, 4, 1
366, 1, 131, 434, 350, 320, 1, 4, 1
367, 1, 131, 434, 350, 320, 1, 4, 1
368, 1, 131, 434, 350, 320, 1, 4, 1
369, 1, 131, 434, 350, 320, 1, 4, 1
370, 1, 131, 434, 350, 320, 1, 4, 1
371, 1, 131, 434, 350, 320, 1, 4, 1
372, 1, 131, 434, 350, 320, 1, 4, 1
373, 1, 131, 434, 350, 320, 1, 4, 1
374, 1, 131, 434, 350, 320, 1, 4, 1
375, 1, 131, 434, 350, 320, 1, 4, 1
376, 1, 131, 434, 350, 320, 1, 4, 1
377, 1, 131, 434, 350, 320, 1, 4, 1
378, 1, 131, 434, 350, 320, 1, 4, 1
379, 1, 131, 434, 350, 320, 1, 4, 1
380, 1, 131, 434, 350, 320, 1, 4, 1
381, 1, 131, 434, 350, 320, 1, 4, 1
382, 1, 131, 434, 350, 320, 1, 4, 1
383, 1, 131, 434, 350, 320, 1, 4, 1
384, 1, 131, 434, 350, 320, 1, 4, 1
385, 1, 131, 434, 350, 320, 1, 4, 1
386, 1, 131, 434, 350, 320, 1, 4, 1
387, 1, 131, 434, 350, 320, 1, 4, 1
388, 1, 131, 434, 350, 320, 1, 4, 1
389, 1, 131, 434, 350, 320, 1, 4, 1
390, 1, 131, 434, 350, 320, 1, 4, 1
391, 1, 131, 434, 350, 320, 1, 4, 1
392, 1, 131, 434, 350, 320, 1, 4, 1
393, 1, 131, 434, 350, 320, 1, 4, 1
394, 1, 131, 434, 350, 320, 1, 4, 1
395, 1, 131, 434, 350, 320, 1, 4, 1
396, 1, 131, 434, 350, 320, 1, 4, 1
397, 1, 131, 434, 350, 320, 1, 4, 1
398, 1, 131, 434, 350, 320, 1, 4, 1
399, 1, 131, 434, 350, 320, 1, 4, 1
400, 1, 131, 434, 350, 320, 1, 4, 1
401, 1, 131, 434, 350, 320, 1, 4, 1
402, 1, 131, 434, 350, 320, 1, 4, 1
403, 1, 131, 434, 350, 320, 1, 4, 1
404, 1, 131, 434, 350, 320, 1, 4, 1
405, 1, 131, 434, 350, 320, 1, 4, 1
406, 1, 131, 434, 350, 320, 1, 4, 1
407, 1, 131, 434, 350, 320, 1, 4, 1
408, 1, 131, 434, 350, 320, 1, 4, 1
409, 1, 131, 434, 350, 320, 1, 4, 1
410, 1, 131, 434, 350, 320, 1, 4, 1
411, 1, 131, 434, 350, 320, 1, 4, 1
412, 1, 131, 434, 350, 320, 1, 4, 1
413, 1, 131, 434, 350, 320, 1, 4, 1
414, 1, 131, 434, 350, 320, 1, 4, 1
415, 1, 131, 434, 350, 320, 1, 4, 1
416, 1, 131, 434, 350, 320, 1, 4, 1
417, 1, 131, 434, 350, 320, 1, 4, 1
418, 1, 131, 434, 350, 320, 1, 4, 1
419, 1, 131, 434, 350, 320, 1, 4, 1
420, 1, 131, 434, 350, 320, 1, 4, 1
421, 1, 131, 434, 350, 320, 1, 4, 1
422, 1, 131, 434, 350, 320, 1, 4, 1
423, 1, 131, 434, 350, 320, 1, 4, 1
424, 1, 131, 434, 350, 320, 1, 4, 1
425, 1, 131, 434, 350, 320, 1, 4, 1
426, 1, 131, 434, 350, 320, 1, 4, 1
427, 1, 131, 434, 350, 320, 1, 4, 1
428, 1, 131, 434, 350, 320, 1, 4, 1
429, 1, 131, 434, 350, 320, 1, 4, 1
430, 1, 131, 434, 350, 320, 1, 4, 1
431, 1, 131, 434, 350, 320, 1, 4, 1
432, 1, 131, 434, 350, 320, 1, 4, 1
433, 1, 131, 434, 350, 320, 1, 4, 1
434, 1, 131, 434, 350, 320, 1, 4, 1
435, 1, 131, 434, 350, 320, 1, 4, 1
436, 1, 131, 434, 350, 320, 1, 4, 1
437, 1, 131, 434, 350, 320, 1, 4, 1
438, 1, 131, 434, 350, 320, 1, 4, 1
439, 1, 131, 434, 350, 320, 1, 4, 1
440, 1, 131, 434, 350, 320, 1, 4, 1
441, 1, 131, 434, 350, 320, 1, 4, 1
442, 1, 131, 434, 350, 320, 1, 4, 1
443, 1, 131, 434, 350, 320, 1, 4, 1
444, 1, 131, 434, 350, 320, 1, 4, 1
445, 1, 131, 434, 350, 320, 1, 4, 1
446, 1, 131, 434, 350, 320, 1, 4, 1
447, 1, 131, 434, 350, 320, 1, 4, 1
448, 1, 131, 434, 350, 320, 1, 4, 1
449, 1, 131, 434, 350, 320, 1, 4, 1
450, 1, 131, 434, 350, 320, 1, 4, 1
451, 1, 131, 434, 350, 320, 1, 4, 1
452, 1, 131, 434, 350, 320, 1, 4, 1
453, 1, 131, 434, 350, 320, 1, 4, 1
454, 1, 131, 434, 350, 320, 1, 4, 1
455, 1, 131, 434, 350, 320, 1, 4, 1
456, 1, 131, 434, 350, 320, 1, 4, 1
457, 1, 131, 434, 350, 320, 1, 4, 1
458, 1, 131, 434, 350, 320, 1, 4, 1
459, 1, 131, 434, 350, 320, 1, 4, 1
460, 1, 131, 434, 350, 320, 1, 4, 1
461, 1, 131, 434, 350, 320, 1, 4, 1
462, 1, 131, 434, 350, 320, 1, 4, 1
463, 1, 131, 434, 350, 320, 1, 4, 1
464, 1, 131, 434, 350, 320, 1, 4, 1
465, 1, 131, 434, 350, 320, 1, 4, 1
466, 1, 131, 434, 350, 320, 1, 4, 1
467, 1, 131, 434, 350, 320, 1, 4, 1
468, 1, 131, 434, 350, 320, 1, 4, 1
469, 1, 131, 434, 350, 320, 1, 4, 1
470, 1, 131, 434, 350, 320, 1, 4, 1
471, 1, 131, 434, 350, 320, 1, 4, 1
472, 1, 131, 434, 350, 320, 1, 4, 1
473, 1, 131, 434, 350, 320, 1, 4, 1
474, 1, 131, 434, 350, 320, 1, 4, 1
475, 1, 131, 434, 350, 320, 1, 4, 1
476, 1, 131, 434, 350, 320, 1, 4, 1
477, 1, 131, 434, 350, 320, 1, 4, 1
478, 1, 131, 434, 350, 320, 1, 4, 1
479, 1, 131, 434, 350, 320, 1, 4, 1
480, 1, 131, 434, 350, 320, 1, 4, 1
481, 1, 131, 434, 350, 320, 1, 4, 1
482, 1, 131, 434, 350, 320, 1, 4, 1
483, 1, 131, 434, 350, 320, 1, 4, 1
484, 1, 131, 434, 350, 320, 1, 4, 1
485, 1, 131, 434, 350, 320, 1, 4, 1
486, 1, 131, 434, 350, 320, 1, 4, 1
487, 1, 131, 434, 350, 320, 1, 4, 1
488, 1, 131, 434, 350, 320, 1, 4, 1
489, 1, 131, 434, 350, 320, 1, 4, 1
490, 1, 131, 434, 350, 320, 1, 4, 1
491, 1, 131, 434, 350, 320, 1, 4, 1
492, 1, 131, 434, 350, 320, 1, 4, 1
493, 1, 131, 434, 350, 320, 1, 4, 1
494, 1, 131, 434, 350, 320, 1, 4, 1
495, 1, 131, 434, 350, 320, 1, 4, 1
496, 1, 131, 434, 350, 320, 1, 4, 1
497, 1, 131, 434, 350, 320, 1, 4, 1
498, 1, 131, 434, 350, 320, 1, 4, 1
499, 1, 131, 434, 350, 320, 1, 4, 1
500, 1, 131, 434, 350, 320, 1, 4, 1
501, 1, 131, 434, 350, 320, 1, 4, 1
502, 1, 131, 434, 350, 320, 1, 4, 1
503, 1, 131, 434, 350, 320, 1, 4, 1
504, 1, 131, 434, 350, 320, 1, 4, 1
505, 1, 131, 434, 350, 320, 1, 4, 1
506, 1, 131, 434, 350, 320, 1, 4, 1
507, 1, 131, 434, 350, 320, 1, 4, 1
508, 1, 131, 434, 350, 320, 1, 4, 1
509, 1, 131, 434, 350, 320, 1, 4, 1
510, 1, 131, 434, 350, 320, 1, 4, 1
511, 1, 131, 434, 350, 320, 1, 4, 1
512, 1, 131, 434, 350, 320, 1, 4, 1
513, 1, 131, 434, 350, 320, 1, 4, 1
514, 1, 131, 434, 350, 320, 1, 4, 1
515, 1, 131, 434, 350, 320, 1, 4, 1
516, 1, 131, 434, 350, 320, 1, 4, 1
517, 1, 131, 434, 350, 320, 1, 4, 1
518, 1, 131, 434, 350, 320, 1, 4, 1
519, 1, 131, 434, 350, 320, 1, 4, 1
520, 1, 131, 434, 350, 320, 1, 4, 1
521, 1, 131, 434, 350, 320, 1, 4, 1
522, 1, 131, 434, 350, 320, 1, 4, 1
523, 1, 131, 434, 350, 320, 1, 4, 1
524, 1, 131, 434, 350, 320, 1, 4, 1
525, 1, 131, 434, 350, 320, 1, 4, 1
526, 1, 131, 434, 350, 320, 1, 4, 1
527, 1, 131, 434, 350, 320, 1, 4, 1
528, 1, 131, 434, 350, 320, 1, 4, 1
529, 1, 131, 434, 350, 320, 1, 4, 1
530, 1, 131, 434, 350, 320, 1, 4, 1
531, 1, 131, 434, 350, 320, 1, 4, 1
532, 1, 131, 434, 350, 320, 1, 4, 1
533, 1, 131, 434, 350, 320, 1, 4, 1
534, 1, 131, 434, 350, 320, 1, 4, 1
535, 1, 131, 434, 350, 320, 1, 4, 1
536, 1, 131, 434, 350, 320, 1, 4, 1
537, 1, 131, 434, 350, 320, 1, 4, 1
538, 1, 131, 434, 350, 320, 1, 4, 1
539, 1, 131, 434, 350, 320, 1, 4, 1
540, 1, 131, 434, 350, 320, 1, 4, 1
541, 1, 131, 434, 350, 320, 1, 4, 1
542, 1, 131, 434, 350, 320, 1, 4, 1
543, 1, 131, 434, 350, 320, 1, 4, 1
544, 1, 131, 434, 350, 320, 1, 4, 1
545, 1, 131, 434, 350, 320, 1, 4, 1
546, 1, 131, 434, 350, 320, 1, 4, 1
547, 1, 131, 434, 350, 320, 1, 4, 1
548, 1, 131, 434, 350, 320, 1, 4, 1
549, 1, 131, 434, 350, 320, 1, 4, 1
550, 1, 131, 434, 350, 320, 1, 4, 1
551, 1, 131, 434, 350, 320, 1, 4, 1
552, 1, 131, 434, 350, 320, 1, 4, 1
553, 1, 131, 434, 350, 320, 1, 4, 1
554, 1, 131, 434, 350, 320, 1, 4, 1
555, 1, 131, 434, 350, 320, 1, 4, 1
556, 1, 131, 434, 350, 320, 1, 4, 1
557, 1, 131, 434, 350, 320, 1, 4, 1
558, 1, 131, 434, 350, 320, 1, 4, 1
559, 1, 131, 434, 350, 320, 1, 4, 1
560, 1, 131, 434, 350, 320, 1, 4, 1
561, 1, 131, 434, 350, 320, 1, 4, 1
562, 1, 131, 434, 350, 320, 1, 4, 1
563, 1, 131, 434, 350, 320, 1, 4, 1
564, 1, 131, 434, 350, 320, 1, 4, 1
565, 1, 131, 434, 350, 320, 1, 4, 1
566, 1, 131, 434, 350, 320, 1, 4, 1
567, 1, 131, 434, 350, 320, 1, 4, 1
568, 1, 131, 434, 350, 320, 1, 4, 1
569, 1, 131, 434, 350, 320, 1, 4, 1
570, 1, 131, 434, 350, 320, 1, 4, 1
571, 1, 131, 434, 350, 320, 1, 4, 1
572, 1, 131, 434, 350, 320, 1, 4, 1
573, 1, 131, 434, 350, 320, 1, 4, 1
574, 1, 131, 434, 350, 320, 1, 4, 1
575, 1, 131, 434, 350, 320, 1, 4, 1
576, 1, 131, 434, 350, 320, 1, 4, 1
577, 1, 131, 434, 350, 320, 1, 4, 1
578, 1, 131, 434, 350, 320, 1, 4, 1
579, 1, 131, 434, 350, 320, 1, 4, 1
580, 1, 131, 434, 350, 320, 1, 4, 1
581, 1, 131, 434, 350, 320, 1, 4, 1
582, 1, 131, 434, 350, 320, 1, 4, 1
583, 1, 131, 434, 350, 320, 1, 4, 1
584, 1, 131, 434, 350, 320, 1, 4, 1
585, 1, 131, 434, 350, 320, 1, 4, 1
586, 1, 131, 434, 350, 320, 1, 4, 1
587, 1, 131, 434, 350, 320, 1, 4, 1
588, 1, 131, 434, 350, 320, 1, 4, 1
589, 1, 131, 434, 350, 320, 1, 4, 1
590, 1, 131, 434, 350, 320, 1, 4, 1
591, 1, 131, 434, 350, 320, 1, 4, 1
592, 1, 131, 434, 350, 320, 1, 4, 1
593, 1, 131, 434, 350, 320, 1, 4, 1
594, 1, 131, 434, 350, 320, 1, 4, 1
595, 1, 131, 434, 350, 320, 1, 4, 1
596, 1, 131, 434, 350, 320, 1, 4, 1
597, 1, 131, 434, 350, 320, 1, 4, 1
598, 1, 131, 434, 350, 320, 1, 4, 1
599, 1, 131, 434, 350, 320, 1, 4, 1
600, 1, 131, 434, 350, 320, 1, 4, 1
601, 1, 131, 434, 350, 320, 1, 4, 1
602, 1, 131, 434, 350, 320, 1, 4, 1
603, 1, 131, 434, 350, 320, 1, 4, 1
604, 1, 131, 434, 350, 320, 1, 4, 1
605, 1, 131, 434, 350, 320, 1, 4, 1
606, 1, 131, 434, 350, 320, 1, 4, 1
607, 1, 131, 434, 350, 320, 1, 4, 1
608, 1, 131, 434, 350, 320, 1, 4, 1
609, 1, 131, 434, 350, 320, 1, 4, 1
610, 1, 131, 434, 350, 320, 1, 4, 1
611, 1, 131, 434, 350, 320, 1, 4, 1
612, 1, 131, 434, 350, 320, 1, 4, 1
613, 1, 131, 434, 350, 320, 1, 4, 1
614, 1, 131, 434, 350, 320, 1, 4, 1
615, 1, 131, 434, 350, 320, 1, 4, 1
616, 1, 131, 434, 350, 320, 1, 4, 1
617, 1, 131, 434, 350, 320, 1, 4, 1
618, 1, 131, 434, 350, 320, 1, 4, 1
619, 1, 131, 434, 350, 320, 1, 4, 1
620, 1, 131, 434, 350, 320, 1, 4, 1
621, 1, 131, 434, 350, 320, 1, 4, 1
622, 1, 131, 434, 350, 320, 1, 4, 1
623, 1, 131, 434, 350, 320, 1, 4, 1
624, 1, 131, 434, 350, 320, 1, 4, 1
625, 1, 131, 434, 350, 320, 1, 4, 1
626, 1, 131, 434, 350, 320, 1, 4, 1
627, 1, 131, 434, 350, 320, 1, 4, 1
628, 1, 131, 434, 350, 320, 1, 4, 1
629, 1, 131, 434, 350, 320, 1, 4, 1
630, 1, 131, 434, 350, 320, 1, 4, 1
631, 1, 131, 434, 350, 320, 1, 4, 1
632, 1, 131, 434, 350, 320, 1, 4, 1
633, 1, 131, 434, 350, 320, 1, 4, 1
634, 1, 131, 434, 350, 320, 1, 4, 1
635, 1, 131, 434, 350, 320, 1, 4, 1
636, 1, 131, 434, 350, 320, 1, 4, 1
637, 1, 131, 434, 350, 320, 1, 4, 1
638, 1, 131, 434, 350, 320, 1, 4, 1
639, 1, 131, 434, 350, 320, 1, 4, 1
640, 1, 131, 434, 350, 320, 1, 4, 1
641, 1, 131, 434, 350, 320, 1, 4, 1
642, 1, 131, 434, 350, 320, 1, 4, 1
643, 1, 131, 434, 350, 320, 1, 4, 1
644, 1, 131, 434, 350, 320, 1, 4, 1
645, 1, 131, 434, 350, 320, 1, 4, 1
646, 1, 131, 434, 350, 320, 1, 4, 1
647, 1, 131, 434, 350, 320, 1, 4, 1
648, 1, 131, 434, 350, 320, 1, 4, 1
649, 1, 131, 434, 350, 320, 1, 4, 1
650, 1, 131, 434, 350, 320, 1, 4, 1
651, 1, 131, 434, 350, 320, 1, 4, 1
652, 1, 131, 434, 350, 320, 1, 4, 1
653, 1, 131, 434, 350, 320, 1, 4, 1
654, 1, 131, 434, 350, 320, 1, 4, 1
655, 1, 131, 434, 350, 320, 1, 4, 1
656, 1, 131, 434, 350, 320, 1, 4, 1
657, 1, 131, 434, 350, 320, 1, 4, 1
658, 1, 131, 434, 350, 320, 1, 4, 1
659, 1, 131, 434, 350, 320, 1, 4, 1
660, 1, 131, 434, 350, 320, 1, 4, 1
661, 1, 131, 434, 350, 320, 1, 4, 1
662, 1, 131, 434, 350, 320, 1, 4, 1
663, 1, 131, 434, 350, 320, 1, 4, 1
664, 1, 131, 434, 350, 320, 1, 4, 1
665, 1, 131, 434, 350, 320, 1, 4, 1
666, 1, 131, 434, 350, 320, 1, 4, 1
667, 1, 131, 434, 350, 320, 1, 4, 1
668, 1, 131, 434, 350, 320, 1, 4, 1
669, 1, 131, 434, 350, 320, 1, 4, 1
670, 1, 131, 434, 350, 320, 1, 4, 1
671, 1, 131, 434, 350, 320, 1, 4, 1
672, 1, 131, 434, 350, 320, 1, 4, 1
673, 1, 131, 434, 350, 320, 1, 4, 1
674, 1, 131, 434, 350, 320, 1, 4, 1
675, 1, 131, 434, 350, 320, 1, 4, 1
676, 1, 131, 434, 350, 320, 1, 4, 1
677, 1, 131, 434, 350, 320, 1, 4, 1
678, 1, 131, 434, 350, 320, 1, 4, 1
679, 1, 131, 434, 350, 320, 1, 4, 1
680, 1, 131, 434, 350, 320, 1, 4, 1
681, 1, 131, 434, 350, 320, 1, 4, 1
682, 1, 131, 434, 350, 320, 1, 4, 1
683, 1, 131, 434, 350, 320, 1, 4, 1
684, 1, 131, 434, 350, 320, 1, 4, 1
685, 1, 131, 434, 350, 320, 1, 4, 1
686, 1, 131, 434, 350, 320, 1, 4, 1
687, 1, 131, 434, 350, 320, 1, 4, 1
688, 1, 131, 434, 350, 320, 1, 4, 1
689, 1, 131, 434, 350, 320, 1, 4, 1
690, 1, 131, 434, 350, 320, 1, 4, 1
691, 1, 131, 434, 350, 320, 1, 4, 1
692, 1, 131, 434, 350, 320, 1, 4, 1
693, 1, 131, 434, 350, 320, 1, 4, 1
694, 1, 131, 434, 350, 320, 1, 4, 1
695, 1, 131, 434, 350, 320, 1, 4, 1
696, 1, 131, 434, 350, 320, 1, 4, 1
697, 1, 131, 434, 350, 320, 1, 4, 1
698, 1, 131, 434, 350, 320, 1, 4, 1
699, 1, 131, 434, 350, 320, 1, 4, 1
700, 1, 131, 434, 350, 320, 1, 4, 1
701, 1, 131, 434, 350, 320, 1, 4, 1
702, 1, 131, 434, 350, 320, 1, 4, 1
703, 1, 131, 434, 350, 320, 1, 4, 1
704, 1, 131, 434, 350, 320, 1, 4, 1
705, 1, 131, 434, 350, 320, 1, 4, 1
706, 1, 131, 434, 350, 320, 1, 4, 1
707, 1, 131, 434, 350, 320, 1, 4, 1
708, 1, 131, 434, 350, 320, 1, 4, 1
709, 1, 131, 434, 350, 320, 1, 4, 1
710, 1, 131, 434, 350, 320, 1, 4, 1
711, 1, 131, 434, 350, 320, 1, 4, 1
712, 1, 131, 434, 350, 320, 1, 4, 1
713, 1, 131, 434, 350, 320, 1, 4, 1
714, 1, 131, 434, 350, 320, 1, 4, 1
715, 1, 131, 434, 350, 320, 1, 4, 1
716, 1, 131, 434, 350, 320, 1, 4, 1
717, 1, 131, 434, 350, 320, 1, 4, 1
718, 1, 131, 434, 350, 320, 1, 4, 1
719, 1, 131, 434, 350, 320, 1, 4, 1
720, 1, 131, 434, 350, 320, 1, 4, 1
721, 1, 131, 434, 350, 320, 1, 4, 1
722, 1, 131, 434, 350, 320, 1, 4, 1
723, 1, 131, 434, 350, 320, 1, 4, 1
724, 1, 131, 434, 350, 320, 1, 4, 1
725, 1, 131, 434, 350, 320, 1, 4, 1
726, 1, 131, 434, 350, 320, 1, 4, 1
727, 1, 131, 434, 350, 320, 1, 4, 1
728, 1, 131, 434, 350, 320, 1, 4, 1
729, 1, 131, 434, 350, 320, 1, 4, 1
730, 1, 131, 434, 350, 320, 1, 4, 1
731, 1, 131, 434, 350, 320, 1, 4, 1
732, 1, 131, 434, 350, 320, 1, 4, 1
733, 1, 131, 434, 350, 320, 1, 4, 1
734, 1, 131, 434, 350, 320, 1, 4, 1
735, 1, 131, 434, 350, 320, 1, 4, 1
736, 1, 131, 434, 350, 320, 1, 4, 1
737, 1, 131, 434, 350, 320, 1, 4, 1
738, 1, 131, 434, 350, 320, 1, 4, 1
739, 1, 131, 434, 350, 320, 1, 4, 1
740, 1, 131, 434, 350, 320, 1, 4, 1
741, 1, 131, 434, 350, 320, 1, 4, 1
742, 1, 131, 434, 350, 320, 1, 4, 1
743, 1, 131, 434, 350, 320, 1, 4, 1
744, 1, 131, 434, 350, 320, 1, 4, 1
745, 1, 131, 434, 350, 320, 1, 4, 1
746, 1, 131, 434, 350, 320, 1, 4, 1
747, 1, 131, 434, 350, 320, 1, 4, 1
748, 1, 131, 434, 350, 320, 1, 4, 1
749, 1, 131, 434, 350, 320, 1, 4, 1
750, 1, 131, 434, 350, 320, 1, 4, 1
751, 1, 131, 434, 350, 320, 1, 4, 1
752, 1, 131, 434, 350, 320, 1, 4, 1
753, 1, 131, 434, 350, 320, 1, 4, 1
754, 1, 131, 434, 350, 320, 1, 4, 1
755, 1, 131, 434, 350, 320, 1, 4, 1
756, 1, 131, 434, 350, 320, 1, 4, 1
757, 1, 131, 434, 350, 320, 1, 4, 1
758, 1, 131, 434, 350, 320, 1, 4, 1
759, 1, 131, 434, 350, 320, 1, 4, 1
760, 1, 131, 434, 350, 320, 1, 4, 1
761, 1, 131, 434, 350, 320, 1, 4, 1
762, 1, 131, 434, 350, 320, 1, 4, 1
763, 1, 131, 434, 350, 320, 1, 4, 1
764, 1, 131, 434, 350, 320, 1, 4, 1
765, 1, 131, 434, 350, 320, 1, 4, 1
766, 1, 131, 434, 350, 320, 1, 4, 1
767, 1, 131, 434, 350, 320, 1, 4, 1
768, 1, 131, 434, 350, 320, 1, 4, 1
769, 1, 131, 434, 350, 320, 1, 4, 1
770, 1, 131, 434, 350, 320, 1, 4, 1
771, 1, 131, 434, 350, 320, 1, 4, 1
772, 1, 131, 434, 350, 320, 1, 4, 1
773, 1, 131, 434, 350, 320, 1, 4, 1
774, 1, 131, 434, 350, 320, 1, 4, 1
775, 1, 131, 434, 350, 320, 1, 4, 1
776, 1, 131, 434, 350, 320, 1, 4, 1
777, 1, 131, 434, 350, 320, 1, 4, 1
778, 1, 131, 434, 350, 320, 1, 4, 1
779, 1, 131, 434, 350, 320, 1, 4, 1
780, 1, 131, 434, 350, 320, 1, 4, 1
781, 1, 131, 434, 350, 320, 1, 4, 1
782, 1, 131, 434, 350, 320, 1, 4, 1
783, 1, 131, 434, 350, 320, 1, 4, 1
784, 1, 131, 434, 350, 320, 1, 4, 1
785, 1, 131, 434, 350, 320, 1, 4, 1
786, 1, 131, 434, 350, 320, 1, 4, 1
787, 1, 131, 434, 350, 320, 1, 4, 1
788, 1, 131, 434, 350, 320, 1, 4, 1
789, 1, 131, 434, 350, 320, 1, 4, 1
790, 1, 131, 434, 350, 320, 1, 4, 1
791, 1, 131, 434, 350, 320, 1, 4, 1
792, 1, 131, 434, 350, 320, 1, 4, 1
793, 1, 131, 434, 350, 320, 1, 4, 1
794, 1, 131, 434, 350, 320, 1, 4, 1
795, 1, 131, 434, 350, 320, 1, 4, 1
796, 1, 131, 434, 350, 320, 1, 4, 1
797, 1, 131, 434, 350, 320, 1, 4, 1
798, 1, 131, 434, 350, 320, 1, 4, 1
799, 1, 131, 434, 350, 320, 1, 4, 1
800, 1, 131, 434, 350, 320, 1, 4, 1
801, 1, 131, 434, 350, 320, 1, 4, 1
802, 1, 131, 434, 350, 320, 1, 4, 1
803, 1, 131, 434, 350, 320, 1, 4, 1
804, 1, 131, 434, 350, 320, 1, 4, 1
805, 1, 131, 434, 350, 320, 1, 4, 1
806, 1, 131, 434, 350, 320, 1, 4, 1
807, 1, 131, 434, 350, 320, 1, 4, 1
808, 1, 131, 434, 350, 320, 1, 4, 1
809, 1, 131, 434, 350, 320, 1, 4, 1
810, 1, 131, 434, 350, 320, 1, 4, 1
811, 1, 131, 434, 350, 320, 1, 4, 1
812, 1, 131, 434, 350, 320, 1, 4, 1
813, 1, 131, 434, 350, 320, 1, 4, 1
814, 1, 131, 434, 350, 320, 1, 4, 1
815, 1, 131, 434, 350, 320, 1, 4, 1
816, 1, 131, 434, 350, 320, 1, 4, 1
817, 1, 131, 434, 350, 320, 1, 4, 1
818, 1, 131, 434, 350, 320, 1, 4, 1
819, 1, 131, 434, 350, 320, 1, 4, 1
820, 1, 131, 434, 350, 320, 1, 4, 1
821, 1, 131, 434, 350, 320, 1, 4, 1
822, 1, 131, 434, 350, 320, 1, 4, 1
823, 1, 131, 434, 350, 320, 1, 4, 1
824, 1, 131, 434, 350, 320, 1, 4, 1
825, 1, 131, 434, 350, 320, 1, 4, 1
826, 1, 131, 434, 350, 320, 1, 4, 1
827, 1, 131, 434, 350, 320, 1, 4, 1
828, 1, 131, 434, 350, 320, 1, 4, 1
829, 1, 131, 434, 350, 320, 1, 4, 1
830, 1, 131, 434, 350, 320, 1, 4, 1
831, 1, 131, 434, 350, 320, 1, 4, 1
832, 1, 131, 434, 350, 320, 1, 4, 1
833, 1, 131, 434, 350, 320, 1, 4, 1
834, 1, 131, 434, 350, 320, 1, 4, 1
835, 1, 131, 434, 350, 320, 1, 4, 1
836, 1, 131, 434, 350, 320, 1, 4, 1
837, 1, 131, 434, 350, 320, 1, 4, 1
838, 1, 131, 434, 350, 320, 1, 4, 1
839, 1, 131, 434, 350, 320, 1, 4, 1
840, 1, 131, 434, 350, 320, 1, 4, 1
841, 1, 131, 434, 350, 320, 1, 4, 1
842, 1, 131, 434, 350, 320, 1, 4, 1
843, 1, 131, 434, 350, 320, 1, 4, 1
844, 1, 131, 434, 350, 320, 1, 4, 1
845, 1, 131, 434, 350, 320, 1, 4, 1
846, 1, 131, 434, 350, 320, 1, 4, 1
847, 1, 131, 434, 350, 320, 1, 4, 1
848, 1, 131, 434, 350, 320, 1, 4, 1
849, 1, 131, 434, 350, 320, 1, 4, 1
850, 1, 131, 434, 350, 320, 1, 4, 1
851, 1, 131, 434, 350, 320, 1, 4, 1
852, 1, 131, 434, 350, 320, 1, 4, 1
853, 1, 131, 434, 350, 320, 1, 4, 1
854, 1, 131, 434, 350, 320, 1, 4, 1
855, 1, 131, 434, 350, 320, 1, 4, 1
856, 1, 131, 434, 350, 320, 1, 4, 1
857, 1, 131, 434, 350, 320, 1, 4, 1
858, 1, 131, 434, 350, 320, 1, 4, 1
859, 1, 131, 434, 350, 320, 1, 4, 1
860, 1, 131, 434, 350, 320, 1, 4, 1
861, 1, 131, 434, 350, 320, 1, 4, 1
862, 1, 131, 434, 350, 320, 1, 4, 1
863, 1, 131, 434, 350, 320, 1, 4, 1
864, 1, 131, 434, 350, 320, 1, 4, 1
865, 1, 131, 434, 350, 320, 1, 4, 1
866, 1, 131, 434, 350, 320, 1, 4, 1
867, 1, 131, 434, 350, 320, 1, 4, 1
868, 1, 131, 434, 350, 320, 1, 4, 1
869, 1, 131, 434, 350, 320, 1, 4, 1
870, 1, 131, 434, 350, 320, 1, 4, 1
871, 1, 131, 434, 350, 320, 1, 4, 1
872, 1, 131, 434, 350, 320, 1, 4, 1
873, 1, 131, 434, 350, 320, 1, 4, 1
874, 1, 131, 434, 350, 320, 1, 4, 1
875, 1, 131, 434, 350, 320, 1, 4, 1
876, 1, 131, 434, 350, 320, 1, 4, 1
877, 1, 131, 434, 350, 320, 1, 4, 1
878, 1, 131, 434, 350, 320, 1, 4, 1
879, 1, 131, 434, 350, 320, 1, 4, 1
880, 1, 131, 434, 350, 320, 1, 4, 1
881, 1, 131, 434, 350, 320, 1, 4, 1
882, 1, 131, 434, 350, 320, 1, 4, 1
883, 1, 131, 434, 350, 320, 1, 4, 1
884, 1, 131, 434, 350, 320, 1, 4, 1
885, 1, 131, 434, 350, 320, 1, 4, 1
886, 1, 131, 434, 350, 320, 1, 4, 1
887, 1, 131, 434, 350, 320, 1, 4, 1
888, 1, 131, 434, 350, 320, 1, 4, 1
889, 1, 131, 434, 350, 320, 1, 4, 1
890, 1, 131, 434, 350, 320, 1, 4, 1
891, 1, 131, 434, 350, 320, 1, 4, 1
892, 1, 131, 434, 350, 320, 1, 4, 1
893, 1, 131, 434, 350, 320, 1, 4, 1
894, 1, 131, 434, 350, 320, 1, 4, 1
895, 1, 131, 434, 350, 320, 1, 4, 1
896, 1, 131, 434, 350, 320, 1, 4, 1
897, 1, 131, 434, 350, 320, 1, 4, 1
898, 1, 131, 434, 350, 320, 1, 4, 1
899, 1, 131, 434, 350, 320, 1, 4, 1
900, 1, 131, 434, 350, 320, 1, 4, 1
901, 1, 131, 434, 350, 320, 1, 4, 1
902, 1, 131, 434, 350, 320, 1, 4, 1
903, 1, 131, 434, 350, 320, 1, 4, 1
904, 1, 131, 434, 350, 320, 1, 4, 1
905, 1, 131, 434, 350, 320, 1, 4, 1
906, 1, 131, 434, 350, 320, 1, 4, 1
907, 1, 131, 434, 350, 320, 1, 4, 1
908, 1, 131, 434, 350, 320, 1, 4, 1
909, 1, 131, 434, 350, 320, 1, 4, 1
910, 1, 131, 434, 350, 320, 1, 4, 1
911, 1, 131, 434, 350, 320, 1, 4, 1
912, 1, 131, 434, 350, 320, 1, 4, 1
913, 1, 131, 434, 350, 320, 1, 4, 1
914, 1, 131, 434, 350, 320, 1, 4, 1
915, 1, 131, 434, 350, 320, 1, 4, 1
916, 1, 131, 434, 350, 320, 1, 4, 1
917, 1, 131, 434, 350, 320, 1, 4, 1
918, 1, 131, 434, 350, 320, 1, 4, 1
919, 1, 131, 434, 350, 320, 1, 4, 1
920, 1, 131, 434, 350, 320, 1, 4, 1
921, 1, 131, 434, 350, 320, 1, 4, 1
922, 1, 131, 434, 350, 320, 1, 4, 1
923, 1, 131, 434, 350, 320, 1, 4, 1
924, 1, 131, 434, 350, 320, 1, 4, 1
925, 1, 131, 434, 350, 320, 1, 4, 1
926, 1, 131, 434, 350, 320, 1, 4, 1
927, 1, 131, 434, 350, 320, 1, 4, 1
928, 1, 131, 434, 350, 320, 1, 4, 1
929, 1, 131, 434, 350, 320, 1, 4, 1
930, 1, 131, 434, 350, 320, 1, 4, 1
931, 1, 131, 434, 350, 320, 1, 4, 1
932, 1, 131, 434, 350, 320, 1, 4, 1
933, 1, 131, 434, 350, 320, 1, 4, 1
934, 1, 131, 434, 350, 320, 1, 4, 1
935, 1, 131, 434, 350, 320, 1, 4, 1
936, 1, 131, 434, 350, 320, 1, 4, 1
937, 1, 131, 434, 350, 320, 1, 4, 1
938, 1, 131, 434, 350, 320, 1, 4, 1
939, 1, 131, 434, 350, 320, 1, 4, 1
940, 1, 131, 434, 350, 320, 1, 4, 1
941, 1, 131, 434, 350, 320, 1, 4, 1
942, 1, 131, 434, 350, 320, 1, 4, 1
943, 1, 131, 434, 350, 320, 1, 4, 1
944, 1, 131, 434, 350, 320, 1, 4, 1
945, 1, 131, 434, 350, 320, 1, 4, 1
946, 1, 131, 434, 350, 320, 1, 4, 1
947, 1, 131, 434, 350, 320, 1, 4, 1
948, 1, 131, 434, 350, 320, 1, 4, 1
949, 1, 131, 434, 350, 320, 1, 4, 1
950, 1, 131, 434, 350, 320, 1, 4, 1
1, 2, 191, 183, 105, 57, 1, 3, 1
2, 2, 191, 182, 105, 58, 1, 3, 1
3, 2, 192, 182, 106, 58, 1, 3, 1
4, 2, 194, 181, 105, 57, 1, 3, 1
5, 2, 194, 179, 105, 58, 1, 3, 1
6, 2, 195, 178, 106, 58, 1, 3, 1
7, 2, 195, 177, 107, 60, 1, 3, 1
8, 2, 197, 176, 107, 60, 1, 3, 1
9, 2, 198, 175, 107, 61, 1, 3, 1
10, 2, 199, 175, 106, 59, 1, 3, 1
11, 2, 200, 175, 107, 60, 1, 3, 1
12, 2, 201, 174, 104, 60, 1, 3, 1
13, 2, 202, 173, 106, 59, 1, 3, 1
14, 2, 203, 172, 107, 60, 1, 3, 1
15, 2, 205, 171, 104, 59, 1, 3, 1
16, 2, 206, 171, 105, 59, 1, 3, 1
17, 2, 207, 170, 105, 60, 1, 3, 1
18, 2, 209, 168, 103, 61, 1, 3, 1
19, 2, 209, 168, 104, 59, 1, 3, 1
20, 2, 210, 167, 104, 61, 1, 3, 1
21, 2, 211, 167, 104, 59, 1, 3, 1
22, 2, 212, 166, 104, 59, 1, 3, 1
23, 2, 213, 165, 103, 59, 1, 3, 1
24, 2, 215, 164, 102, 59, 1, 3, 1
25, 2, 215, 163, 104, 58, 1, 3, 1
26, 2, 216, 161, 103, 59, 1, 3, 1
27, 2, 217, 160, 103, 60, 1, 3, 1
28, 2, 219, 160, 101, 58, 1, 3, 1
29, 2, 219, 160, 102, 56, 1, 3, 1
30, 2, 220, 159, 102, 57, 1, 3, 1
31, 2, 221, 158, 102, 56, 1, 3, 1
32, 2, 222, 157, 102, 57, 1, 3, 1
33, 2, 223, 156, 102, 56, 1, 3, 1
34, 2, 222, 154, 104, 58, 1, 3, 1
35, 2, 225, 154, 101, 56, 1, 3, 1
36, 2, 223, 153, 102, 58, 1, 3, 1
37, 2, 224, 152, 104, 57, 1, 3, 1
38, 2, 226, 150, 100, 59, 1, 3, 1
39, 2, 224, 150, 105, 57, 1, 3, 1
40, 2, 225, 149, 105, 56, 1, 3, 1
41, 2, 228, 147, 102, 58, 1, 3, 1
42, 2, 226, 146, 105, 57, 1, 3, 1
43, 2, 227, 146, 103, 57, 1, 3, 1
44, 2, 225, 145, 104, 57, 1, 3, 1
45, 2, 228, 144, 104, 57, 1, 3, 1
46, 2, 229, 143, 103, 58, 1, 3, 1
47, 2, 230, 141, 101, 60, 1, 3, 1
48, 2, 230, 141, 104, 58, 1, 3, 1
49, 2, 231, 140, 104, 59, 1, 3, 1
50, 2, 230, 139, 105, 60, 1, 3, 1
51, 2, 232, 137, 104, 62, 1, 3, 1
52, 2, 232, 136, 104, 62, 1, 3, 1
53, 2, 233, 136, 103, 61, 1, 3, 1
54, 2, 233, 136, 103, 60, 1, 3, 1
55, 2, 233, 135, 104, 61, 1, 3, 1
56, 2, 232, 134, 105, 62, 1, 3, 1
57, 2, 233, 133, 104, 62, 1, 3, 1
58, 2, 237, 133, 100, 61, 1, 3, 1
59, 2, 234, 132, 105, 62, 1, 3, 1
60, 2, 235, 132, 101, 60, 1, 3, 1
61, 2, 237, 131, 102, 62, 1, 3, 1
62, 2, 234, 131, 104, 61, 1, 3, 1
63, 2, 236, 131, 103, 59, 1, 3, 1
64, 2, 234, 130, 104, 59, 1, 3, 1
65, 2, 234, 130, 106, 58, 1, 3, 1
66, 2, 235, 129, 105, 59, 1, 3, 1
67, 2, 235, 128, 105, 59, 1, 3, 1
68, 2, 234, 128, 106, 59, 1, 3, 1
69, 2, 234, 128, 106, 58, 1, 3, 1
70, 2, 234, 128, 105, 58, 1, 3, 1
71, 2, 235, 128, 105, 57, 1, 3, 1
72, 2, 235, 128, 104, 56, 1, 3, 1
73, 2, 235, 126, 105, 58, 1, 3, 1
74, 2, 234, 126, 106, 57, 1, 3, 1
75, 2, 236, 125, 105, 58, 1, 3, 1
76, 2, 235, 125, 105, 57, 1, 3, 1
77, 2, 235, 124, 105, 57, 1, 3, 1
78, 2, 235, 124, 106, 55, 1, 3, 1
79, 2, 234, 122, 107, 58, 1, 3, 1
80, 2, 233, 122, 106, 56, 1, 3, 1
81, 2, 234, 121, 106, 57, 1, 3, 1
82, 2, 234, 121, 106, 57, 1, 3, 1
83, 2, 234, 120, 106, 56, 1, 3, 1
84, 2, 233, 119, 107, 56, 1, 3, 1
85, 2, 233, 118, 106, 57, 1, 3, 1
86, 2, 233, 117, 106, 56, 1, 3, 1
87, 2, 233, 117, 106, 57, 1, 3, 1
88, 2, 232, 116, 105, 58, 1, 3, 1
89, 2, 232, 116, 105, 57, 1, 3, 1
90, 2, 234, 115, 103, 57, 1, 3, 1
91, 2, 231, 114, 107, 57, 1, 3, 1
92, 2, 230, 113, 107, 59, 1, 3, 1
93, 2, 234, 113, 102, 58, 1, 3, 1
94, 2, 230, 113, 106, 58, 1, 3, 1
95, 2, 232, 112, 104, 57, 1, 3, 1
96, 2, 230, 112, 106, 57, 1, 3, 1
97, 2, 229, 112, 105, 55, 1, 3, 1
98, 2, 230, 111, 105, 56, 1, 3, 1
99, 2, 229, 111, 106, 56, 1, 3, 1
100, 2, 229, 110, 104, 55, 1, 3, 1
101, 2, 228, 110, 106, 56, 1, 3, 1
102, 2, 228, 109, 105, 57, 1, 3, 1
103, 2, 227, 109, 105, 55, 1, 3, 1
104, 2, 226, 109, 107, 54, 1, 3, 1
105, 2, 226, 108, 106, 56, 1, 3, 1
106, 2, 226, 108, 104, 54, 1, 3, 1
107, 2, 226, 107, 105, 56, 1, 3, 1
108, 2, 225, 107, 104, 55, 1, 3, 1
109, 2, 225, 107, 105, 55, 1, 3, 1
110, 2, 224, 106, 105, 54, 1, 3, 1
111, 2, 224, 106, 105, 54, 1, 3, 1
112, 2, 225, 105, 104, 54, 1, 3, 1
113, 2, 223, 105, 105, 54, 1, 3, 1
114, 2, 222, 105, 105, 52, 1, 3, 1
115, 2, 222, 105, 105, 53, 1, 3, 1
116, 2, 222, 104, 104, 54, 1, 3, 1
117, 2, 220, 103, 106, 54, 1, 3, 1
118, 2, 220, 102, 105, 54, 1, 3, 1
119, 2, 220, 101, 104, 53, 1, 3, 1
120, 2, 219, 100, 105, 55, 1, 3, 1
121, 2, 219, 99, 105, 54, 1, 3, 1
122, 2, 219, 98, 105, 54, 1, 3, 1
123, 2, 218, 98, 105, 53, 1, 3, 1
124, 2, 219, 97, 103, 53, 1, 3, 1
125, 2, 219, 97, 103, 53, 1, 3, 1
126, 2, 219, 96, 104, 54, 1, 3, 1
127, 2, 218, 95, 104, 54, 1, 3, 1
128, 2, 216, 94, 104, 55, 1, 3, 1
129, 2, 217, 94, 102, 53, 1, 3, 1
130, 2, 216, 93, 105, 53, 1, 3, 1
131, 2, 217, 91, 103, 54, 1, 3, 1
132, 2, 215, 91, 104, 54, 1, 3, 1
133, 2, 216, 90, 104, 55, 1, 3, 1
134, 2, 214, 90, 105, 53, 1, 3, 1
135, 2, 214, 89, 104, 54, 1, 3, 1
136, 2, 215, 88, 101, 54, 1, 3, 1
137, 2, 215, 87, 103, 54, 1, 3, 1
138, 2, 214, 86, 104, 54, 1, 3, 1
139, 2, 215, 85, 101, 53, 1, 3, 1
140, 2, 215, 85, 101, 52, 1, 3, 1
141, 2, 215, 83, 101, 53, 1, 3, 1
142, 2, 213, 83, 103, 53, 1, 3, 1
143, 2, 214, 82, 102, 52, 1, 3, 1
144, 2, 214, 82, 102, 52, 1, 3, 1
145, 2, 214, 81, 102, 52, 1, 3, 1
146, 2, 212, 80, 103, 52, 1, 3, 1
147, 2, 212, 80, 105, 52, 1, 3, 1
148, 2, 212, 79, 104, 52, 1, 3, 1
149, 2, 212, 79, 103, 50, 1, 3, 1
150, 2, 212, 78, 104, 50, 1, 3, 1
151, 2, 211, 78, 104, 50, 1, 3, 1
152, 2, 211, 77, 104, 51, 1, 3, 1
153, 2, 212, 77, 104, 50, 1, 3, 1
154, 2, 211, 76, 104, 49, 1, 3, 1
155, 2, 211, 75, 103, 51, 1, 3, 1
156, 2, 211, 75, 105, 50, 1, 3, 1
157, 2, 211, 74, 106, 50, 1, 3, 1
158, 2, 212, 73, 103, 49, 1, 3, 1
159, 2, 211, 72, 106, 50, 1, 3, 1
160, 2, 211, 71, 106, 50, 1, 3, 1
161, 2, 211, 71, 107, 49, 1, 3, 1
162, 2, 212, 70, 105, 50, 1, 3, 1
163, 2, 212, 69, 107, 51, 1, 3, 1
164, 2, 213, 68, 107, 52, 1, 3, 1
165, 2, 214, 68, 105, 50, 1, 3, 1
166, 2, 215, 67, 106, 51, 1, 3, 1
167, 2, 215, 66, 105, 51, 1, 3, 1
168, 2, 215, 65, 106, 52, 1, 3, 1
169, 2, 215, 64, 107, 52, 1, 3, 1
170, 2, 216, 63, 106, 52, 1, 3, 1
171, 2, 216, 62, 106, 52, 1, 3, 1
172, 2, 217, 61, 106, 53, 1, 3, 1
173, 2, 217, 60, 106, 53, 1, 3, 1
174, 2, 219, 59, 104, 53, 1, 3, 1
175, 2, 218, 58, 107, 53, 1, 3, 1
176, 2, 220, 58, 105, 51, 1, 3, 1
177, 2, 221, 57, 105, 51, 1, 3, 1
178, 2, 223, 56, 104, 53, 1, 3, 1
179, 2, 221, 55, 106, 51, 1, 3, 1
180, 2, 222, 54, 103, 52, 1, 3, 1
181, 2, 223, 53, 104, 53, 1, 3, 1
182, 2, 224, 52, 104, 53, 1, 3, 1
183, 2, 224, 51, 106, 53, 1, 3, 1
184, 2, 226, 51, 106, 52, 1, 3, 1
185, 2, 227, 51, 106, 50, 1, 3, 1
186, 2, 227, 50, 106, 51, 1, 3, 1
187, 2, 228, 48, 106, 52, 1, 3, 1
188, 2, 229, 47, 106, 52, 1, 3, 1
189, 2, 231, 46, 103, 52, 1, 3, 1
190, 2, 232, 46, 104, 50, 1, 3, 1
191, 2, 232, 45, 105, 52, 1, 3, 1
192, 2, 232, 44, 104, 52, 1, 3, 1
193, 2, 234, 43, 104, 52, 1, 3, 1
194, 2, 236, 43, 104, 51, 1, 3, 1
195, 2, 237, 43, 104, 51, 1, 3, 1
196, 2, 237, 42, 105, 51, 1, 3, 1
197, 2, 238, 41, 105, 52, 1, 3, 1
198, 2, 240, 40, 105, 52, 1, 3, 1
199, 2, 240, 39, 106, 52, 1, 3, 1
200, 2, 243, 38, 104, 52, 1, 3, 1
201, 2, 244, 37, 105, 50, 1, 3, 1
202, 2, 243, 35, 106, 52, 1, 3, 1
203, 2, 246, 35, 105, 52, 1, 3, 1
204, 2, 249, 34, 102, 52, 1, 3, 1
205, 2, 247, 33, 106, 53, 1, 3, 1
206, 2, 248, 32, 106, 53, 1, 3, 1
207, 2, 249, 31, 106, 53, 1, 3, 1
208, 2, 253, 30, 103, 53, 1, 3, 1
209, 2, 252, 29, 105, 54, 1, 3, 1
210, 2, 254, 28, 104, 54, 1, 3, 1
211, 2, 255, 27, 104, 54, 1, 3, 1
212, 2, 254, 26, 106, 56, 1, 3, 1
213, 2, 257, 25, 102, 54, 1, 3, 1
214, 2, 257, 23, 105, 55, 1, 3, 1
215, 2, 258, 23, 106, 56, 1, 3, 1
216, 2, 259, 22, 106, 55, 1, 3, 1
217, 2, 260, 21, 102, 54, 1, 3, 1
218, 2, 261, 20, 105, 55, 1, 3, 1
219, 2, 262, 19, 105, 54, 1, 3, 1
220, 2, 264, 18, 105, 56, 1, 3, 1
221, 2, 264, 16, 105, 56, 1, 3, 1
222, 2, 267, 15, 103, 57, 1, 3, 1
223, 2, 266, 14, 106, 57, 1, 3, 1
224, 2, 268, 12, 101, 57, 1, 3, 1
225, 2, 269, 12, 102, 56, 1, 3, 1
226, 2, 271, 11, 103, 55, 1, 3, 1
227, 2, 271, 11, 103, 54, 1, 3, 1
228, 2, 272, 10, 103, 55, 1, 3, 1
229, 2, 271, 9, 104, 56, 1, 3, 1
230, 2, 274, 8, 103, 55, 1, 3, 1
231, 2, 273, 7, 104, 55, 1, 3, 1
232, 2, 275, 6, 103, 56, 1, 3, 1
233, 2, 276, 5, 104, 55, 1, 3, 1
234, 2, 276, 4, 104, 55, 1, 3, 1
235, 2, 278, 3, 103, 55, 1, 3, 1
236, 2, 278, 3, 103, 55, 1, 3, 1
237, 2, 278, 2, 104, 55, 1, 3, 1
238, 2, 279, 2, 104, 54, 1, 3, 1
239, 2, 279, 2, 104, 53, 1, 3, 1
240, 2, 281, 1, 103, 52, 1, 3, 1
241, 2, 280, 1, 103, 51, 1, 3, 1
242, 2, 281, 1, 103, 51, 1, 3, 1
243, 2, 282, 1, 104, 49, 1, 3, 1
244, 2, 283, 1, 103, 49, 1, 3, 1
245, 2, 283, 1, 104, 47, 1, 3, 1
246, 2, 284, 1, 102, 47, 1, 3, 1
247, 2, 284, 1, 103, 47, 1, 3, 1
248, 2, 285, 1, 102, 46, 1, 3, 1
249, 2, 285, 1, 103, 44, 1, 3, 1
250, 2, 286, 1, 103, 44, 1, 3, 1
251, 2, 286, 1, 104, 42, 1, 3, 1
252, 2, 286, 1, 103, 42, 1, 3, 1
253, 2, 287, 1, 103, 41, 1, 3, 1
254, 2, 288, 1, 101, 41, 1, 3, 1
255, 2, 287, 1, 102, 41, 1, 3, 1
256, 2, 287, 1, 102, 39, 1, 3, 1
257, 2, 288, 1, 101, 38, 1, 3, 1
258, 2, 288, 1, 101, 37, 1, 3, 1
259, 2, 286, 1, 102, 36, 1, 3, 1
260, 2, 286, 1, 103, 35, 1, 3, 1
261, 2, 286, 1, 103, 35, 1, 3, 1
262, 2, 286, 1, 103, 34, 1, 3, 1
263, 2, 286, 1, 103, 34, 1, 3, 1
264, 2, 286, 1, 103, 32, 1, 3, 1
265, 2, 288, 1, 101, 32, 1, 3, 1
266, 2, 287, 1, 102, 31, 1, 3, 1
267, 2, 288, 1, 102, 30, 1, 3, 1
268, 2, 289, 1, 102, 29, 1, 3, 1
269, 2, 289, 1, 102, 28, 1, 3, 1
270, 2, 290, 1, 101, 27, 1, 3, 1
271, 2, 291, 1, 100, 27, 1, 3, 1
272, 2, 290, 1, 102, 26, 1, 3, 1
273, 2, 291, 1, 100, 25, 1, 3, 1
274, 2, 292, 1, 99, 25, 1, 3, 1
275, 2, 292, 1, 98, 24, 1, 3, 1
276, 2, 293, 1, 97, 24, 1, 3, 1
277, 2, 293, 1, 97, 23, 1, 3, 1
278, 2, 293, 1, 97, 22, 1, 3, 1
279, 2, 294, 1, 95, 22, 1, 3, 1
280, 2, 294, 1, 95, 21, 1, 3, 1
281, 2, 295, 1, 93, 20, 1, 3, 1
282, 2, 295, 1, 92, 20, 1, 3, 1
283, 2, 295, 1, 91, 19, 1, 3, 1
284, 2, 295, 1, 89, 18, 1, 3, 1
285, 2, 295, 1, 86, 18, 1, 3, 1
286, 2, 295, 1, 83, 17, 1, 3, 1
287, 2, 296, 1, 81, 17, 1, 3, 1
288, 2, 296, 1, 79, 16, 1, 3, 1
289, 2, 296, 1, 77, 15, 1, 3, 1
290, 2, 296, 1, 75, 15, 1, 3, 1
291, 2, 296, 1, 73, 15, 1, 3, 1
292, 2, 296, 1, 71, 14, 1, 3, 1