1, 1, 550, 583, 388, 160, 1, 9, 1
2, 1, 551, 583, 387, 159, 1, 9, 1
3, 1, 550, 583, 388, 160, 1, 9, 1
4, 1, 550, 583, 388, 160, 1, 9, 1
5, 1, 549, 583, 388, 160, 1, 9, 1
6, 1, 550, 583, 388, 159, 1, 9, 1
7, 1, 550, 583, 388, 159, 1, 9, 1
8, 1, 550, 583, 387, 159, 1, 9, 1
9, 1, 548, 583, 389, 160, 1, 9, 1
10, 1, 549, 583, 388, 160, 1, 9, 1
11, 1, 548, 583, 390, 159, 1, 9, 1
12, 1, 548, 583, 388, 159, 1, 9, 1
13, 1, 549, 583, 388, 160, 1, 9, 1
14, 1, 548, 583, 389, 159, 1, 9, 1
15, 1, 550, 583, 387, 159, 1, 9, 1
16, 1, 549, 583, 388, 161, 1, 9, 1
17, 1, 548, 583, 390, 160, 1, 9, 1
18, 1, 548, 583, 387, 159, 1, 9, 1
19, 1, 547, 583, 387, 159, 1, 9, 1
20, 1, 547, 583, 388, 160, 1, 9, 1
21, 1, 548, 581, 387, 161, 1, 9, 1
22, 1, 548, 582, 388, 160, 1, 9, 1
23, 1, 547, 582, 389, 159, 1, 9, 1
24, 1, 549, 582, 386, 160, 1, 9, 1
25, 1, 547, 582, 388, 159, 1, 9, 1
26, 1, 548, 582, 388, 159, 1, 9, 1
27, 1, 548, 582, 387, 159, 1, 9, 1
28, 1, 548, 581, 387, 161, 1, 9, 1
29, 1, 548, 582, 389, 160, 1, 9, 1
30, 1, 547, 582, 390, 160, 1, 9, 1
31, 1, 548, 582, 389, 160, 1, 9, 1
32, 1, 547, 581, 389, 160, 1, 9, 1
33, 1, 548, 581, 389, 161, 1, 9, 1
34, 1, 548, 582, 388, 160, 1, 9, 1
35, 1, 548, 582, 387, 159, 1, 9, 1
36, 1, 548, 582, 387, 161, 1, 9, 1
37, 1, 547, 582, 387, 160, 1, 9, 1
38, 1, 548, 582, 387, 161, 1, 9, 1
39, 1, 547, 582, 388, 160, 1, 9, 1
40, 1, 547, 582, 388, 160, 1, 9, 1
41, 1, 547, 582, 387, 160, 1, 9, 1
42, 1, 547, 582, 388, 160, 1, 9, 1
43, 1, 546, 582, 388, 160, 1, 9, 1
44, 1, 546, 582, 389, 160, 1, 9, 1
45, 1, 546, 582, 388, 160, 1, 9, 1
46, 1, 546, 582, 388, 161, 1, 9, 1
47, 1, 546, 582, 388, 159, 1, 9, 1
48, 1, 546, 582, 387, 159, 1, 9, 1
49, 1, 546, 582, 389, 159, 1, 9, 1
50, 1, 547, 582, 387, 159, 1, 9, 1
51, 1, 546, 582, 389, 161, 1, 9, 1
52, 1, 546, 582, 388, 161, 1, 9, 1
53, 1, 545, 582, 388, 160, 1, 9, 1
54, 1, 545, 582, 387, 161, 1, 9, 1
55, 1, 544, 583, 388, 159, 1, 9, 1
56, 1, 543, 583, 389, 160, 1, 9, 1
57, 1, 544, 583, 388, 159, 1, 9, 1
58, 1, 543, 583, 389, 159, 1, 9, 1
59, 1, 543, 583, 388, 159, 1, 9, 1
60, 1, 542, 583, 389, 159, 1, 9, 1
61, 1, 543, 583, 386, 159, 1, 9, 1
62, 1, 543, 583, 389, 159, 1, 9, 1
63, 1, 542, 583, 388, 159, 1, 9, 1
64, 1, 543, 583, 388, 159, 1, 9, 1
65, 1, 544, 583, 388, 159, 1, 9, 1
66, 1, 543, 583, 389, 160, 1, 9, 1
67, 1, 542, 583, 388, 159, 1, 9, 1
68, 1, 543, 583, 387, 160, 1, 9, 1
69, 1, 543, 583, 387, 160, 1, 9, 1
70, 1, 542, 583, 389, 159, 1, 9, 1
71, 1, 543, 584, 389, 160, 1, 9, 1
72, 1, 543, 584, 388, 159, 1, 9, 1
73, 1, 544, 584, 389, 160, 1, 9, 1
74, 1, 543, 584, 386, 160, 1, 9, 1
75, 1, 545, 584, 384, 160, 1, 9, 1
76, 1, 542, 583, 387, 160, 1, 9, 1
77, 1, 543, 583, 386, 161, 1, 9, 1
78, 1, 543, 584, 387, 160, 1, 9, 1
79, 1, 543, 583, 385, 160, 1, 9, 1
80, 1, 544, 584, 385, 159, 1, 9, 1
81, 1, 542, 584, 388, 160, 1, 9, 1
82, 1, 543, 584, 386, 160, 1, 9, 1
83, 1, 542, 584, 388, 159, 1, 9, 1
84, 1, 541, 583, 388, 160, 1, 9, 1
85, 1, 541, 583, 388, 160, 1, 9, 1
86, 1, 540, 584, 389, 159, 1, 9, 1
87, 1, 540, 583, 390, 161, 1, 9, 1
88, 1, 540, 583, 389, 160, 1, 9, 1
89, 1, 541, 583, 388, 160, 1, 9, 1
90, 1, 540, 584, 389, 160, 1, 9, 1
91, 1, 539, 583, 391, 160, 1, 9, 1
92, 1, 538, 584, 391, 159, 1, 9, 1
93, 1, 540, 584, 387, 160, 1, 9, 1
94, 1, 540, 584, 388, 159, 1, 9, 1
95, 1, 539, 584, 389, 159, 1, 9, 1
96, 1, 539, 584, 390, 159, 1, 9, 1
97, 1, 539, 584, 389, 160, 1, 9, 1
98, 1, 539, 584, 390, 159, 1, 9, 1
99, 1, 539, 584, 388, 159, 1, 9, 1
100, 1, 538, 584, 390, 159, 1, 9, 1
101, 1, 541, 584, 387, 159, 1, 9, 1
102, 1, 540, 584, 387, 159, 1, 9, 1
103, 1, 539, 584, 384, 161, 1, 9, 1
104, 1, 539, 584, 388, 161, 1, 9, 1
105, 1, 539, 584, 387, 159, 1, 9, 1
106, 1, 539, 584, 387, 159, 1, 9, 1
107, 1, 542, 584, 386, 159, 1, 9, 1
108, 1, 540, 584, 384, 159, 1, 9, 1
109, 1, 540, 584, 388, 159, 1, 9, 1
110, 1, 542, 584, 386, 159, 1, 9, 1
111, 1, 539, 584, 386, 159, 1, 9, 1
112, 1, 539, 584, 386, 160, 1, 9, 1
113, 1, 540, 584, 389, 159, 1, 9, 1
114, 1, 541, 584, 388, 161, 1, 9, 1
115, 1, 539, 584, 389, 159, 1, 9, 1
116, 1, 539, 584, 390, 160, 1, 9, 1
117, 1, 539, 584, 390, 159, 1, 9, 1
118, 1, 540, 584, 388, 159, 1, 9, 1
119, 1, 539, 584, 389, 160, 1, 9, 1
120, 1, 538, 584, 387, 160, 1, 9, 1
121, 1, 540, 584, 384, 159, 1, 9, 1
122, 1, 540, 584, 385, 159, 1, 9, 1
123, 1, 540, 584, 384, 159, 1, 9, 1
124, 1, 540, 584, 385, 159, 1, 9, 1
125, 1, 543, 584, 382, 160, 1, 9, 1
126, 1, 540, 584, 384, 159, 1, 9, 1
127, 1, 544, 584, 381, 160, 1, 9, 1
128, 1, 545, 584, 379, 159, 1, 9, 1
129, 1, 540, 583, 385, 160, 1, 9, 1
130, 1, 540, 583, 386, 160, 1, 9, 1
131, 1, 544, 583, 383, 161, 1, 9, 1
132, 1, 545, 583, 381, 160, 1, 9, 1
133, 1, 541, 584, 384, 159, 1, 9, 1
134, 1, 544, 584, 381, 160, 1, 9, 1
135, 1, 540, 584, 386, 159, 1, 9, 1
136, 1, 541, 584, 384, 159, 1, 9, 1
137, 1, 540, 584, 385, 159, 1, 9, 1
138, 1, 541, 584, 384, 159, 1, 9, 1
139, 1, 541, 584, 385, 159, 1, 9, 1
140, 1, 541, 584, 384, 160, 1, 9, 1
141, 1, 540, 584, 386, 159, 1, 9, 1
142, 1, 539, 584, 387, 160, 1, 9, 1
143, 1, 539, 584, 387, 159, 1, 9, 1
144, 1, 540, 584, 386, 159, 1, 9, 1
145, 1, 540, 584, 387, 159, 1, 9, 1
146, 1, 540, 584, 386, 159, 1, 9, 1
147, 1, 544, 584, 383, 159, 1, 9, 1
148, 1, 540, 584, 386, 159, 1, 9, 1
149, 1, 539, 584, 387, 159, 1, 9, 1
150, 1, 544, 583, 383, 161, 1, 9, 1
151, 1, 540, 583, 387, 160, 1, 9, 1
152, 1, 546, 583, 380, 160, 1, 9, 1
153, 1, 540, 583, 386, 161, 1, 9, 1
154, 1, 539, 583, 388, 161, 1, 9, 1
155, 1, 541, 584, 385, 159, 1, 9, 1
156, 1, 541, 584, 386, 159, 1, 9, 1
157, 1, 541, 584, 386, 159, 1, 9, 1
158, 1, 540, 584, 386, 159, 1, 9, 1
159, 1, 540, 584, 387, 160, 1, 9, 1
160, 1, 541, 584, 386, 161, 1, 9, 1
161, 1, 540, 584, 388, 160, 1, 9, 1
162, 1, 544, 584, 383, 159, 1, 9, 1
163, 1, 540, 584, 387, 160, 1, 9, 1
164, 1, 543, 584, 385, 161, 1, 9, 1
165, 1, 540, 584, 387, 160, 1, 9, 1
166, 1, 543, 584, 385, 160, 1, 9, 1
167, 1, 541, 584, 387, 159, 1, 9, 1
168, 1, 540, 584, 388, 159, 1, 9, 1
169, 1, 541, 584, 388, 159, 1, 9, 1
170, 1, 541, 584, 388, 159, 1, 9, 1
171, 1, 542, 584, 386, 160, 1, 9, 1
172, 1, 542, 584, 387, 160, 1, 9, 1
173, 1, 541, 584, 389, 160, 1, 9, 1
174, 1, 542, 584, 388, 159, 1, 9, 1
175, 1, 543, 584, 386, 159, 1, 9, 1
176, 1, 542, 584, 387, 159, 1, 9, 1
177, 1, 543, 584, 387, 160, 1, 9, 1
178, 1, 545, 584, 385, 159, 1, 9, 1
179, 1, 543, 584, 387, 159, 1, 9, 1
180, 1, 544, 584, 388, 160, 1, 9, 1
181, 1, 542, 584, 389, 159, 1, 9, 1
182, 1, 544, 584, 388, 159, 1, 9, 1
183, 1, 543, 584, 388, 160, 1, 9, 1
184, 1, 543, 583, 389, 160, 1, 9, 1
185, 1, 543, 584, 390, 159, 1, 9, 1
186, 1, 545, 583, 389, 161, 1, 9, 1
187, 1, 543, 584, 389, 159, 1, 9, 1
188, 1, 545, 583, 389, 160, 1, 9, 1
189, 1, 544, 584, 388, 160, 1, 9, 1
190, 1, 544, 584, 388, 159, 1, 9, 1
191, 1, 545, 584, 386, 159, 1, 9, 1
192, 1, 544, 584, 385, 160, 1, 9, 1
193, 1, 545, 584, 387, 160, 1, 9, 1
194, 1, 544, 584, 386, 159, 1, 9, 1
195, 1, 546, 584, 387, 160, 1, 9, 1
196, 1, 546, 584, 388, 160, 1, 9, 1
197, 1, 546, 584, 385, 160, 1, 9, 1
198, 1, 545, 584, 388, 159, 1, 9, 1
199, 1, 546, 584, 390, 160, 1, 9, 1
200, 1, 547, 584, 388, 159, 1, 9, 1
201, 1, 546, 584, 390, 159, 1, 9, 1
202, 1, 545, 584, 391, 159, 1, 9, 1
203, 1, 544, 584, 391, 159, 1, 9, 1
204, 1, 545, 584, 390, 160, 1, 9, 1
205, 1, 547, 584, 385, 159, 1, 9, 1
206, 1, 546, 584, 390, 160, 1, 9, 1
207, 1, 544, 584, 391, 159, 1, 9, 1
208, 1, 545, 584, 391, 160, 1, 9, 1
209, 1, 546, 584, 390, 159, 1, 9, 1
210, 1, 545, 584, 390, 159, 1, 9, 1
211, 1, 545, 584, 390, 159, 1, 9, 1
212, 1, 545, 584, 390, 159, 1, 9, 1
213, 1, 546, 584, 390, 159, 1, 9, 1
214, 1, 545, 584, 391, 159, 1, 9, 1
215, 1, 545, 584, 390, 159, 1, 9, 1
216, 1, 547, 584, 390, 159, 1, 9, 1
217, 1, 547, 584, 389, 159, 1, 9, 1
218, 1, 548, 583, 389, 161, 1, 9, 1
219, 1, 547, 584, 388, 159, 1, 9, 1
220, 1, 548, 584, 387, 160, 1, 9, 1
221, 1, 548, 584, 386, 160, 1, 9, 1
222, 1, 548, 583, 386, 161, 1, 9, 1
223, 1, 547, 584, 387, 160, 1, 9, 1
224, 1, 548, 584, 387, 160, 1, 9, 1
225, 1, 549, 584, 386, 160, 1, 9, 1
226, 1, 550, 584, 386, 160, 1, 9, 1
227, 1, 548, 584, 389, 160, 1, 9, 1
228, 1, 553, 584, 383, 160, 1, 9, 1
229, 1, 547, 584, 389, 160, 1, 9, 1
230, 1, 548, 584, 388, 160, 1, 9, 1
231, 1, 547, 584, 389, 160, 1, 9, 1
232, 1, 549, 584, 387, 160, 1, 9, 1
233, 1, 548, 584, 387, 160, 1, 9, 1
234, 1, 547, 584, 389, 160, 1, 9, 1
235, 1, 547, 584, 389, 159, 1, 9, 1
236, 1, 547, 584, 388, 159, 1, 9, 1
237, 1, 548, 584, 388, 159, 1, 9, 1
238, 1, 547, 584, 388, 159, 1, 9, 1
239, 1, 547, 584, 388, 159, 1, 9, 1
240, 1, 549, 584, 387, 159, 1, 9, 1
241, 1, 548, 584, 387, 160, 1, 9, 1
242, 1, 548, 584, 387, 160, 1, 9, 1
243, 1, 547, 584, 388, 160, 1, 9, 1
244, 1, 548, 584, 387, 160, 1, 9, 1
245, 1, 547, 584, 387, 159, 1, 9, 1
246, 1, 548, 584, 386, 160, 1, 9, 1
247, 1, 547, 584, 387, 159, 1, 9, 1
248, 1, 547, 584, 387, 159, 1, 9, 1
249, 1, 548, 584, 386, 160, 1, 9, 1
250, 1, 548, 584, 385, 160, 1, 9, 1
251, 1, 547, 584, 387, 159, 1, 9, 1
252, 1, 547, 584, 386, 160, 1, 9, 1
253, 1, 548, 584, 386, 159, 1, 9, 1
254, 1, 548, 584, 386, 160, 1, 9, 1
255, 1, 547, 584, 387, 159, 1, 9, 1
256, 1, 548, 584, 385, 159, 1, 9, 1
257, 1, 547, 584, 388, 159, 1, 9, 1
258, 1, 547, 584, 387, 160, 1, 9, 1
259, 1, 547, 584, 387, 159, 1, 9, 1
260, 1, 549, 584, 384, 159, 1, 9, 1
261, 1, 546, 584, 388, 159, 1, 9, 1
262, 1, 547, 584, 387, 159, 1, 9, 1
263, 1, 549, 584, 385, 159, 1, 9, 1
264, 1, 548, 584, 386, 160, 1, 9, 1
265, 1, 548, 584, 387, 159, 1, 9, 1
266, 1, 547, 584, 385, 159, 1, 9, 1
267, 1, 548, 584, 387, 160, 1, 9, 1
268, 1, 547, 584, 387, 159, 1, 9, 1
269, 1, 546, 584, 388, 159, 1, 9, 1
270, 1, 548, 584, 387, 160, 1, 9, 1
271, 1, 547, 584, 387, 159, 1, 9, 1
272, 1, 547, 583, 387, 161, 1, 9, 1
273, 1, 547, 584, 384, 160, 1, 9, 1
274, 1, 548, 583, 385, 161, 1, 9, 1
275, 1, 547, 583, 385, 161, 1, 9, 1
276, 1, 547, 583, 386, 160, 1, 9, 1
277, 1, 548, 584, 384, 160, 1, 9, 1
278, 1, 548, 583, 381, 161, 1, 9, 1
279, 1, 549, 584, 384, 159, 1, 9, 1
280, 1, 548, 584, 385, 160, 1, 9, 1
281, 1, 548, 584, 386, 159, 1, 9, 1
282, 1, 547, 583, 387, 160, 1, 9, 1
283, 1, 547, 583, 387, 160, 1, 9, 1
284, 1, 549, 583, 386, 161, 1, 9, 1
285, 1, 547, 583, 386, 161, 1, 9, 1
286, 1, 547, 583, 385, 160, 1, 9, 1
287, 1, 546, 583, 387, 160, 1, 9, 1
288, 1, 548, 583, 385, 161, 1, 9, 1
289, 1, 547, 583, 386, 161, 1, 9, 1
290, 1, 548, 583, 386, 160, 1, 9, 1
291, 1, 546, 583, 388, 160, 1, 9, 1
292, 1, 547, 583, 387, 162, 1, 9, 1
293, 1, 547, 583, 387, 161, 1, 9, 1
294, 1, 547, 583, 386, 161, 1, 9, 1
295, 1, 546, 583, 387, 160, 1, 9, 1
296, 1, 547, 583, 388, 161, 1, 9, 1
297, 1, 547, 583, 387, 160, 1, 9, 1
298, 1, 547, 583, 388, 160, 1, 9, 1
299, 1, 547, 583, 384, 161, 1, 9, 1
300, 1, 548, 583, 384, 161, 1, 9, 1
301, 1, 545, 583, 385, 160, 1, 9, 1
302, 1, 546, 583, 385, 160, 1, 9, 1
303, 1, 546, 583, 386, 161, 1, 9, 1
304, 1, 546, 583, 385, 160, 1, 9, 1
305, 1, 545, 583, 386, 161, 1, 9, 1
306, 1, 545, 583, 386, 161, 1, 9, 1
307, 1, 545, 583, 385, 160, 1, 9, 1
308, 1, 543, 583, 387, 160, 1, 9, 1
309, 1, 543, 583, 388, 160, 1, 9, 1
310, 1, 544, 583, 389, 160, 1, 9, 1
311, 1, 546, 583, 383, 160, 1, 9, 1
312, 1, 545, 583, 384, 160, 1, 9, 1
313, 1, 543, 583, 385, 160, 1, 9, 1
314, 1, 546, 583, 383, 160, 1, 9, 1
315, 1, 543, 583, 385, 161, 1, 9, 1
316, 1, 542, 584, 387, 160, 1, 9, 1
317, 1, 543, 584, 385, 160, 1, 9, 1
318, 1, 543, 584, 386, 161, 1, 9, 1
319, 1, 543, 584, 384, 160, 1, 9, 1
320, 1, 542, 584, 387, 160, 1, 9, 1
321, 1, 546, 583, 388, 161, 1, 9, 1
322, 1, 546, 583, 387, 161, 1, 9, 1
323, 1, 545, 583, 389, 161, 1, 9, 1
324, 1, 546, 584, 388, 160, 1, 9, 1
325, 1, 546, 583, 388, 160, 1, 9, 1
326, 1, 546, 583, 388, 160, 1, 9, 1
327, 1, 545, 583, 389, 160, 1, 9, 1
328, 1, 544, 583, 390, 160, 1, 9, 1
329, 1, 546, 583, 387, 160, 1, 9, 1
330, 1, 545, 584, 390, 160, 1, 9, 1
331, 1, 545, 584, 389, 160, 1, 9, 1
332, 1, 544, 584, 391, 159, 1, 9, 1
333, 1, 544, 584, 390, 160, 1, 9, 1
334, 1, 544, 584, 389, 160, 1, 9, 1
335, 1, 544, 584, 389, 159, 1, 9, 1
336, 1, 543, 584, 390, 159, 1, 9, 1
337, 1, 544, 584, 387, 159, 1, 9, 1
338, 1, 544, 584, 388, 160, 1, 9, 1
339, 1, 545, 584, 387, 160, 1, 9, 1
340, 1, 545, 584, 387, 160, 1, 9, 1
341, 1, 547, 584, 385, 160, 1, 9, 1
342, 1, 544, 584, 388, 159, 1, 9, 1
343, 1, 546, 584, 387, 160, 1, 9, 1
344, 1, 546, 584, 386, 160, 1, 9, 1
345, 1, 544, 584, 390, 160, 1, 9, 1
346, 1, 546, 584, 388, 159, 1, 9, 1
347, 1, 546, 584, 388, 160, 1, 9, 1
348, 1, 545, 584, 389, 159, 1, 9, 1
349, 1, 544, 584, 389, 160, 1, 9, 1
350, 1, 545, 584, 388, 160, 1, 9, 1
351, 1, 547, 584, 388, 159, 1, 9, 1
352, 1, 546, 584, 387, 160, 1, 9, 1
353, 1, 544, 584, 385, 160, 1, 9, 1
354, 1, 546, 584, 387, 160, 1, 9, 1
355, 1, 545, 584, 388, 160, 1, 9, 1
356, 1, 544, 584, 388, 160, 1, 9, 1
357, 1, 543, 585, 390, 159, 1, 9, 1
358, 1, 543, 584, 390, 160, 1, 9, 1
359, 1, 545, 584, 388, 159, 1, 9, 1
360, 1, 545, 585, 388, 159, 1, 9, 1
361, 1, 543, 585, 390, 159, 1, 9, 1
362, 1, 542, 584, 392, 159, 1, 9, 1
363, 1, 543, 584, 390, 160, 1, 9, 1
364, 1, 542, 584, 389, 160, 1, 9, 1
365, 1, 541, 585, 392, 158, 1, 9, 1
366, 1, 541, 585, 388, 159, 1, 9, 1
367, 1, 541, 585, 393, 159, 1, 9, 1
368, 1, 541, 585, 391, 159, 1, 9, 1
369, 1, 542, 585, 388, 158, 1, 9, 1
370, 1, 542, 585, 390, 158, 1, 9, 1
371, 1, 541, 584, 386, 159, 1, 9, 1
372, 1, 540, 584, 387, 159, 1, 9, 1
373, 1, 541, 584, 387, 159, 1, 9, 1
374, 1, 541, 584, 386, 159, 1, 9, 1
375, 1, 540, 584, 386, 159, 1, 9, 1
376, 1, 540, 584, 386, 159, 1, 9, 1
377, 1, 539, 584, 388, 159, 1, 9, 1
378, 1, 539, 584, 389, 159, 1, 9, 1
379, 1, 540, 584, 387, 159, 1, 9, 1
380, 1, 540, 584, 389, 159, 1, 9, 1
381, 1, 539, 584, 388, 159, 1, 9, 1
382, 1, 540, 584, 387, 159, 1, 9, 1
383, 1, 539, 584, 389, 160, 1, 9, 1
384, 1, 540, 584, 387, 160, 1, 9, 1
385, 1, 541, 584, 386, 159, 1, 9, 1
386, 1, 540, 584, 388, 159, 1, 9, 1
387, 1, 541, 584, 386, 159, 1, 9, 1
388, 1, 541, 584, 387, 159, 1, 9, 1
389, 1, 540, 584, 388, 160, 1, 9, 1
390, 1, 540, 584, 384, 159, 1, 9, 1
391, 1, 540, 584, 388, 159, 1, 9, 1
392, 1, 541, 584, 386, 160, 1, 9, 1
393, 1, 540, 584, 388, 159, 1, 9, 1
394, 1, 540, 584, 390, 159, 1, 9, 1
395, 1, 541, 584, 387, 160, 1, 9, 1
396, 1, 541, 584, 386, 159, 1, 9, 1
397, 1, 542, 583, 385, 160, 1, 9, 1
398, 1, 539, 584, 389, 159, 1, 9, 1
399, 1, 541, 584, 387, 159, 1, 9, 1
400, 1, 540, 584, 387, 159, 1, 9, 1
401, 1, 541, 584, 385, 159, 1, 9, 1
402, 1, 541, 584, 387, 160, 1, 9, 1
403, 1, 540, 584, 388, 159, 1, 9, 1
404, 1, 541, 584, 387, 161, 1, 9, 1
405, 1, 542, 584, 384, 161, 1, 9, 1
406, 1, 540, 583, 388, 161, 1, 9, 1
407, 1, 541, 583, 387, 161, 1, 9, 1
408, 1, 542, 583, 387, 161, 1, 9, 1
409, 1, 541, 584, 387, 160, 1, 9, 1
410, 1, 541, 584, 387, 160, 1, 9, 1
411, 1, 541, 583, 385, 160, 1, 9, 1
412, 1, 543, 583, 385, 160, 1, 9, 1
413, 1, 542, 584, 386, 160, 1, 9, 1
414, 1, 542, 583, 386, 162, 1, 9, 1
415, 1, 543, 584, 385, 161, 1, 9, 1
416, 1, 541, 584, 386, 161, 1, 9, 1
417, 1, 541, 583, 386, 160, 1, 9, 1
418, 1, 542, 584, 385, 160, 1, 9, 1
419, 1, 544, 583, 383, 160, 1, 9, 1
420, 1, 542, 584, 386, 160, 1, 9, 1
421, 1, 546, 584, 381, 161, 1, 9, 1
422, 1, 549, 583, 379, 160, 1, 9, 1
423, 1, 544, 583, 385, 159, 1, 9, 1
424, 1, 547, 583, 382, 160, 1, 9, 1
425, 1, 549, 584, 380, 159, 1, 9, 1
426, 1, 550, 584, 378, 161, 1, 9, 1
427, 1, 550, 584, 379, 160, 1, 9, 1
428, 1, 545, 583, 384, 160, 1, 9, 1
429, 1, 549, 583, 379, 160, 1, 9, 1
430, 1, 543, 583, 385, 161, 1, 9, 1
431, 1, 549, 584, 380, 161, 1, 9, 1
432, 1, 545, 584, 383, 160, 1, 9, 1
433, 1, 550, 584, 378, 161, 1, 9, 1
434, 1, 551, 583, 378, 161, 1, 9, 1
435, 1, 549, 583, 380, 162, 1, 9, 1
436, 1, 550, 583, 379, 160, 1, 9, 1
437, 1, 549, 583, 380, 160, 1, 9, 1
438, 1, 549, 583, 380, 162, 1, 9, 1
439, 1, 546, 583, 383, 160, 1, 9, 1
440, 1, 546, 583, 383, 160, 1, 9, 1
441, 1, 545, 583, 384, 160, 1, 9, 1
442, 1, 550, 583, 379, 160, 1, 9, 1
443, 1, 549, 583, 381, 160, 1, 9, 1
444, 1, 550, 583, 378, 160, 1, 9, 1
445, 1, 550, 583, 379, 160, 1, 9, 1
446, 1, 546, 584, 383, 159, 1, 9, 1
447, 1, 546, 583, 383, 161, 1, 9, 1
448, 1, 544, 583, 386, 160, 1, 9, 1
449, 1, 546, 584, 384, 160, 1, 9, 1
450, 1, 551, 584, 379, 159, 1, 9, 1
451, 1, 551, 583, 380, 160, 1, 9, 1
452, 1, 545, 583, 388, 160, 1, 9, 1
453, 1, 551, 583, 382, 160, 1, 9, 1
454, 1, 550, 583, 383, 160, 1, 9, 1
455, 1, 551, 583, 381, 160, 1, 9, 1
456, 1, 547, 584, 385, 161, 1, 9, 1
457, 1, 546, 583, 387, 160, 1, 9, 1
458, 1, 547, 583, 386, 161, 1, 9, 1
459, 1, 548, 583, 385, 160, 1, 9, 1
460, 1, 549, 583, 386, 161, 1, 9, 1
461, 1, 546, 583, 389, 161, 1, 9, 1
462, 1, 547, 583, 386, 161, 1, 9, 1
463, 1, 550, 583, 385, 160, 1, 9, 1
464, 1, 546, 583, 389, 160, 1, 9, 1
465, 1, 547, 583, 387, 160, 1, 9, 1
466, 1, 545, 583, 390, 160, 1, 9, 1
467, 1, 549, 583, 385, 161, 1, 9, 1
468, 1, 545, 583, 390, 160, 1, 9, 1
469, 1, 552, 583, 382, 160, 1, 9, 1
470, 1, 547, 583, 385, 161, 1, 9, 1
471, 1, 548, 584, 383, 160, 1, 9, 1
472, 1, 547, 584, 385, 159, 1, 9, 1
473, 1, 547, 584, 386, 159, 1, 9, 1
474, 1, 547, 584, 387, 159, 1, 9, 1
475, 1, 548, 584, 385, 160, 1, 9, 1
476, 1, 547, 584, 385, 159, 1, 9, 1
477, 1, 548, 584, 386, 159, 1, 9, 1
478, 1, 549, 584, 384, 159, 1, 9, 1
479, 1, 547, 584, 386, 160, 1, 9, 1
480, 1, 548, 584, 384, 159, 1, 9, 1
481, 1, 549, 584, 385, 160, 1, 9, 1
482, 1, 548, 584, 386, 161, 1, 9, 1
483, 1, 548, 585, 388, 159, 1, 9, 1
484, 1, 548, 585, 385, 159, 1, 9, 1
485, 1, 549, 585, 386, 159, 1, 9, 1
486, 1, 548, 585, 386, 159, 1, 9, 1
487, 1, 548, 585, 387, 159, 1, 9, 1
488, 1, 548, 585, 388, 160, 1, 9, 1
489, 1, 548, 585, 386, 159, 1, 9, 1
490, 1, 548, 585, 387, 159, 1, 9, 1
491, 1, 547, 584, 388, 160, 1, 9, 1
492, 1, 547, 585, 384, 159, 1, 9, 1
493, 1, 548, 585, 388, 159, 1, 9, 1
494, 1, 547, 585, 388, 158, 1, 9, 1
495, 1, 547, 585, 388, 159, 1, 9, 1
496, 1, 548, 585, 387, 159, 1, 9, 1
497, 1, 547, 584, 388, 159, 1, 9, 1
498, 1, 546, 584, 390, 160, 1, 9, 1
499, 1, 547, 584, 389, 159, 1, 9, 1
500, 1, 547, 584, 390, 160, 1, 9, 1
501, 1, 548, 584, 388, 160, 1, 9, 1
502, 1, 548, 584, 388, 160, 1, 9, 1
503, 1, 547, 584, 388, 160, 1, 9, 1
504, 1, 548, 585, 386, 159, 1, 9, 1
505, 1, 547, 584, 387, 160, 1, 9, 1
506, 1, 547, 584, 388, 161, 1, 9, 1
507, 1, 548, 584, 387, 159, 1, 9, 1
508, 1, 546, 584, 388, 160, 1, 9, 1
509, 1, 546, 584, 389, 160, 1, 9, 1
510, 1, 547, 585, 388, 159, 1, 9, 1
511, 1, 547, 585, 388, 158, 1, 9, 1
512, 1, 546, 585, 389, 159, 1, 9, 1
513, 1, 546, 585, 390, 159, 1, 9, 1
514, 1, 547, 585, 388, 158, 1, 9, 1
515, 1, 546, 584, 388, 160, 1, 9, 1
516, 1, 546, 584, 388, 160, 1, 9, 1
517, 1, 547, 584, 387, 159, 1, 9, 1
518, 1, 548, 584, 387, 160, 1, 9, 1
519, 1, 546, 584, 388, 159, 1, 9, 1
520, 1, 548, 584, 386, 161, 1, 9, 1
521, 1, 548, 584, 388, 159, 1, 9, 1
522, 1, 547, 584, 390, 159, 1, 9, 1
523, 1, 549, 585, 387, 159, 1, 9, 1
524, 1, 548, 585, 385, 159, 1, 9, 1
525, 1, 547, 584, 389, 160, 1, 9, 1
526, 1, 547, 584, 390, 159, 1, 9, 1
527, 1, 549, 584, 388, 161, 1, 9, 1
528, 1, 546, 584, 390, 160, 1, 9, 1
529, 1, 548, 584, 388, 160, 1, 9, 1
530, 1, 546, 584, 390, 161, 1, 9, 1
531, 1, 547, 584, 388, 159, 1, 9, 1
532, 1, 547, 584, 388, 159, 1, 9, 1
533, 1, 547, 584, 387, 160, 1, 9, 1
534, 1, 546, 584, 390, 159, 1, 9, 1
535, 1, 546, 584, 388, 159, 1, 9, 1
536, 1, 548, 584, 387, 159, 1, 9, 1
537, 1, 547, 584, 388, 160, 1, 9, 1
538, 1, 545, 584, 392, 160, 1, 9, 1
539, 1, 548, 584, 387, 160, 1, 9, 1
540, 1, 547, 584, 388, 159, 1, 9, 1
541, 1, 547, 584, 390, 160, 1, 9, 1
542, 1, 547, 584, 388, 160, 1, 9, 1
543, 1, 546, 584, 388, 161, 1, 9, 1
544, 1, 545, 585, 389, 159, 1, 9, 1
545, 1, 546, 584, 388, 160, 1, 9, 1
546, 1, 548, 584, 385, 160, 1, 9, 1
547, 1, 545, 584, 389, 160, 1, 9, 1
548, 1, 547, 584, 386, 160, 1, 9, 1
549, 1, 546, 585, 387, 159, 1, 9, 1
550, 1, 545, 585, 388, 159, 1, 9, 1
551, 1, 547, 584, 385, 160, 1, 9, 1
552, 1, 545, 585, 386, 159, 1, 9, 1
553, 1, 547, 585, 384, 159, 1, 9, 1
554, 1, 545, 584, 387, 160, 1, 9, 1
555, 1, 546, 584, 385, 160, 1, 9, 1
556, 1, 545, 584, 387, 161, 1, 9, 1
557, 1, 546, 584, 383, 161, 1, 9, 1
558, 1, 544, 584, 382, 159, 1, 9, 1
559, 1, 548, 584, 381, 160, 1, 9, 1
560, 1, 543, 584, 385, 160, 1, 9, 1
561, 1, 544, 585, 386, 159, 1, 9, 1
562, 1, 546, 585, 385, 159, 1, 9, 1
563, 1, 548, 585, 382, 159, 1, 9, 1
564, 1, 543, 585, 386, 160, 1, 9, 1
565, 1, 547, 584, 382, 159, 1, 9, 1
566, 1, 547, 584, 383, 161, 1, 9, 1
567, 1, 543, 584, 387, 159, 1, 9, 1
568, 1, 544, 584, 386, 159, 1, 9, 1
569, 1, 547, 584, 383, 160, 1, 9, 1
570, 1, 542, 584, 387, 160, 1, 9, 1
571, 1, 543, 586, 387, 160, 1, 9, 1
572, 1, 541, 586, 390, 160, 1, 9, 1
573, 1, 542, 586, 387, 159, 1, 9, 1
574, 1, 543, 586, 386, 160, 1, 9, 1
575, 1, 542, 586, 389, 160, 1, 9, 1
576, 1, 542, 585, 388, 160, 1, 9, 1
577, 1, 542, 585, 389, 161, 1, 9, 1
578, 1, 543, 585, 388, 161, 1, 9, 1
579, 1, 542, 585, 390, 161, 1, 9, 1
580, 1, 541, 585, 390, 161, 1, 9, 1
581, 1, 542, 585, 389, 160, 1, 9, 1
582, 1, 542, 585, 390, 161, 1, 9, 1
583, 1, 541, 585, 390, 160, 1, 9, 1
584, 1, 542, 585, 388, 159, 1, 9, 1
585, 1, 541, 585, 390, 160, 1, 9, 1
586, 1, 542, 585, 389, 161, 1, 9, 1
587, 1, 541, 585, 389, 161, 1, 9, 1
588, 1, 541, 585, 388, 161, 1, 9, 1
589, 1, 541, 585, 387, 161, 1, 9, 1
590, 1, 541, 585, 388, 160, 1, 9, 1
591, 1, 541, 585, 387, 160, 1, 9, 1
592, 1, 540, 585, 389, 160, 1, 9, 1
593, 1, 540, 585, 389, 161, 1, 9, 1
594, 1, 541, 585, 388, 161, 1, 9, 1
595, 1, 542, 585, 387, 160, 1, 9, 1
596, 1, 540, 585, 389, 161, 1, 9, 1
597, 1, 540, 585, 385, 160, 1, 9, 1
598, 1, 540, 585, 385, 160, 1, 9, 1
599, 1, 540, 585, 389, 161, 1, 9, 1
600, 1, 542, 585, 387, 160, 1, 9, 1
601, 1, 542, 585, 387, 160, 1, 9, 1
602, 1, 542, 586, 385, 159, 1, 9, 1
603, 1, 542, 586, 387, 161, 1, 9, 1
604, 1, 541, 586, 389, 159, 1, 9, 1
605, 1, 541, 585, 389, 161, 1, 9, 1
606, 1, 541, 585, 388, 160, 1, 9, 1
607, 1, 540, 585, 390, 160, 1, 9, 1
608, 1, 541, 585, 388, 160, 1, 9, 1
609, 1, 539, 585, 390, 161, 1, 9, 1
610, 1, 540, 585, 389, 160, 1, 9, 1
611, 1, 540, 585, 389, 160, 1, 9, 1
612, 1, 539, 585, 391, 161, 1, 9, 1
613, 1, 541, 585, 388, 160, 1, 9, 1
614, 1, 540, 585, 389, 161, 1, 9, 1
615, 1, 539, 585, 389, 160, 1, 9, 1
616, 1, 541, 584, 388, 161, 1, 9, 1
617, 1, 539, 585, 389, 159, 1, 9, 1
618, 1, 541, 584, 387, 161, 1, 9, 1
619, 1, 539, 585, 390, 160, 1, 9, 1
620, 1, 539, 585, 390, 159, 1, 9, 1
621, 1, 542, 585, 389, 159, 1, 9, 1
622, 1, 541, 585, 389, 161, 1, 9, 1
623, 1, 542, 585, 388, 160, 1, 9, 1
624, 1, 541, 585, 389, 160, 1, 9, 1
625, 1, 541, 585, 390, 160, 1, 9, 1
626, 1, 541, 586, 388, 160, 1, 9, 1
627, 1, 541, 586, 389, 160, 1, 9, 1
628, 1, 543, 585, 388, 160, 1, 9, 1
629, 1, 541, 585, 390, 161, 1, 9, 1
630, 1, 541, 585, 388, 159, 1, 9, 1
631, 1, 541, 585, 388, 160, 1, 9, 1
632, 1, 541, 585, 389, 161, 1, 9, 1
633, 1, 542, 585, 387, 161, 1, 9, 1
634, 1, 543, 585, 386, 159, 1, 9, 1
635, 1, 541, 585, 389, 159, 1, 9, 1
636, 1, 541, 585, 388, 159, 1, 9, 1
637, 1, 541, 585, 388, 161, 1, 9, 1
638, 1, 542, 585, 387, 160, 1, 9, 1
639, 1, 543, 585, 386, 160, 1, 9, 1
640, 1, 542, 585, 388, 160, 1, 9, 1
641, 1, 541, 585, 388, 160, 1, 9, 1
642, 1, 540, 586, 390, 160, 1, 9, 1
643, 1, 541, 585, 389, 159, 1, 9, 1
644, 1, 540, 585, 390, 159, 1, 9, 1
645, 1, 543, 585, 387, 161, 1, 9, 1
646, 1, 542, 585, 389, 161, 1, 9, 1
647, 1, 543, 585, 387, 160, 1, 9, 1
648, 1, 541, 585, 389, 161, 1, 9, 1
649, 1, 542, 585, 388, 161, 1, 9, 1
650, 1, 542, 585, 389, 160, 1, 9, 1
651, 1, 542, 585, 389, 160, 1, 9, 1
652, 1, 543, 585, 387, 160, 1, 9, 1
653, 1, 542, 585, 389, 160, 1, 9, 1
654, 1, 541, 585, 390, 160, 1, 9, 1
655, 1, 542, 585, 389, 160, 1, 9, 1
656, 1, 541, 585, 391, 161, 1, 9, 1
657, 1, 542, 585, 389, 161, 1, 9, 1
658, 1, 541, 585, 392, 159, 1, 9, 1
659, 1, 541, 585, 392, 159, 1, 9, 1
660, 1, 542, 585, 391, 159, 1, 9, 1
661, 1, 541, 585, 388, 159, 1, 9, 1
662, 1, 541, 585, 388, 160, 1, 9, 1
663, 1, 543, 584, 391, 160, 1, 9, 1
664, 1, 542, 584, 392, 161, 1, 9, 1
665, 1, 543, 584, 391, 160, 1, 9, 1
666, 1, 541, 584, 392, 160, 1, 9, 1
667, 1, 542, 584, 392, 160, 1, 9, 1
668, 1, 544, 584, 389, 161, 1, 9, 1
669, 1, 544, 584, 389, 161, 1, 9, 1
670, 1, 542, 585, 392, 159, 1, 9, 1
671, 1, 548, 585, 380, 160, 1, 9, 1
672, 1, 543, 585, 388, 160, 1, 9, 1
673, 1, 545, 584, 384, 162, 1, 9, 1
674, 1, 545, 584, 385, 162, 1, 9, 1
675, 1, 544, 585, 385, 160, 1, 9, 1
676, 1, 545, 585, 384, 160, 1, 9, 1
677, 1, 544, 585, 386, 161, 1, 9, 1
678, 1, 548, 585, 383, 160, 1, 9, 1
679, 1, 544, 585, 385, 161, 1, 9, 1
680, 1, 546, 585, 383, 160, 1, 9, 1
681, 1, 544, 585, 387, 161, 1, 9, 1
682, 1, 545, 585, 385, 161, 1, 9, 1
683, 1, 544, 585, 386, 161, 1, 9, 1
684, 1, 547, 584, 383, 162, 1, 9, 1
685, 1, 546, 585, 384, 160, 1, 9, 1
686, 1, 546, 585, 383, 160, 1, 9, 1
687, 1, 546, 585, 384, 161, 1, 9, 1
688, 1, 545, 585, 385, 160, 1, 9, 1
689, 1, 544, 585, 386, 161, 1, 9, 1
690, 1, 544, 585, 385, 160, 1, 9, 1
691, 1, 543, 585, 387, 161, 1, 9, 1
692, 1, 543, 585, 387, 160, 1, 9, 1
693, 1, 544, 585, 385, 161, 1, 9, 1
694, 1, 545, 585, 384, 161, 1, 9, 1
695, 1, 543, 585, 386, 160, 1, 9, 1
696, 1, 544, 585, 385, 159, 1, 9, 1
697, 1, 544, 585, 386, 161, 1, 9, 1
698, 1, 544, 585, 385, 161, 1, 9, 1
699, 1, 546, 585, 384, 160, 1, 9, 1
700, 1, 545, 585, 384, 160, 1, 9, 1
701, 1, 544, 585, 387, 161, 1, 9, 1
702, 1, 547, 585, 383, 161, 1, 9, 1
703, 1, 548, 585, 382, 161, 1, 9, 1
704, 1, 544, 585, 386, 161, 1, 9, 1
705, 1, 543, 585, 388, 161, 1, 9, 1
706, 1, 543, 585, 388, 161, 1, 9, 1
707, 1, 545, 584, 385, 161, 1, 9, 1
708, 1, 547, 584, 384, 161, 1, 9, 1
709, 1, 548, 584, 384, 161, 1, 9, 1
710, 1, 546, 584, 385, 162, 1, 9, 1
711, 1, 547, 584, 383, 161, 1, 9, 1
712, 1, 550, 584, 381, 162, 1, 9, 1
713, 1, 547, 584, 384, 161, 1, 9, 1
714, 1, 544, 584, 386, 162, 1, 9, 1
715, 1, 545, 584, 387, 161, 1, 9, 1
716, 1, 544, 584, 388, 161, 1, 9, 1
717, 1, 547, 584, 385, 160, 1, 9, 1
718, 1, 545, 584, 387, 161, 1, 9, 1
719, 1, 547, 584, 385, 161, 1, 9, 1
720, 1, 544, 584, 389, 162, 1, 9, 1
721, 1, 547, 583, 389, 161, 1, 9, 1
722, 1, 548, 583, 388, 161, 1, 9, 1
723, 1, 549, 583, 387, 160, 1, 9, 1
724, 1, 550, 584, 386, 159, 1, 9, 1
725, 1, 549, 583, 387, 160, 1, 9, 1
726, 1, 547, 584, 391, 160, 1, 9, 1
727, 1, 550, 584, 386, 159, 1, 9, 1
728, 1, 547, 583, 389, 160, 1, 9, 1
729, 1, 549, 583, 388, 161, 1, 9, 1
730, 1, 548, 583, 389, 161, 1, 9, 1
731, 1, 547, 583, 389, 161, 1, 9, 1
732, 1, 548, 583, 389, 161, 1, 9, 1
733, 1, 547, 583, 389, 161, 1, 9, 1
734, 1, 549, 583, 387, 160, 1, 9, 1
735, 1, 547, 583, 389, 161, 1, 9, 1
736, 1, 548, 583, 389, 160, 1, 9, 1
737, 1, 547, 584, 389, 160, 1, 9, 1
738, 1, 547, 584, 390, 160, 1, 9, 1
739, 1, 549, 584, 387, 159, 1, 9, 1
740, 1, 547, 583, 388, 161, 1, 9, 1
741, 1, 548, 584, 389, 160, 1, 9, 1
742, 1, 547, 584, 389, 159, 1, 9, 1
743, 1, 548, 584, 388, 160, 1, 9, 1
744, 1, 549, 584, 388, 160, 1, 9, 1
745, 1, 547, 584, 388, 160, 1, 9, 1
746, 1, 548, 583, 387, 161, 1, 9, 1
747, 1, 547, 584, 389, 160, 1, 9, 1
748, 1, 547, 584, 390, 159, 1, 9, 1
749, 1, 547, 584, 388, 160, 1, 9, 1
750, 1, 546, 584, 390, 160, 1, 9, 1
1, 2, 67, 204, 253, 115, 1, 5, 1
2, 2, 73, 204, 252, 115, 1, 5, 1
3, 2, 78, 203, 249, 116, 1, 5, 1
4, 2, 81, 204, 249, 115, 1, 5, 1
5, 2, 85, 203, 245, 115, 1, 5, 1
6, 2, 83, 203, 250, 116, 1, 5, 1
7, 2, 87, 204, 250, 114, 1, 5, 1
8, 2, 88, 201, 250, 118, 1, 5, 1
9, 2, 90, 203, 254, 116, 1, 5, 1
10, 2, 96, 204, 249, 114, 1, 5, 1
11, 2, 96, 204, 252, 115, 1, 5, 1
12, 2, 98, 206, 252, 112, 1, 5, 1
13, 2, 101, 206, 251, 113, 1, 5, 1
14, 2, 104, 205, 249, 113, 1, 5, 1
15, 2, 105, 205, 249, 114, 1, 5, 1
16, 2, 109, 205, 248, 113, 1, 5, 1
17, 2, 110, 205, 252, 113, 1, 5, 1
18, 2, 111, 204, 254, 115, 1, 5, 1
19, 2, 118, 204, 250, 116, 1, 5, 1
20, 2, 120, 204, 250, 115, 1, 5, 1
21, 2, 122, 204, 252, 115, 1, 5, 1
22, 2, 123, 204, 253, 116, 1, 5, 1
23, 2, 126, 204, 251, 116, 1, 5, 1
24, 2, 130, 204, 252, 116, 1, 5, 1
25, 2, 131, 204, 252, 116, 1, 5, 1
26, 2, 130, 205, 257, 115, 1, 5, 1
27, 2, 135, 205, 254, 115, 1, 5, 1
28, 2, 139, 205, 250, 115, 1, 5, 1
29, 2, 145, 206, 248, 114, 1, 5, 1
30, 2, 147, 206, 249, 114, 1, 5, 1
31, 2, 152, 206, 245, 114, 1, 5, 1
32, 2, 153, 206, 246, 114, 1, 5, 1
33, 2, 155, 206, 247, 115, 1, 5, 1
34, 2, 157, 206, 247, 115, 1, 5, 1
35, 2, 162, 206, 246, 115, 1, 5, 1
36, 2, 166, 206, 247, 115, 1, 5, 1
37, 2, 168, 205, 246, 115, 1, 5, 1
38, 2, 167, 206, 249, 115, 1, 5, 1
39, 2, 171, 207, 249, 114, 1, 5, 1
40, 2, 175, 206, 247, 116, 1, 5, 1
41, 2, 176, 205, 247, 116, 1, 5, 1
42, 2, 178, 205, 250, 116, 1, 5, 1
43, 2, 180, 206, 252, 115, 1, 5, 1
44, 2, 182, 206, 250, 114, 1, 5, 1
45, 2, 189, 206, 246, 115, 1, 5, 1
46, 2, 190, 206, 246, 116, 1, 5, 1
47, 2, 194, 207, 246, 115, 1, 5, 1
48, 2, 197, 207, 245, 115, 1, 5, 1
49, 2, 198, 207, 245, 116, 1, 5, 1
50, 2, 199, 207, 244, 116, 1, 5, 1
51, 2, 201, 207, 244, 115, 1, 5, 1
52, 2, 202, 207, 249, 114, 1, 5, 1
53, 2, 209, 207, 245, 115, 1, 5, 1
54, 2, 212, 209, 246, 114, 1, 5, 1
55, 2, 214, 208, 247, 115, 1, 5, 1
56, 2, 214, 210, 248, 114, 1, 5, 1
57, 2, 218, 210, 246, 112, 1, 5, 1
58, 2, 220, 210, 247, 113, 1, 5, 1
59, 2, 224, 209, 245, 114, 1, 5, 1
60, 2, 225, 210, 247, 114, 1, 5, 1
61, 2, 226, 210, 248, 114, 1, 5, 1
62, 2, 229, 210, 248, 114, 1, 5, 1
63, 2, 232, 211, 248, 113, 1, 5, 1
64, 2, 235, 211, 247, 116, 1, 5, 1
65, 2, 237, 210, 248, 115, 1, 5, 1
66, 2, 240, 212, 248, 115, 1, 5, 1
67, 2, 244, 212, 245, 113, 1, 5, 1
68, 2, 245, 213, 246, 113, 1, 5, 1
69, 2, 248, 213, 245, 115, 1, 5, 1
70, 2, 251, 213, 245, 114, 1, 5, 1
71, 2, 257, 212, 245, 118, 1, 5, 1
72, 2, 258, 212, 246, 118, 1, 5, 1
73, 2, 259, 212, 249, 118, 1, 5, 1
74, 2, 261, 214, 249, 117, 1, 5, 1
75, 2, 267, 215, 243, 114, 1, 5, 1
76, 2, 270, 215, 242, 116, 1, 5, 1
77, 2, 271, 215, 243, 115, 1, 5, 1
78, 2, 273, 215, 246, 117, 1, 5, 1
79, 2, 275, 215, 247, 119, 1, 5, 1
80, 2, 279, 215, 245, 118, 1, 5, 1
81, 2, 282, 216, 245, 118, 1, 5, 1
82, 2, 285, 216, 245, 117, 1, 5, 1
83, 2, 287, 217, 245, 116, 1, 5, 1
84, 2, 291, 217, 242, 116, 1, 5, 1
85, 2, 293, 218, 242, 115, 1, 5, 1
86, 2, 296, 219, 242, 114, 1, 5, 1
87, 2, 298, 219, 243, 115, 1, 5, 1
88, 2, 302, 219, 240, 116, 1, 5, 1
89, 2, 306, 219, 240, 117, 1, 5, 1
90, 2, 308, 219, 241, 117, 1, 5, 1
91, 2, 309, 219, 241, 116, 1, 5, 1
92, 2, 314, 219, 241, 117, 1, 5, 1
93, 2, 315, 219, 241, 118, 1, 5, 1
94, 2, 316, 219, 243, 117, 1, 5, 1
95, 2, 322, 220, 237, 118, 1, 5, 1
96, 2, 324, 220, 238, 119, 1, 5, 1
97, 2, 328, 219, 238, 121, 1, 5, 1
98, 2, 329, 220, 239, 121, 1, 5, 1
99, 2, 331, 220, 239, 120, 1, 5, 1
100, 2, 334, 220, 239, 122, 1, 5, 1
101, 2, 335, 220, 239, 122, 1, 5, 1
102, 2, 340, 220, 236, 121, 1, 5, 1
103, 2, 344, 220, 235, 122, 1, 5, 1
104, 2, 345, 222, 235, 121, 1, 5, 1
105, 2, 350, 222, 231, 121, 1, 5, 1
106, 2, 353, 220, 230, 124, 1, 5, 1
107, 2, 357, 221, 229, 124, 1, 5, 1
108, 2, 359, 222, 229, 122, 1, 5, 1
109, 2, 362, 223, 228, 123, 1, 5, 1
110, 2, 364, 223, 229, 123, 1, 5, 1
111, 2, 367, 222, 228, 126, 1, 5, 1
112, 2, 370, 222, 227, 125, 1, 5, 1
113, 2, 376, 223, 223, 125, 1, 5, 1
114, 2, 374, 223, 228, 125, 1, 5, 1
115, 2, 377, 223, 227, 125, 1, 5, 1
116, 2, 379, 222, 227, 129, 1, 5, 1
117, 2, 384, 223, 223, 129, 1, 5, 1
118, 2, 384, 223, 224, 130, 1, 5, 1
119, 2, 389, 223, 221, 128, 1, 5, 1
120, 2, 391, 224, 222, 129, 1, 5, 1
121, 2, 392, 223, 222, 130, 1, 5, 1
122, 2, 394, 227, 222, 126, 1, 5, 1
123, 2, 400, 226, 218, 127, 1, 5, 1
124, 2, 401, 226, 218, 128, 1, 5, 1
125, 2, 403, 228, 216, 128, 1, 5, 1
126, 2, 406, 227, 217, 128, 1, 5, 1
127, 2, 409, 227, 214, 130, 1, 5, 1
128, 2, 411, 227, 215, 129, 1, 5, 1
129, 2, 414, 228, 214, 129, 1, 5, 1
130, 2, 415, 228, 214, 129, 1, 5, 1
131, 2, 418, 230, 213, 128, 1, 5, 1
132, 2, 420, 228, 211, 130, 1, 5, 1
133, 2, 424, 230, 212, 128, 1, 5, 1
134, 2, 427, 232, 210, 127, 1, 5, 1
135, 2, 429, 230, 209, 131, 1, 5, 1
136, 2, 430, 230, 210, 131, 1, 5, 1
137, 2, 434, 231, 207, 130, 1, 5, 1
138, 2, 436, 231, 205, 130, 1, 5, 1
139, 2, 439, 234, 203, 128, 1, 5, 1
140, 2, 442, 233, 202, 130, 1, 5, 1
141, 2, 445, 232, 200, 132, 1, 5, 1
142, 2, 449, 234, 199, 132, 1, 5, 1
143, 2, 451, 235, 198, 132, 1, 5, 1
144, 2, 452, 235, 198, 133, 1, 5, 1
145, 2, 453, 233, 199, 135, 1, 5, 1
146, 2, 456, 234, 197, 136, 1, 5, 1
147, 2, 457, 235, 196, 135, 1, 5, 1
148, 2, 461, 235, 194, 137, 1, 5, 1
149, 2, 462, 237, 192, 135, 1, 5, 1
150, 2, 463, 236, 193, 138, 1, 5, 1
151, 2, 466, 237, 191, 137, 1, 5, 1
152, 2, 468, 237, 192, 138, 1, 5, 1
153, 2, 470, 237, 190, 138, 1, 5, 1
154, 2, 472, 238, 190, 139, 1, 5, 1
155, 2, 474, 241, 190, 135, 1, 5, 1
156, 2, 476, 241, 187, 136, 1, 5, 1
157, 2, 478, 242, 187, 134, 1, 5, 1
158, 2, 480, 242, 185, 134, 1, 5, 1
159, 2, 483, 241, 184, 134, 1, 5, 1
160, 2, 484, 241, 185, 135, 1, 5, 1
161, 2, 486, 242, 184, 135, 1, 5, 1
162, 2, 488, 241, 180, 136, 1, 5, 1
163, 2, 491, 245, 179, 133, 1, 5, 1
164, 2, 492, 245, 179, 133, 1, 5, 1
165, 2, 493, 246, 177, 132, 1, 5, 1
166, 2, 495, 246, 178, 133, 1, 5, 1
167, 2, 497, 247, 172, 131, 1, 5, 1
168, 2, 499, 247, 172, 132, 1, 5, 1
169, 2, 498, 247, 176, 133, 1, 5, 1
170, 2, 500, 248, 173, 131, 1, 5, 1
171, 2, 502, 250, 175, 133, 1, 5, 1
172, 2, 505, 251, 173, 132, 1, 5, 1
173, 2, 505, 250, 173, 133, 1, 5, 1
174, 2, 508, 251, 172, 133, 1, 5, 1
175, 2, 509, 251, 173, 132, 1, 5, 1
176, 2, 511, 252, 169, 131, 1, 5, 1
177, 2, 515, 252, 167, 132, 1, 5, 1
178, 2, 517, 253, 168, 130, 1, 5, 1
179, 2, 518, 253, 167, 132, 1, 5, 1
180, 2, 520, 254, 166, 131, 1, 5, 1
181, 2, 521, 256, 165, 129, 1, 5, 1
182, 2, 522, 255, 166, 130, 1, 5, 1
183, 2, 523, 258, 164, 129, 1, 5, 1
184, 2, 524, 258, 166, 130, 1, 5, 1
185, 2, 525, 258, 167, 133, 1, 5, 1
186, 2, 528, 261, 164, 131, 1, 5, 1
187, 2, 529, 259, 164, 133, 1, 5, 1
188, 2, 530, 259, 165, 134, 1, 5, 1
189, 2, 532, 260, 162, 137, 1, 5, 1
190, 2, 534, 260, 162, 137, 1, 5, 1
191, 2, 536, 260, 162, 137, 1, 5, 1
192, 2, 537, 260, 163, 136, 1, 5, 1
193, 2, 538, 261, 163, 139, 1, 5, 1
194, 2, 540, 261, 162, 138, 1, 5, 1
195, 2, 543, 262, 161, 135, 1, 5, 1
196, 2, 544, 263, 162, 135, 1, 5, 1
197, 2, 545, 263, 162, 136, 1, 5, 1
198, 2, 544, 262, 165, 136, 1, 5, 1
199, 2, 546, 262, 158, 137, 1, 5, 1
200, 2, 547, 263, 164, 138, 1, 5, 1
201, 2, 548, 262, 163, 138, 1, 5, 1
202, 2, 552, 263, 162, 137, 1, 5, 1
203, 2, 550, 262, 165, 137, 1, 5, 1
204, 2, 552, 262, 165, 140, 1, 5, 1
205, 2, 552, 265, 166, 137, 1, 5, 1
206, 2, 554, 266, 165, 138, 1, 5, 1
207, 2, 555, 265, 166, 140, 1, 5, 1
208, 2, 556, 264, 168, 140, 1, 5, 1
209, 2, 558, 263, 170, 142, 1, 5, 1
210, 2, 558, 264, 171, 142, 1, 5, 1
211, 2, 559, 267, 171, 137, 1, 5, 1
212, 2, 561, 267, 172, 139, 1, 5, 1
213, 2, 562, 267, 171, 141, 1, 5, 1
214, 2, 563, 268, 172, 139, 1, 5, 1
215, 2, 564, 268, 170, 137, 1, 5, 1
216, 2, 567, 269, 171, 137, 1, 5, 1
217, 2, 568, 268, 171, 139, 1, 5, 1
218, 2, 570, 269, 171, 142, 1, 5, 1
219, 2, 570, 269, 172, 134, 1, 5, 1
220, 2, 571, 269, 173, 140, 1, 5, 1
221, 2, 572, 271, 174, 143, 1, 5, 1
222, 2, 573, 271, 175, 142, 1, 5, 1
223, 2, 573, 271, 177, 144, 1, 5, 1
224, 2, 575, 271, 177, 144, 1, 5, 1
225, 2, 576, 272, 179, 143, 1, 5, 1
226, 2, 579, 271, 177, 145, 1, 5, 1
227, 2, 578, 272, 181, 145, 1, 5, 1
228, 2, 579, 273, 181, 145, 1, 5, 1
229, 2, 579, 274, 185, 145, 1, 5, 1
230, 2, 580, 275, 185, 144, 1, 5, 1
231, 2, 579, 274, 187, 145, 1, 5, 1
232, 2, 581, 275, 186, 144, 1, 5, 1
233, 2, 583, 275, 186, 146, 1, 5, 1
234, 2, 584, 276, 186, 145, 1, 5, 1
235, 2, 587, 277, 185, 146, 1, 5, 1
236, 2, 589, 276, 181, 147, 1, 5, 1
237, 2, 588, 277, 190, 147, 1, 5, 1
238, 2, 589, 277, 190, 146, 1, 5, 1
239, 2, 591, 278, 191, 146, 1, 5, 1
240, 2, 592, 281, 192, 142, 1, 5, 1
241, 2, 592, 278, 195, 145, 1, 5, 1
242, 2, 594, 286, 195, 139, 1, 5, 1
243, 2, 594, 286, 197, 140, 1, 5, 1
244, 2, 593, 285, 200, 140, 1, 5, 1
245, 2, 593, 287, 205, 139, 1, 5, 1
246, 2, 594, 287, 205, 140, 1, 5, 1
247, 2, 596, 286, 205, 141, 1, 5, 1
248, 2, 595, 288, 209, 139, 1, 5, 1
249, 2, 598, 286, 210, 141, 1, 5, 1
250, 2, 598, 287, 212, 139, 1, 5, 1
251, 2, 601, 286, 212, 140, 1, 5, 1
252, 2, 602, 289, 213, 138, 1, 5, 1
253, 2, 603, 288, 214, 139, 1, 5, 1
254, 2, 605, 290, 214, 136, 1, 5, 1
255, 2, 608, 288, 215, 138, 1, 5, 1
256, 2, 609, 291, 218, 136, 1, 5, 1
257, 2, 611, 291, 218, 136, 1, 5, 1
258, 2, 612, 292, 220, 137, 1, 5, 1
259, 2, 615, 293, 219, 135, 1, 5, 1
260, 2, 616, 295, 221, 134, 1, 5, 1
261, 2, 617, 293, 223, 136, 1, 5, 1
262, 2, 618, 293, 225, 135, 1, 5, 1
263, 2, 620, 294, 224, 135, 1, 5, 1
264, 2, 622, 294, 225, 136, 1, 5, 1
265, 2, 623, 297, 227, 133, 1, 5, 1
266, 2, 625, 296, 228, 133, 1, 5, 1
267, 2, 626, 296, 231, 133, 1, 5, 1
268, 2, 629, 296, 230, 134, 1, 5, 1
269, 2, 630, 296, 230, 133, 1, 5, 1
270, 2, 630, 296, 233, 133, 1, 5, 1
271, 2, 631, 298, 239, 134, 1, 5, 1
272, 2, 632, 299, 240, 133, 1, 5, 1
273, 2, 635, 299, 241, 133, 1, 5, 1
274, 2, 637, 300, 244, 133, 1, 5, 1
275, 2, 638, 300, 244, 132, 1, 5, 1
276, 2, 640, 300, 243, 133, 1, 5, 1
277, 2, 642, 301, 246, 131, 1, 5, 1
278, 2, 643, 300, 249, 133, 1, 5, 1
279, 2, 645, 305, 249, 128, 1, 5, 1
280, 2, 646, 306, 251, 126, 1, 5, 1
281, 2, 649, 307, 250, 126, 1, 5, 1
282, 2, 651, 308, 252, 125, 1, 5, 1
283, 2, 652, 305, 254, 129, 1, 5, 1
284, 2, 653, 307, 255, 127, 1, 5, 1
285, 2, 656, 309, 256, 126, 1, 5, 1
286, 2, 660, 309, 255, 125, 1, 5, 1
287, 2, 661, 309, 258, 127, 1, 5, 1
288, 2, 663, 308, 261, 128, 1, 5, 1
289, 2, 666, 309, 261, 128, 1, 5, 1
290, 2, 670, 310, 259, 125, 1, 5, 1
291, 2, 670, 309, 263, 127, 1, 5, 1
292, 2, 674, 307, 263, 130, 1, 5, 1
293, 2, 677, 311, 263, 124, 1, 5, 1
294, 2, 677, 311, 268, 122, 1, 5, 1
295, 2, 677, 309, 273, 123, 1, 5, 1
296, 2, 682, 309, 270, 123, 1, 5, 1
297, 2, 684, 307, 270, 127, 1, 5, 1
298, 2, 685, 309, 273, 124, 1, 5, 1
299, 2, 688, 311, 272, 120, 1, 5, 1
300, 2, 693, 309, 272, 121, 1, 5, 1
301, 2, 695, 309, 272, 120, 1, 5, 1
302, 2, 698, 309, 273, 124, 1, 5, 1
303, 2, 700, 310, 275, 123, 1, 5, 1
304, 2, 706, 310, 271, 124, 1, 5, 1
305, 2, 708, 311, 275, 122, 1, 5, 1
306, 2, 711, 308, 276, 125, 1, 5, 1
307, 2, 712, 310, 280, 124, 1, 5, 1
308, 2, 718, 310, 277, 123, 1, 5, 1
309, 2, 718, 309, 279, 124, 1, 5, 1
310, 2, 721, 307, 279, 126, 1, 5, 1
311, 2, 722, 310, 286, 122, 1, 5, 1
312, 2, 725, 309, 283, 124, 1, 5, 1
313, 2, 729, 309, 285, 123, 1, 5, 1
314, 2, 729, 306, 289, 127, 1, 5, 1
315, 2, 735, 305, 286, 129, 1, 5, 1
316, 2, 739, 308, 285, 127, 1, 5, 1
317, 2, 742, 306, 288, 128, 1, 5, 1
318, 2, 746, 307, 287, 128, 1, 5, 1
319, 2, 748, 305, 288, 130, 1, 5, 1
320, 2, 752, 304, 287, 131, 1, 5, 1
321, 2, 752, 304, 289, 132, 1, 5, 1
322, 2, 757, 302, 290, 134, 1, 5, 1
323, 2, 762, 303, 290, 133, 1, 5, 1
324, 2, 765, 300, 289, 135, 1, 5, 1
325, 2, 768, 301, 289, 136, 1, 5, 1
326, 2, 773, 301, 287, 135, 1, 5, 1
327, 2, 775, 301, 289, 134, 1, 5, 1
328, 2, 779, 299, 290, 135, 1, 5, 1
329, 2, 781, 300, 292, 133, 1, 5, 1
330, 2, 785, 300, 295, 134, 1, 5, 1
331, 2, 786, 299, 298, 135, 1, 5, 1
332, 2, 792, 299, 292, 135, 1, 5, 1
333, 2, 799, 301, 286, 133, 1, 5, 1
334, 2, 801, 302, 287, 131, 1, 5, 1
335, 2, 805, 302, 288, 129, 1, 5, 1
336, 2, 808, 300, 291, 132, 1, 5, 1
337, 2, 811, 298, 291, 135, 1, 5, 1
338, 2, 815, 298, 289, 134, 1, 5, 1
339, 2, 821, 297, 287, 135, 1, 5, 1
340, 2, 823, 298, 289, 132, 1, 5, 1
341, 2, 826, 298, 290, 133, 1, 5, 1
342, 2, 830, 295, 287, 137, 1, 5, 1
343, 2, 830, 293, 293, 138, 1, 5, 1
344, 2, 838, 293, 289, 138, 1, 5, 1
345, 2, 844, 296, 287, 134, 1, 5, 1
346, 2, 848, 294, 284, 135, 1, 5, 1
347, 2, 850, 294, 285, 134, 1, 5, 1
348, 2, 856, 293, 283, 134, 1, 5, 1
349, 2, 859, 292, 287, 136, 1, 5, 1
350, 2, 862, 292, 286, 135, 1, 5, 1
351, 2, 869, 293, 281, 133, 1, 5, 1
352, 2, 872, 292, 282, 135, 1, 5, 1
353, 2, 873, 291, 286, 135, 1, 5, 1
354, 2, 878, 292, 284, 135, 1, 5, 1
355, 2, 883, 294, 283, 130, 1, 5, 1
356, 2, 885, 292, 285, 132, 1, 5, 1
357, 2, 890, 292, 284, 132, 1, 5, 1
358, 2, 889, 291, 286, 133, 1, 5, 1
359, 2, 891, 291, 289, 132, 1, 5, 1
360, 2, 896, 291, 287, 131, 1, 5, 1
361, 2, 898, 289, 289, 131, 1, 5, 1
362, 2, 899, 289, 291, 132, 1, 5, 1
363, 2, 906, 288, 287, 131, 1, 5, 1
364, 2, 909, 288, 288, 132, 1, 5, 1
365, 2, 913, 287, 289, 132, 1, 5, 1
366, 2, 916, 286, 288, 135, 1, 5, 1
367, 2, 919, 286, 292, 133, 1, 5, 1
368, 2, 923, 285, 291, 136, 1, 5, 1
369, 2, 928, 287, 289, 130, 1, 5, 1
370, 2, 930, 285, 289, 133, 1, 5, 1
371, 2, 932, 283, 291, 136, 1, 5, 1
372, 2, 936, 282, 290, 137, 1, 5, 1
373, 2, 938, 285, 290, 133, 1, 5, 1
374, 2, 940, 282, 291, 136, 1, 5, 1
375, 2, 943, 280, 290, 136, 1, 5, 1
376, 2, 946, 281, 292, 136, 1, 5, 1
377, 2, 950, 281, 291, 135, 1, 5, 1
378, 2, 953, 282, 290, 134, 1, 5, 1
379, 2, 957, 281, 289, 134, 1, 5, 1
380, 2, 960, 281, 288, 133, 1, 5, 1
381, 2, 959, 281, 289, 134, 1, 5, 1
382, 2, 965, 277, 287, 136, 1, 5, 1
383, 2, 967, 278, 290, 136, 1, 5, 1
384, 2, 968, 277, 294, 136, 1, 5, 1
385, 2, 973, 279, 292, 133, 1, 5, 1
386, 2, 976, 278, 289, 134, 1, 5, 1
387, 2, 981, 276, 286, 135, 1, 5, 1
388, 2, 981, 277, 288, 134, 1, 5, 1
389, 2, 988, 274, 283, 136, 1, 5, 1
390, 2, 989, 274, 287, 136, 1, 5, 1
391, 2, 994, 274, 284, 135, 1, 5, 1
392, 2, 1001, 274, 280, 134, 1, 5, 1
393, 2, 1002, 273, 285, 135, 1, 5, 1
394, 2, 1005, 273, 283, 135, 1, 5, 1
395, 2, 1009, 272, 280, 137, 1, 5, 1
396, 2, 1012, 271, 280, 136, 1, 5, 1
397, 2, 1014, 271, 281, 136, 1, 5, 1
398, 2, 1018, 270, 278, 136, 1, 5, 1
399, 2, 1021, 270, 278, 136, 1, 5, 1
400, 2, 1027, 269, 273, 137, 1, 5, 1
401, 2, 1029, 270, 274, 136, 1, 5, 1
402, 2, 1030, 269, 278, 136, 1, 5, 1
403, 2, 1036, 270, 274, 136, 1, 5, 1
404, 2, 1036, 269, 276, 136, 1, 5, 1
405, 2, 1041, 267, 272, 137, 1, 5, 1
406, 2, 1046, 266, 271, 138, 1, 5, 1
407, 2, 1045, 265, 274, 139, 1, 5, 1
408, 2, 1051, 264, 271, 139, 1, 5, 1
409, 2, 1052, 264, 271, 140, 1, 5, 1
410, 2, 1056, 262, 270, 141, 1, 5, 1
411, 2, 1060, 261, 268, 141, 1, 5, 1
412, 2, 1063, 260, 268, 141, 1, 5, 1
413, 2, 1069, 262, 264, 139, 1, 5, 1
414, 2, 1073, 259, 262, 143, 1, 5, 1
415, 2, 1074, 259, 261, 141, 1, 5, 1
416, 2, 1077, 257, 261, 141, 1, 5, 1
417, 2, 1080, 255, 260, 143, 1, 5, 1
418, 2, 1081, 255, 261, 142, 1, 5, 1
419, 2, 1085, 256, 257, 141, 1, 5, 1
420, 2, 1089, 255, 256, 141, 1, 5, 1
421, 2, 1090, 253, 260, 144, 1, 5, 1
422, 2, 1093, 253, 261, 142, 1, 5, 1
423, 2, 1096, 252, 260, 141, 1, 5, 1
424, 2, 1099, 252, 258, 141, 1, 5, 1
425, 2, 1101, 252, 256, 142, 1, 5, 1
426, 2, 1102, 251, 258, 142, 1, 5, 1
427, 2, 1104, 249, 257, 143, 1, 5, 1
428, 2, 1110, 244, 253, 146, 1, 5, 1
429, 2, 1113, 243, 252, 146, 1, 5, 1
430, 2, 1114, 243, 251, 145, 1, 5, 1
431, 2, 1119, 242, 249, 146, 1, 5, 1
432, 2, 1118, 241, 253, 148, 1, 5, 1
433, 2, 1123, 241, 251, 147, 1, 5, 1
434, 2, 1127, 239, 248, 148, 1, 5, 1
435, 2, 1129, 238, 248, 147, 1, 5, 1
436, 2, 1132, 237, 245, 149, 1, 5, 1
437, 2, 1133, 235, 246, 151, 1, 5, 1
438, 2, 1139, 234, 241, 150, 1, 5, 1
439, 2, 1136, 234, 246, 149, 1, 5, 1
440, 2, 1142, 232, 243, 152, 1, 5, 1
441, 2, 1147, 232, 237, 151, 1, 5, 1
442, 2, 1144, 230, 242, 152, 1, 5, 1
443, 2, 1151, 229, 236, 151, 1, 5, 1
444, 2, 1154, 228, 234, 152, 1, 5, 1
445, 2, 1155, 228, 236, 152, 1, 5, 1
446, 2, 1158, 228, 234, 150, 1, 5, 1
447, 2, 1163, 226, 232, 151, 1, 5, 1
448, 2, 1163, 225, 235, 153, 1, 5, 1
449, 2, 1170, 223, 229, 152, 1, 5, 1
450, 2, 1170, 220, 232, 154, 1, 5, 1
451, 2, 1175, 220, 226, 154, 1, 5, 1
452, 2, 1178, 220, 224, 152, 1, 5, 1
453, 2, 1182, 219, 222, 153, 1, 5, 1
454, 2, 1184, 218, 220, 153, 1, 5, 1
455, 2, 1185, 217, 221, 154, 1, 5, 1
456, 2, 1188, 217, 220, 154, 1, 5, 1
457, 2, 1193, 216, 215, 155, 1, 5, 1
458, 2, 1194, 214, 215, 155, 1, 5, 1
459, 2, 1194, 213, 218, 155, 1, 5, 1
460, 2, 1195, 213, 220, 156, 1, 5, 1
461, 2, 1200, 212, 216, 155, 1, 5, 1
462, 2, 1202, 212, 216, 155, 1, 5, 1
463, 2, 1206, 212, 217, 152, 1, 5, 1
464, 2, 1206, 210, 218, 153, 1, 5, 1
465, 2, 1213, 210, 212, 153, 1, 5, 1
466, 2, 1214, 211, 213, 150, 1, 5, 1
467, 2, 1215, 208, 214, 151, 1, 5, 1
468, 2, 1213, 207, 217, 151, 1, 5, 1
469, 2, 1217, 207, 216, 150, 1, 5, 1
470, 2, 1219, 205, 216, 149, 1, 5, 1
471, 2, 1222, 205, 215, 152, 1, 5, 1
472, 2, 1221, 204, 219, 153, 1, 5, 1
473, 2, 1224, 203, 217, 150, 1, 5, 1
474, 2, 1229, 202, 214, 151, 1, 5, 1
475, 2, 1231, 200, 214, 150, 1, 5, 1
476, 2, 1234, 200, 213, 150, 1, 5, 1
477, 2, 1237, 199, 211, 149, 1, 5, 1
478, 2, 1238, 198, 211, 149, 1, 5, 1
479, 2, 1240, 197, 212, 150, 1, 5, 1
480, 2, 1241, 197, 212, 150, 1, 5, 1
481, 2, 1241, 195, 214, 151, 1, 5, 1
482, 2, 1241, 194, 214, 149, 1, 5, 1
483, 2, 1244, 195, 215, 147, 1, 5, 1
484, 2, 1251, 193, 210, 146, 1, 5, 1
485, 2, 1256, 193, 208, 146, 1, 5, 1
486, 2, 1257, 192, 210, 146, 1, 5, 1
487, 2, 1259, 191, 208, 147, 1, 5, 1
488, 2, 1262, 190, 207, 145, 1, 5, 1
489, 2, 1261, 190, 210, 145, 1, 5, 1
490, 2, 1265, 188, 207, 145, 1, 5, 1
491, 2, 1269, 187, 204, 146, 1, 5, 1
492, 2, 1270, 185, 206, 148, 1, 5, 1
493, 2, 1272, 184, 205, 148, 1, 5, 1
494, 2, 1274, 184, 205, 146, 1, 5, 1
495, 2, 1276, 183, 206, 146, 1, 5, 1
496, 2, 1279, 182, 204, 147, 1, 5, 1
497, 2, 1280, 180, 204, 148, 1, 5, 1
498, 2, 1281, 180, 205, 146, 1, 5, 1
499, 2, 1287, 178, 201, 147, 1, 5, 1
500, 2, 1287, 175, 203, 150, 1, 5, 1
501, 2, 1293, 174, 199, 149, 1, 5, 1
502, 2, 1294, 175, 200, 148, 1, 5, 1
503, 2, 1295, 175, 201, 148, 1, 5, 1
504, 2, 1295, 173, 200, 149, 1, 5, 1
505, 2, 1302, 172, 196, 148, 1, 5, 1
506, 2, 1304, 172, 196, 146, 1, 5, 1
507, 2, 1304, 171, 196, 148, 1, 5, 1
508, 2, 1309, 171, 195, 144, 1, 5, 1
509, 2, 1309, 170, 195, 144, 1, 5, 1
510, 2, 1312, 169, 194, 144, 1, 5, 1
511, 2, 1315, 169, 195, 144, 1, 5, 1
512, 2, 1317, 168, 196, 144, 1, 5, 1
513, 2, 1320, 166, 194, 146, 1, 5, 1
514, 2, 1321, 165, 194, 147, 1, 5, 1
515, 2, 1322, 164, 195, 147, 1, 5, 1
516, 2, 1322, 162, 196, 149, 1, 5, 1
517, 2, 1327, 163, 193, 146, 1, 5, 1
518, 2, 1329, 162, 192, 146, 1, 5, 1
519, 2, 1330, 162, 194, 145, 1, 5, 1
520, 2, 1334, 162, 192, 145, 1, 5, 1
521, 2, 1340, 160, 189, 148, 1, 5, 1
522, 2, 1340, 160, 188, 144, 1, 5, 1
523, 2, 1342, 159, 188, 144, 1, 5, 1
524, 2, 1341, 159, 191, 144, 1, 5, 1
525, 2, 1344, 159, 189, 144, 1, 5, 1
526, 2, 1347, 158, 189, 145, 1, 5, 1
527, 2, 1350, 158, 187, 143, 1, 5, 1
528, 2, 1352, 156, 185, 145, 1, 5, 1
529, 2, 1353, 156, 187, 143, 1, 5, 1
530, 2, 1355, 155, 186, 143, 1, 5, 1
531, 2, 1356, 154, 186, 143, 1, 5, 1
532, 2, 1356, 153, 186, 144, 1, 5, 1
533, 2, 1359, 152, 185, 142, 1, 5, 1
534, 2, 1361, 152, 184, 142, 1, 5, 1
535, 2, 1361, 151, 187, 140, 1, 5, 1
536, 2, 1364, 151, 185, 140, 1, 5, 1
537, 2, 1363, 150, 186, 138, 1, 5, 1
538, 2, 1367, 150, 184, 138, 1, 5, 1
539, 2, 1370, 149, 183, 138, 1, 5, 1
540, 2, 1370, 148, 185, 137, 1, 5, 1
541, 2, 1373, 147, 183, 138, 1, 5, 1
542, 2, 1374, 147, 185, 137, 1, 5, 1
543, 2, 1375, 147, 185, 136, 1, 5, 1
544, 2, 1376, 146, 186, 138, 1, 5, 1
545, 2, 1379, 146, 182, 137, 1, 5, 1
546, 2, 1379, 144, 184, 138, 1, 5, 1
547, 2, 1381, 143, 183, 137, 1, 5, 1
548, 2, 1383, 143, 183, 138, 1, 5, 1
549, 2, 1383, 142, 182, 137, 1, 5, 1
550, 2, 1387, 141, 180, 137, 1, 5, 1
551, 2, 1389, 141, 182, 137, 1, 5, 1
552, 2, 1390, 140, 182, 138, 1, 5, 1
553, 2, 1390, 138, 182, 136, 1, 5, 1
554, 2, 1391, 138, 182, 135, 1, 5, 1
555, 2, 1391, 138, 185, 136, 1, 5, 1
556, 2, 1397, 138, 181, 134, 1, 5, 1
557, 2, 1396, 136, 184, 136, 1, 5, 1
558, 2, 1397, 135, 185, 135, 1, 5, 1
559, 2, 1399, 135, 183, 135, 1, 5, 1
560, 2, 1403, 134, 181, 136, 1, 5, 1
561, 2, 1403, 133, 181, 135, 1, 5, 1
562, 2, 1403, 133, 183, 134, 1, 5, 1
563, 2, 1406, 132, 180, 134, 1, 5, 1
564, 2, 1407, 132, 182, 133, 1, 5, 1
565, 2, 1408, 131, 182, 134, 1, 5, 1
566, 2, 1409, 130, 182, 135, 1, 5, 1
567, 2, 1412, 130, 181, 133, 1, 5, 1
568, 2, 1414, 128, 181, 133, 1, 5, 1
569, 2, 1416, 127, 179, 135, 1, 5, 1
570, 2, 1418, 127, 179, 133, 1, 5, 1
571, 2, 1423, 125, 176, 134, 1, 5, 1
572, 2, 1424, 126, 176, 133, 1, 5, 1
573, 2, 1425, 124, 175, 134, 1, 5, 1
574, 2, 1425, 123, 176, 136, 1, 5, 1
575, 2, 1428, 123, 177, 135, 1, 5, 1
576, 2, 1427, 123, 179, 134, 1, 5, 1
577, 2, 1429, 122, 178, 136, 1, 5, 1
578, 2, 1430, 121, 180, 137, 1, 5, 1
579, 2, 1430, 121, 178, 135, 1, 5, 1
580, 2, 1432, 120, 178, 133, 1, 5, 1
581, 2, 1431, 119, 180, 136, 1, 5, 1
582, 2, 1431, 119, 183, 135, 1, 5, 1
583, 2, 1438, 119, 177, 134, 1, 5, 1
584, 2, 1439, 119, 177, 135, 1, 5, 1
585, 2, 1442, 119, 176, 133, 1, 5, 1
586, 2, 1444, 117, 178, 134, 1, 5, 1
587, 2, 1444, 117, 178, 132, 1, 5, 1
588, 2, 1445, 116, 179, 133, 1, 5, 1
589, 2, 1447, 117, 178, 132, 1, 5, 1
590, 2, 1447, 116, 177, 133, 1, 5, 1
591, 2, 1450, 116, 177, 134, 1, 5, 1
592, 2, 1449, 116, 180, 133, 1, 5, 1
593, 2, 1453, 116, 179, 132, 1, 5, 1
594, 2, 1453, 115, 179, 133, 1, 5, 1
595, 2, 1456, 114, 178, 132, 1, 5, 1
596, 2, 1457, 114, 179, 131, 1, 5, 1
597, 2, 1458, 113, 180, 132, 1, 5, 1
598, 2, 1459, 112, 180, 133, 1, 5, 1
599, 2, 1459, 111, 181, 133, 1, 5, 1
600, 2, 1461, 111, 182, 132, 1, 5, 1
601, 2, 1464, 111, 180, 132, 1, 5, 1
602, 2, 1465, 111, 179, 130, 1, 5, 1
603, 2, 1469, 109, 177, 132, 1, 5, 1
604, 2, 1470, 110, 178, 130, 1, 5, 1
605, 2, 1469, 108, 180, 131, 1, 5, 1
606, 2, 1473, 108, 178, 127, 1, 5, 1
607, 2, 1475, 107, 178, 132, 1, 5, 1
608, 2, 1476, 106, 178, 132, 1, 5, 1
609, 2, 1476, 105, 180, 130, 1, 5, 1
610, 2, 1477, 105, 180, 129, 1, 5, 1
611, 2, 1477, 105, 181, 127, 1, 5, 1
612, 2, 1480, 104, 180, 128, 1, 5, 1
613, 2, 1481, 104, 181, 128, 1, 5, 1
614, 2, 1484, 104, 179, 128, 1, 5, 1
615, 2, 1489, 102, 176, 128, 1, 5, 1
616, 2, 1489, 102, 177, 128, 1, 5, 1
617, 2, 1491, 101, 178, 128, 1, 5, 1
618, 2, 1492, 101, 178, 128, 1, 5, 1
619, 2, 1493, 100, 180, 127, 1, 5, 1
620, 2, 1493, 100, 181, 127, 1, 5, 1
621, 2, 1494, 100, 181, 126, 1, 5, 1
622, 2, 1496, 100, 181, 126, 1, 5, 1
623, 2, 1497, 99, 181, 126, 1, 5, 1
624, 2, 1497, 98, 183, 126, 1, 5, 1
625, 2, 1499, 98, 182, 125, 1, 5, 1
626, 2, 1500, 97, 181, 125, 1, 5, 1
627, 2, 1501, 97, 182, 125, 1, 5, 1
628, 2, 1502, 96, 184, 125, 1, 5, 1
629, 2, 1500, 96, 188, 125, 1, 5, 1
630, 2, 1503, 96, 186, 125, 1, 5, 1
631, 2, 1507, 95, 184, 124, 1, 5, 1
632, 2, 1509, 95, 183, 124, 1, 5, 1
633, 2, 1503, 94, 191, 124, 1, 5, 1
634, 2, 1511, 91, 183, 126, 1, 5, 1
635, 2, 1511, 90, 184, 126, 1, 5, 1
636, 2, 1517, 89, 181, 127, 1, 5, 1
637, 2, 1514, 90, 186, 126, 1, 5, 1
638, 2, 1518, 87, 184, 129, 1, 5, 1
639, 2, 1524, 84, 179, 132, 1, 5, 1
640, 2, 1525, 84, 177, 131, 1, 5, 1
641, 2, 1524, 83, 182, 132, 1, 5, 1
642, 2, 1524, 83, 182, 132, 1, 5, 1
643, 2, 1526, 82, 183, 132, 1, 5, 1
644, 2, 1532, 84, 179, 130, 1, 5, 1
645, 2, 1531, 81, 183, 130, 1, 5, 1
646, 2, 1535, 80, 179, 131, 1, 5, 1
647, 2, 1538, 78, 178, 135, 1, 5, 1
648, 2, 1539, 76, 178, 138, 1, 5, 1
649, 2, 1540, 74, 181, 139, 1, 5, 1
650, 2, 1540, 73, 182, 139, 1, 5, 1
651, 2, 1542, 73, 181, 138, 1, 5, 1
652, 2, 1545, 72, 178, 140, 1, 5, 1
653, 2, 1550, 70, 174, 141, 1, 5, 1
654, 2, 1550, 69, 177, 142, 1, 5, 1
655, 2, 1551, 69, 177, 140, 1, 5, 1
656, 2, 1552, 68, 176, 141, 1, 5, 1
657, 2, 1554, 67, 177, 145, 1, 5, 1
658, 2, 1557, 67, 175, 143, 1, 5, 1
659, 2, 1554, 66, 179, 141, 1, 5, 1
660, 2, 1553, 66, 180, 142, 1, 5, 1
661, 2, 1557, 66, 178, 142, 1, 5, 1
662, 2, 1557, 66, 178, 140, 1, 5, 1
663, 2, 1554, 65, 184, 141, 1, 5, 1
664, 2, 1564, 63, 175, 142, 1, 5, 1
665, 2, 1566, 63, 174, 143, 1, 5, 1
666, 2, 1568, 62, 172, 142, 1, 5, 1
667, 2, 1571, 61, 173, 143, 1, 5, 1
668, 2, 1572, 60, 173, 142, 1, 5, 1
669, 2, 1574, 60, 172, 142, 1, 5, 1
670, 2, 1575, 60, 172, 142, 1, 5, 1
671, 2, 1577, 58, 174, 141, 1, 5, 1
672, 2, 1577, 58, 174, 141, 1, 5, 1
673, 2, 1581, 58, 171, 139, 1, 5, 1
674, 2, 1582, 58, 172, 138, 1, 5, 1
675, 2, 1585, 56, 170, 139, 1, 5, 1
676, 2, 1585, 57, 170, 138, 1, 5, 1
677, 2, 1584, 56, 173, 136, 1, 5, 1
678, 2, 1584, 55, 174, 136, 1, 5, 1
679, 2, 1589, 54, 169, 135, 1, 5, 1
680, 2, 1589, 53, 171, 137, 1, 5, 1
681, 2, 1594, 53, 168, 138, 1, 5, 1
682, 2, 1594, 52, 171, 137, 1, 5, 1
683, 2, 1589, 52, 176, 135, 1, 5, 1
684, 2, 1596, 52, 172, 135, 1, 5, 1
685, 2, 1594, 52, 175, 133, 1, 5, 1
686, 2, 1597, 51, 172, 136, 1, 5, 1
687, 2, 1601, 51, 171, 132, 1, 5, 1
688, 2, 1604, 51, 169, 131, 1, 5, 1
689, 2, 1605, 50, 170, 134, 1, 5, 1
690, 2, 1605, 50, 170, 132, 1, 5, 1
691, 2, 1608, 49, 168, 132, 1, 5, 1
692, 2, 1607, 50, 170, 129, 1, 5, 1
693, 2, 1608, 48, 171, 131, 1, 5, 1
694, 2, 1610, 47, 171, 130, 1, 5, 1
695, 2, 1610, 46, 171, 130, 1, 5, 1
696, 2, 1610, 46, 172, 129, 1, 5, 1
697, 2, 1614, 46, 170, 128, 1, 5, 1
698, 2, 1612, 46, 173, 128, 1, 5, 1
699, 2, 1615, 45, 171, 127, 1, 5, 1
700, 2, 1619, 44, 169, 127, 1, 5, 1
701, 2, 1619, 44, 170, 128, 1, 5, 1
702, 2, 1619, 44, 171, 128, 1, 5, 1
703, 2, 1619, 43, 171, 127, 1, 5, 1
704, 2, 1622, 42, 170, 128, 1, 5, 1
705, 2, 1625, 41, 168, 128, 1, 5, 1
706, 2, 1629, 41, 165, 127, 1, 5, 1
707, 2, 1629, 41, 167, 126, 1, 5, 1
708, 2, 1629, 39, 167, 128, 1, 5, 1
709, 2, 1630, 39, 168, 128, 1, 5, 1
710, 2, 1631, 38, 166, 124, 1, 5, 1
711, 2, 1633, 38, 167, 128, 1, 5, 1
712, 2, 1633, 37, 168, 128, 1, 5, 1
713, 2, 1634, 36, 168, 128, 1, 5, 1
714, 2, 1634, 35, 168, 130, 1, 5, 1
715, 2, 1636, 35, 168, 129, 1, 5, 1
716, 2, 1638, 35, 167, 129, 1, 5, 1
717, 2, 1639, 33, 168, 130, 1, 5, 1
718, 2, 1639, 32, 168, 131, 1, 5, 1
719, 2, 1641, 32, 167, 130, 1, 5, 1
720, 2, 1644, 33, 165, 128, 1, 5, 1
721, 2, 1645, 32, 164, 130, 1, 5, 1
722, 2, 1645, 32, 168, 130, 1, 5, 1
723, 2, 1645, 32, 169, 128, 1, 5, 1
724, 2, 1645, 31, 170, 129, 1, 5, 1
725, 2, 1646, 31, 169, 129, 1, 5, 1
726, 2, 1647, 30, 169, 129, 1, 5, 1
727, 2, 1650, 30, 168, 127, 1, 5, 1
728, 2, 1650, 30, 169, 127, 1, 5, 1
729, 2, 1652, 30, 166, 126, 1, 5, 1
730, 2, 1654, 29, 166, 128, 1, 5, 1
731, 2, 1654, 30, 167, 126, 1, 5, 1
732, 2, 1657, 30, 165, 126, 1, 5, 1
733, 2, 1658, 29, 165, 125, 1, 5, 1
734, 2, 1659, 29, 164, 125, 1, 5, 1
735, 2, 1662, 29, 161, 123, 1, 5, 1
736, 2, 1661, 27, 163, 124, 1, 5, 1
737, 2, 1663, 27, 161, 124, 1, 5, 1
738, 2, 1663, 27, 160, 124, 1, 5, 1
739, 2, 1664, 26, 161, 124, 1, 5, 1
740, 2, 1664, 25, 161, 125, 1, 5, 1
741, 2, 1666, 25, 162, 127, 1, 5, 1
742, 2, 1668, 24, 161, 126, 1, 5, 1
743, 2, 1669, 24, 161, 122, 1, 5, 1
744, 2, 1671, 23, 159, 123, 1, 5, 1
745, 2, 1670, 23, 160, 125, 1, 5, 1
746, 2, 1671, 22, 159, 125, 1, 5, 1
747, 2, 1674, 23, 157, 121, 1, 5, 1
748, 2, 1675, 22, 158, 122, 1, 5, 1
749, 2, 1678, 22, 155, 120, 1, 5, 1
750, 2, 1678, 22, 153, 120, 1, 5, 1
1, 3, 1516, 233, 288, 137, 1, 5, 1
2, 3, 1520, 232, 286, 137, 1, 5, 1
3, 3, 1521, 231, 291, 137, 1, 5, 1
4, 3, 1522, 233, 293, 136, 1, 5, 1
5, 3, 1527, 233, 292, 135, 1, 5, 1
6, 3, 1531, 232, 290, 134, 1, 5, 1
7, 3, 1533, 229, 290, 137, 1, 5, 1
8, 3, 1536, 230, 288, 137, 1, 5, 1
9, 3, 1540, 229, 289, 136, 1, 5, 1
10, 3, 1540, 230, 294, 136, 1, 5, 1
11, 3, 1542, 227, 295, 139, 1, 5, 1
12, 3, 1551, 226, 291, 140, 1, 5, 1
13, 3, 1554, 226, 290, 138, 1, 5, 1
14, 3, 1560, 225, 286, 136, 1, 5, 1
15, 3, 1566, 226, 285, 138, 1, 5, 1
16, 3, 1570, 226, 283, 136, 1, 5, 1
17, 3, 1574, 226, 282, 135, 1, 5, 1
18, 3, 1575, 224, 286, 136, 1, 5, 1
19, 3, 1577, 222, 287, 140, 1, 5, 1
20, 3, 1578, 222, 290, 138, 1, 5, 1
21, 3, 1579, 221, 292, 140, 1, 5, 1
22, 3, 1584, 221, 288, 139, 1, 5, 1
23, 3, 1586, 221, 288, 138, 1, 5, 1
24, 3, 1588, 220, 293, 139, 1, 5, 1
25, 3, 1591, 220, 293, 139, 1, 5, 1
26, 3, 1597, 220, 293, 139, 1, 5, 1
27, 3, 1600, 218, 290, 140, 1, 5, 1
28, 3, 1600, 217, 294, 142, 1, 5, 1
29, 3, 1606, 219, 289, 140, 1, 5, 1
30, 3, 1610, 217, 289, 141, 1, 5, 1
31, 3, 1610, 218, 292, 140, 1, 5, 1
32, 3, 1613, 217, 291, 141, 1, 5, 1
33, 3, 1618, 218, 290, 139, 1, 5, 1
34, 3, 1622, 217, 289, 140, 1, 5, 1
35, 3, 1624, 217, 290, 140, 1, 5, 1
36, 3, 1627, 218, 288, 138, 1, 5, 1
37, 3, 1630, 218, 286, 139, 1, 5, 1
38, 3, 1634, 219, 281, 136, 1, 5, 1
39, 3, 1634, 220, 282, 135, 1, 5, 1
40, 3, 1637, 220, 280, 135, 1, 5, 1
41, 3, 1643, 218, 276, 138, 1, 5, 1
42, 3, 1643, 218, 276, 138, 1, 5, 1
43, 3, 1643, 218, 276, 138, 1, 5, 1
44, 3, 1648, 214, 271, 138, 1, 5, 1
45, 3, 1648, 214, 271, 138, 1, 5, 1
46, 3, 1652, 212, 267, 138, 1, 5, 1
47, 3, 1652, 212, 267, 138, 1, 5, 1
48, 3, 1657, 212, 262, 138, 1, 5, 1
49, 3, 1657, 212, 262, 138, 1, 5, 1
50, 3, 1666, 212, 253, 138, 1, 5, 1
51, 3, 1671, 212, 245, 138, 1, 5, 1
52, 3, 1673, 210, 246, 138, 1, 5, 1
53, 3, 1677, 210, 242, 138, 1, 5, 1
54, 3, 1678, 211, 239, 138, 1, 5, 1
55, 3, 1682, 210, 237, 138, 1, 5, 1
56, 3, 1685, 209, 232, 138, 1, 5, 1
57, 3, 1685, 209, 232, 138, 1, 5, 1
58, 3, 1691, 208, 224, 138, 1, 5, 1
59, 3, 1691, 208, 224, 138, 1, 5, 1
60, 3, 1697, 208, 222, 138, 1, 5, 1
61, 3, 1700, 206, 218, 138, 1, 5, 1
62, 3, 1700, 206, 218, 138, 1, 5, 1
63, 3, 1704, 206, 213, 138, 1, 5, 1
64, 3, 1704, 206, 213, 138, 1, 5, 1
65, 3, 1704, 206, 213, 138, 1, 5, 1
66, 3, 1714, 206, 203, 138, 1, 5, 1
67, 3, 1717, 204, 202, 139, 1, 5, 1
68, 3, 1717, 204, 202, 139, 1, 5, 1
69, 3, 1722, 204, 197, 138, 1, 5, 1
70, 3, 1722, 204, 197, 138, 1, 5, 1
71, 3, 1728, 204, 191, 138, 1, 5, 1
72, 3, 1733, 203, 186, 138, 1, 5, 1
73, 3, 1733, 203, 186, 138, 1, 5, 1
74, 3, 1737, 203, 181, 138, 1, 5, 1
75, 3, 1743, 207, 176, 138, 1, 5, 1
76, 3, 1743, 207, 176, 138, 1, 5, 1
77, 3, 1743, 204, 176, 138, 1, 5, 1
78, 3, 1747, 220, 172, 124, 1, 5, 1
79, 3, 1747, 220, 172, 124, 1, 5, 1
80, 3, 1747, 220, 172, 124, 1, 5, 1
81, 3, 1759, 220, 160, 124, 1, 5, 1
82, 3, 1765, 222, 153, 121, 1, 5, 1
83, 3, 1768, 221, 151, 121, 1, 5, 1
84, 3, 1772, 221, 141, 120, 1, 5, 1
85, 3, 1774, 221, 140, 120, 1, 5, 1
86, 3, 1777, 220, 140, 121, 1, 5, 1
87, 3, 1777, 220, 140, 121, 1, 5, 1
88, 3, 1782, 219, 134, 121, 1, 5, 1
89, 3, 1782, 219, 134, 121, 1, 5, 1
90, 3, 1788, 217, 127, 122, 1, 5, 1
91, 3, 1788, 217, 127, 122, 1, 5, 1
92, 3, 1792, 217, 124, 121, 1, 5, 1
93, 3, 1795, 219, 124, 120, 1, 5, 1
94, 3, 1795, 219, 124, 120, 1, 5, 1
95, 3, 1796, 217, 123, 121, 1, 5, 1
96, 3, 1796, 217, 123, 121, 1, 5, 1
97, 3, 1797, 221, 116, 117, 1, 5, 1
98, 3, 1803, 221, 116, 117, 1, 5, 1
99, 3, 1808, 218, 110, 117, 1, 5, 1
100, 3, 1808, 218, 110, 117, 1, 5, 1
101, 3, 1811, 218, 108, 117, 1, 5, 1
102, 3, 1815, 217, 102, 118, 1, 5, 1
103, 3, 1818, 217, 101, 118, 1, 5, 1
104, 3, 1822, 221, 93, 114, 1, 5, 1
105, 3, 1826, 221, 92, 114, 1, 5, 1
106, 3, 1826, 221, 92, 114, 1, 5, 1
107, 3, 1828, 219, 91, 114, 1, 5, 1
108, 3, 1831, 221, 87, 114, 1, 5, 1
109, 3, 1831, 221, 87, 114, 1, 5, 1
110, 3, 1833, 217, 86, 114, 1, 5, 1
111, 3, 1838, 217, 78, 114, 1, 5, 1
112, 3, 1838, 217, 78, 114, 1, 5, 1
113, 3, 1842, 216, 77, 114, 1, 5, 1
114, 3, 1846, 217, 71, 113, 1, 5, 1
115, 3, 1849, 215, 70, 113, 1, 5, 1
116, 3, 1849, 215, 70, 113, 1, 5, 1
117, 3, 1849, 213, 70, 114, 1, 5, 1
118, 3, 1857, 219, 60, 107, 1, 5, 1