1, 1, 2078, 475, 187, 236, 1, 10, 1
2, 1, 2078, 475, 187, 236, 1, 10, 1
3, 1, 2078, 475, 187, 236, 1, 10, 1
4, 1, 2078, 475, 187, 236, 1, 10, 1
5, 1, 2078, 475, 187, 236, 1, 10, 1
6, 1, 2078, 475, 187, 236, 1, 10, 1
7, 1, 2078, 475, 187, 236, 1, 10, 1
8, 1, 2078, 475, 187, 236, 1, 10, 1
9, 1, 2078, 475, 187, 236, 1, 10, 1
10, 1, 2078, 475, 187, 236, 1, 10, 1
11, 1, 2078, 475, 187, 236, 1, 10, 1
12, 1, 2078, 475, 187, 236, 1, 10, 1
13, 1, 2078, 475, 187, 236, 1, 10, 1
14, 1, 2078, 475, 187, 236, 1, 10, 1
15, 1, 2078, 475, 187, 236, 1, 10, 1
16, 1, 2078, 475, 187, 236, 1, 10, 1
17, 1, 2078, 475, 187, 236, 1, 10, 1
18, 1, 2078, 475, 187, 236, 1, 10, 1
19, 1, 2078, 475, 187, 236, 1, 10, 1
20, 1, 2078, 475, 187, 236, 1, 10, 1
21, 1, 2078, 475, 187, 236, 1, 10, 1
22, 1, 2078, 475, 187, 236, 1, 10, 1
23, 1, 2078, 475, 187, 236, 1, 10, 1
24, 1, 2078, 475, 187, 236, 1, 10, 1
25, 1, 2078, 475, 187, 236, 1, 10, 1
26, 1, 2078, 475, 187, 236, 1, 10, 1
27, 1, 2078, 475, 187, 236, 1, 10, 1
28, 1, 2078, 475, 187, 236, 1, 10, 1
29, 1, 2078, 475, 187, 236, 1, 10, 1
30, 1, 2078, 475, 187, 236, 1, 10, 1
31, 1, 2078, 475, 187, 236, 1, 10, 1
32, 1, 2078, 475, 187, 236, 1, 10, 1
33, 1, 2078, 475, 187, 236, 1, 10, 1
34, 1, 2078, 475, 187, 236, 1, 10, 1
35, 1, 2078, 475, 187, 236, 1, 10, 1
36, 1, 2078, 475, 187, 236, 1, 10, 1
37, 1, 2078, 475, 187, 236, 1, 10, 1
38, 1, 2078, 475, 187, 236, 1, 10, 1
39, 1, 2078, 475, 187, 236, 1, 10, 1
40, 1, 2078, 475, 187, 236, 1, 10, 1
41, 1, 2078, 475, 187, 236, 1, 10, 1
42, 1, 2078, 475, 187, 236, 1, 10, 1
43, 1, 2078, 475, 187, 236, 1, 10, 1
44, 1, 2078, 475, 187, 236, 1, 10, 1
45, 1, 2078, 475, 187, 236, 1, 10, 1
46, 1, 2078, 475, 187, 236, 1, 10, 1
47, 1, 2078, 475, 187, 236, 1, 10, 1
48, 1, 2078, 475, 187, 236, 1, 10, 1
49, 1, 2078, 475, 187, 236, 1, 10, 1
50, 1, 2078, 475, 187, 236, 1, 10, 1
51, 1, 2078, 475, 187, 236, 1, 10, 1
52, 1, 2078, 475, 187, 236, 1, 10, 1
53, 1, 2078, 475, 187, 236, 1, 10, 1
54, 1, 2078, 475, 187, 236, 1, 10, 1
55, 1, 2078, 475, 187, 236, 1, 10, 1
56, 1, 2078, 475, 187, 236, 1, 10, 1
57, 1, 2078, 475, 187, 236, 1, 10, 1
58, 1, 2078, 475, 187, 236, 1, 10, 1
59, 1, 2078, 475, 187, 236, 1, 10, 1
60, 1, 2078, 475, 187, 236, 1, 10, 1
61, 1, 2078, 475, 187, 236, 1, 10, 1
62, 1, 2078, 475, 187, 236, 1, 10, 1
63, 1, 2078, 475, 187, 236, 1, 10, 1
64, 1, 2078, 475, 187, 236, 1, 10, 1
65, 1, 2078, 475, 187, 236, 1, 10, 1
66, 1, 2078, 475, 187, 236, 1, 10, 1
67, 1, 2078, 475, 187, 236, 1, 10, 1
68, 1, 2078, 475, 187, 236, 1, 10, 1
69, 1, 2078, 475, 187, 236, 1, 10, 1
70, 1, 2078, 475, 187, 236, 1, 10, 1
71, 1, 2078, 475, 187, 236, 1, 10, 1
72, 1, 2078, 475, 187, 236, 1, 10, 1
73, 1, 2078, 475, 187, 236, 1, 10, 1
74, 1, 2078, 475, 187, 236, 1, 10, 1
75, 1, 2078, 475, 187, 236, 1, 10, 1
76, 1, 2078, 475, 187, 236, 1, 10, 1
77, 1, 2078, 475, 187, 236, 1, 10, 1
78, 1, 2078, 475, 187, 236, 1, 10, 1
79, 1, 2078, 475, 187, 236, 1, 10, 1
80, 1, 2078, 475, 187, 236, 1, 10, 1
81, 1, 2078, 475, 187, 236, 1, 10, 1
82, 1, 2078, 475, 187, 236, 1, 10, 1
83, 1, 2078, 475, 187, 236, 1, 10, 1
84, 1, 2078, 475, 187, 236, 1, 10, 1
85, 1, 2078, 475, 187, 236, 1, 10, 1
86, 1, 2078, 475, 187, 236, 1, 10, 1
87, 1, 2078, 475, 187, 236, 1, 10, 1
88, 1, 2078, 475, 187, 236, 1, 10, 1
89, 1, 2078, 475, 187, 236, 1, 10, 1
90, 1, 2078, 475, 187, 236, 1, 10, 1
91, 1, 2078, 475, 187, 236, 1, 10, 1
92, 1, 2078, 475, 187, 236, 1, 10, 1
93, 1, 2078, 475, 187, 236, 1, 10, 1
94, 1, 2078, 475, 187, 236, 1, 10, 1
95, 1, 2078, 475, 187, 236, 1, 10, 1
96, 1, 2078, 475, 187, 236, 1, 10, 1
97, 1, 2078, 475, 187, 236, 1, 10, 1
98, 1, 2078, 475, 187, 236, 1, 10, 1
99, 1, 2078, 475, 187, 236, 1, 10, 1
100, 1, 2078, 475, 187, 236, 1, 10, 1
101, 1, 2078, 475, 187, 236, 1, 10, 1
102, 1, 2078, 475, 187, 236, 1, 10, 1
103, 1, 2078, 475, 187, 236, 1, 10, 1
104, 1, 2078, 475, 187, 236, 1, 10, 1
105, 1, 2078, 475, 187, 236, 1, 10, 1
106, 1, 2078, 475, 187, 236, 1, 10, 1
107, 1, 2078, 475, 187, 236, 1, 10, 1
108, 1, 2078, 475, 187, 236, 1, 10, 1
109, 1, 2078, 475, 187, 236, 1, 10, 1
110, 1, 2078, 475, 187, 236, 1, 10, 1
111, 1, 2078, 475, 187, 236, 1, 10, 1
112, 1, 2078, 475, 187, 236, 1, 10, 1
113, 1, 2078, 475, 187, 236, 1, 10, 1
114, 1, 2078, 475, 187, 236, 1, 10, 1
115, 1, 2078, 475, 187, 236, 1, 10, 1
116, 1, 2078, 475, 187, 236, 1, 10, 1
117, 1, 2078, 475, 187, 236, 1, 10, 1
118, 1, 2078, 475, 187, 236, 1, 10, 1
119, 1, 2078, 475, 187, 236, 1, 10, 1
120, 1, 2078, 475, 187, 236, 1, 10, 1
121, 1, 2078, 475, 187, 236, 1, 10, 1
122, 1, 2078, 475, 187, 236, 1, 10, 1
123, 1, 2078, 475, 187, 236, 1, 10, 1
124, 1, 2078, 475, 187, 236, 1, 10, 1
125, 1, 2078, 475, 187, 236, 1, 10, 1
126, 1, 2078, 475, 187, 236, 1, 10, 1
127, 1, 2078, 475, 187, 236, 1, 10, 1
128, 1, 2078, 475, 187, 236, 1, 10, 1
129, 1, 2078, 475, 187, 236, 1, 10, 1
130, 1, 2078, 475, 187, 236, 1, 10, 1
131, 1, 2078, 475, 187, 236, 1, 10, 1
132, 1, 2078, 475, 187, 236, 1, 10, 1
133, 1, 2078, 475, 187, 236, 1, 10, 1
134, 1, 2078, 475, 187, 236, 1, 10, 1
135, 1, 2078, 475, 187, 236, 1, 10, 1
136, 1, 2078, 475, 187, 236, 1, 10, 1
137, 1, 2078, 475, 187, 236, 1, 10, 1
138, 1, 2078, 475, 187, 236, 1, 10, 1
139, 1, 2078, 475, 187, 236, 1, 10, 1
140, 1, 2078, 475, 187, 236, 1, 10, 1
141, 1, 2078, 475, 187, 236, 1, 10, 1
142, 1, 2078, 475, 187, 236, 1, 10, 1
143, 1, 2078, 475, 187, 236, 1, 10, 1
144, 1, 2078, 475, 187, 236, 1, 10, 1
145, 1, 2078, 475, 187, 236, 1, 10, 1
146, 1, 2078, 475, 187, 236, 1, 10, 1
147, 1, 2078, 475, 187, 236, 1, 10, 1
148, 1, 2078, 475, 187, 236, 1, 10, 1
149, 1, 2078, 475, 187, 236, 1, 10, 1
150, 1, 2078, 475, 187, 236, 1, 10, 1
151, 1, 2078, 475, 187, 236, 1, 10, 1
152, 1, 2078, 475, 187, 236, 1, 10, 1
153, 1, 2078, 475, 187, 236, 1, 10, 1
154, 1, 2078, 475, 187, 236, 1, 10, 1
155, 1, 2078, 475, 187, 236, 1, 10, 1
156, 1, 2078, 475, 187, 236, 1, 10, 1
157, 1, 2078, 475, 187, 236, 1, 10, 1
158, 1, 2078, 475, 187, 236, 1, 10, 1
159, 1, 2078, 475, 187, 236, 1, 10, 1
160, 1, 2078, 475, 187, 236, 1, 10, 1
161, 1, 2078, 475, 187, 236, 1, 10, 1
162, 1, 2078, 475, 187, 236, 1, 10, 1
163, 1, 2078, 475, 187, 236, 1, 10, 1
164, 1, 2078, 475, 187, 236, 1, 10, 1
165, 1, 2078, 475, 187, 236, 1, 10, 1
166, 1, 2078, 475, 187, 236, 1, 10, 1
167, 1, 2078, 475, 187, 236, 1, 10, 1
168, 1, 2078, 475, 187, 236, 1, 10, 1
169, 1, 2078, 475, 187, 236, 1, 10, 1
170, 1, 2078, 475, 187, 236, 1, 10, 1
171, 1, 2078, 475, 187, 236, 1, 10, 1
172, 1, 2078, 475, 187, 236, 1, 10, 1
173, 1, 2078, 475, 187, 236, 1, 10, 1
174, 1, 2078, 475, 187, 236, 1, 10, 1
175, 1, 2078, 475, 187, 236, 1, 10, 1
176, 1, 2078, 475, 187, 236, 1, 10, 1
177, 1, 2078, 475, 187, 236, 1, 10, 1
178, 1, 2078, 475, 187, 236, 1, 10, 1
179, 1, 2078, 475, 187, 236, 1, 10, 1
180, 1, 2078, 475, 187, 236, 1, 10, 1
181, 1, 2078, 475, 187, 236, 1, 10, 1
182, 1, 2078, 475, 187, 236, 1, 10, 1
183, 1, 2078, 475, 187, 236, 1, 10, 1
184, 1, 2078, 475, 187, 236, 1, 10, 1
185, 1, 2078, 475, 187, 236, 1, 10, 1
186, 1, 2078, 475, 187, 236, 1, 10, 1
187, 1, 2078, 475, 187, 236, 1, 10, 1
188, 1, 2078, 475, 187, 236, 1, 10, 1
189, 1, 2078, 475, 187, 236, 1, 10, 1
190, 1, 2078, 475, 187, 236, 1, 10, 1
191, 1, 2078, 475, 187, 236, 1, 10, 1
192, 1, 2078, 475, 187, 236, 1, 10, 1
193, 1, 2078, 475, 187, 236, 1, 10, 1
194, 1, 2078, 475, 187, 236, 1, 10, 1
195, 1, 2078, 475, 187, 236, 1, 10, 1
196, 1, 2078, 475, 187, 236, 1, 10, 1
197, 1, 2078, 475, 187, 236, 1, 10, 1
198, 1, 2078, 475, 187, 236, 1, 10, 1
199, 1, 2078, 475, 187, 236, 1, 10, 1
200, 1, 2078, 475, 187, 236, 1, 10, 1
201, 1, 2078, 475, 187, 236, 1, 10, 1
202, 1, 2078, 475, 187, 236, 1, 10, 1
203, 1, 2078, 475, 187, 236, 1, 10, 1
204, 1, 2078, 475, 187, 236, 1, 10, 1
205, 1, 2078, 475, 187, 236, 1, 10, 1
206, 1, 2078, 475, 187, 236, 1, 10, 1
207, 1, 2078, 475, 187, 236, 1, 10, 1
208, 1, 2078, 475, 187, 236, 1, 10, 1
209, 1, 2078, 475, 187, 236, 1, 10, 1
210, 1, 2078, 475, 187, 236, 1, 10, 1
211, 1, 2078, 475, 187, 236, 1, 10, 1
212, 1, 2078, 475, 187, 236, 1, 10, 1
213, 1, 2078, 475, 187, 236, 1, 10, 1
214, 1, 2078, 475, 187, 236, 1, 10, 1
215, 1, 2078, 475, 187, 236, 1, 10, 1
216, 1, 2078, 475, 187, 236, 1, 10, 1
217, 1, 2078, 475, 187, 236, 1, 10, 1
218, 1, 2078, 475, 187, 236, 1, 10, 1
219, 1, 2078, 475, 187, 236, 1, 10, 1
220, 1, 2078, 475, 187, 236, 1, 10, 1
221, 1, 2078, 475, 187, 236, 1, 10, 1
222, 1, 2078, 475, 187, 236, 1, 10, 1
223, 1, 2078, 475, 187, 236, 1, 10, 1
224, 1, 2078, 475, 187, 236, 1, 10, 1
225, 1, 2078, 475, 187, 236, 1, 10, 1
226, 1, 2078, 475, 187, 236, 1, 10, 1
227, 1, 2078, 475, 187, 236, 1, 10, 1
228, 1, 2078, 475, 187, 236, 1, 10, 1
229, 1, 2078, 475, 187, 236, 1, 10, 1
230, 1, 2078, 475, 187, 236, 1, 10, 1
231, 1, 2078, 475, 187, 236, 1, 10, 1
232, 1, 2078, 475, 187, 236, 1, 10, 1
233, 1, 2078, 475, 187, 236, 1, 10, 1
234, 1, 2078, 475, 187, 236, 1, 10, 1
235, 1, 2078, 475, 187, 236, 1, 10, 1
236, 1, 2078, 475, 187, 236, 1, 10, 1
237, 1, 2078, 475, 187, 236, 1, 10, 1
238, 1, 2078, 475, 187, 236, 1, 10, 1
239, 1, 2078, 475, 187, 236, 1, 10, 1
240, 1, 2078, 475, 187, 236, 1, 10, 1
241, 1, 2078, 475, 187, 236, 1, 10, 1
242, 1, 2078, 475, 187, 236, 1, 10, 1
243, 1, 2078, 475, 187, 236, 1, 10, 1
244, 1, 2078, 475, 187, 236, 1, 10, 1
245, 1, 2078, 475, 187, 236, 1, 10, 1
246, 1, 2078, 475, 187, 236, 1, 10, 1
247, 1, 2078, 475, 187, 236, 1, 10, 1
248, 1, 2078, 475, 187, 236, 1, 10, 1
249, 1, 2078, 475, 187, 236, 1, 10, 1
250, 1, 2078, 475, 187, 236, 1, 10, 1
251, 1, 2078, 475, 187, 236, 1, 10, 1
252, 1, 2078, 475, 187, 236, 1, 10, 1
253, 1, 2078, 475, 187, 236, 1, 10, 1
254, 1, 2078, 475, 187, 236, 1, 10, 1
255, 1, 2078, 475, 187, 236, 1, 10, 1
256, 1, 2078, 475, 187, 236, 1, 10, 1
257, 1, 2078, 475, 187, 236, 1, 10, 1
258, 1, 2078, 475, 187, 236, 1, 10, 1
259, 1, 2078, 475, 187, 236, 1, 10, 1
260, 1, 2078, 475, 187, 236, 1, 10, 1
261, 1, 2078, 475, 187, 236, 1, 10, 1
262, 1, 2078, 475, 187, 236, 1, 10, 1
263, 1, 2078, 475, 187, 236, 1, 10, 1
264, 1, 2078, 475, 187, 236, 1, 10, 1
265, 1, 2078, 475, 187, 236, 1, 10, 1
266, 1, 2078, 475, 187, 236, 1, 10, 1
267, 1, 2078, 475, 187, 236, 1, 10, 1
268, 1, 2078, 475, 187, 236, 1, 10, 1
269, 1, 2078, 475, 187, 236, 1, 10, 1
270, 1, 2078, 475, 187, 236, 1, 10, 1
271, 1, 2078, 475, 187, 236, 1, 10, 1
272, 1, 2078, 475, 187, 236, 1, 10, 1
273, 1, 2078, 475, 187, 236, 1, 10, 1
274, 1, 2078, 475, 187, 236, 1, 10, 1
275, 1, 2078, 475, 187, 236, 1, 10, 1
276, 1, 2078, 475, 187, 236, 1, 10, 1
277, 1, 2078, 475, 187, 236, 1, 10, 1
278, 1, 2078, 475, 187, 236, 1, 10, 1
279, 1, 2078, 475, 187, 236, 1, 10, 1
280, 1, 2078, 475, 187, 236, 1, 10, 1
281, 1, 2078, 475, 187, 236, 1, 10, 1
282, 1, 2078, 475, 187, 236, 1, 10, 1
283, 1, 2078, 475, 187, 236, 1, 10, 1
284, 1, 2078, 475, 187, 236, 1, 10, 1
285, 1, 2078, 475, 187, 236, 1, 10, 1
286, 1, 2078, 475, 187, 236, 1, 10, 1
287, 1, 2078, 475, 187, 236, 1, 10, 1
288, 1, 2078, 475, 187, 236, 1, 10, 1
289, 1, 2078, 475, 187, 236, 1, 10, 1
290, 1, 2078, 475, 187, 236, 1, 10, 1
291, 1, 2078, 475, 187, 236, 1, 10, 1
292, 1, 2078, 475, 187, 236, 1, 10, 1
293, 1, 2078, 475, 187, 236, 1, 10, 1
294, 1, 2078, 475, 187, 236, 1, 10, 1
295, 1, 2078, 475, 187, 236, 1, 10, 1
296, 1, 2078, 475, 187, 236, 1, 10, 1
297, 1, 2078, 475, 187, 236, 1, 10, 1
298, 1, 2078, 475, 187, 236, 1, 10, 1
299, 1, 2078, 475, 187, 236, 1, 10, 1
300, 1, 2078, 475, 187, 236, 1, 10, 1
301, 1, 2078, 475, 187, 236, 1, 10, 1
302, 1, 2078, 475, 187, 236, 1, 10, 1
303, 1, 2078, 475, 187, 236, 1, 10, 1
304, 1, 2078, 475, 187, 236, 1, 10, 1
305, 1, 2078, 475, 187, 236, 1, 10, 1
306, 1, 2078, 475, 187, 236, 1, 10, 1
307, 1, 2078, 475, 187, 236, 1, 10, 1
308, 1, 2078, 475, 187, 236, 1, 10, 1
309, 1, 2078, 475, 187, 236, 1, 10, 1
310, 1, 2078, 475, 187, 236, 1, 10, 1
311, 1, 2078, 475, 187, 236, 1, 10, 1
312, 1, 2078, 475, 187, 236, 1, 10, 1
313, 1, 2078, 475, 187, 236, 1, 10, 1
314, 1, 2078, 475, 187, 236, 1, 10, 1
315, 1, 2078, 475, 187, 236, 1, 10, 1
316, 1, 2078, 475, 187, 236, 1, 10, 1
317, 1, 2078, 475, 187, 236, 1, 10, 1
318, 1, 2078, 475, 187, 236, 1, 10, 1
319, 1, 2078, 475, 187, 236, 1, 10, 1
320, 1, 2078, 475, 187, 236, 1, 10, 1
321, 1, 2078, 475, 187, 236, 1, 10, 1
322, 1, 2078, 475, 187, 236, 1, 10, 1
323, 1, 2078, 475, 187, 236, 1, 10, 1
324, 1, 2078, 475, 187, 236, 1, 10, 1
325, 1, 2078, 475, 187, 236, 1, 10, 1
326, 1, 2078, 475, 187, 236, 1, 10, 1
327, 1, 2078, 475, 187, 236, 1, 10, 1
328, 1, 2078, 475, 187, 236, 1, 10, 1
329, 1, 2078, 475, 187, 236, 1, 10, 1
330, 1, 2078, 475, 187, 236, 1, 10, 1
331, 1, 2078, 475, 187, 236, 1, 10, 1
332, 1, 2078, 475, 187, 236, 1, 10, 1
333, 1, 2078, 475, 187, 236, 1, 10, 1
334, 1, 2078, 475, 187, 236, 1, 10, 1
335, 1, 2078, 475, 187, 236, 1, 10, 1
336, 1, 2078, 475, 187, 236, 1, 10, 1
337, 1, 2078, 475, 187, 236, 1, 10, 1
338, 1, 2078, 475, 187, 236, 1, 10, 1
339, 1, 2078, 475, 187, 236, 1, 10, 1
340, 1, 2078, 475, 187, 236, 1, 10, 1
341, 1, 2078, 475, 187, 236, 1, 10, 1
342, 1, 2078, 475, 187, 236, 1, 10, 1
343, 1, 2078, 475, 187, 236, 1, 10, 1
344, 1, 2078, 475, 187, 236, 1, 10, 1
345, 1, 2078, 475, 187, 236, 1, 10, 1
346, 1, 2078, 475, 187, 236, 1, 10, 1
347, 1, 2078, 475, 187, 236, 1, 10, 1
348, 1, 2078, 475, 187, 236, 1, 10, 1
349, 1, 2078, 475, 187, 236, 1, 10, 1
350, 1, 2078, 475, 187, 236, 1, 10, 1
351, 1, 2078, 475, 187, 236, 1, 10, 1
352, 1, 2078, 475, 187, 236, 1, 10, 1
353, 1, 2078, 475, 187, 236, 1, 10, 1
354, 1, 2078, 475, 187, 236, 1, 10, 1
355, 1, 2078, 475, 187, 236, 1, 10, 1
356, 1, 2078, 475, 187, 236, 1, 10, 1
357, 1, 2078, 475, 187, 236, 1, 10, 1
358, 1, 2078, 475, 187, 236, 1, 10, 1
359, 1, 2078, 475, 187, 236, 1, 10, 1
360, 1, 2078, 475, 187, 236, 1, 10, 1
361, 1, 2078, 475, 187, 236, 1, 10, 1
362, 1, 2078, 475, 187, 236, 1, 10, 1
363, 1, 2078, 475, 187, 236, 1, 10, 1
364, 1, 2078, 475, 187, 236, 1, 10, 1
365, 1, 2078, 475, 187, 236, 1, 10, 1
366, 1, 2078, 475, 187, 236, 1, 10, 1
367, 1, 2078, 475, 187, 236, 1, 10, 1
368, 1, 2078, 475, 187, 236, 1, 10, 1
369, 1, 2078, 475, 187, 236, 1, 10, 1
370, 1, 2078, 475, 187, 236, 1, 10, 1
371, 1, 2078, 475, 187, 236, 1, 10, 1
372, 1, 2078, 475, 187, 236, 1, 10, 1
373, 1, 2078, 475, 187, 236, 1, 10, 1
374, 1, 2078, 475, 187, 236, 1, 10, 1
375, 1, 2078, 475, 187, 236, 1, 10, 1
376, 1, 2078, 475, 187, 236, 1, 10, 1
377, 1, 2078, 475, 187, 236, 1, 10, 1
378, 1, 2078, 475, 187, 236, 1, 10, 1
379, 1, 2078, 475, 187, 236, 1, 10, 1
380, 1, 2078, 475, 187, 236, 1, 10, 1
381, 1, 2078, 475, 187, 236, 1, 10, 1
382, 1, 2078, 475, 187, 236, 1, 10, 1
383, 1, 2078, 475, 187, 236, 1, 10, 1
384, 1, 2078, 475, 187, 236, 1, 10, 1
385, 1, 2078, 475, 187, 236, 1, 10, 1
386, 1, 2078, 475, 187, 236, 1, 10, 1
387, 1, 2078, 475, 187, 236, 1, 10, 1
388, 1, 2078, 475, 187, 236, 1, 10, 1
389, 1, 2078, 475, 187, 236, 1, 10, 1
390, 1, 2078, 475, 187, 236, 1, 10, 1
391, 1, 2078, 475, 187, 236, 1, 10, 1
392, 1, 2078, 475, 187, 236, 1, 10, 1
393, 1, 2078, 475, 187, 236, 1, 10, 1
394, 1, 2078, 475, 187, 236, 1, 10, 1
395, 1, 2078, 475, 187, 236, 1, 10, 1
396, 1, 2078, 475, 187, 236, 1, 10, 1
397, 1, 2078, 475, 187, 236, 1, 10, 1
398, 1, 2078, 475, 187, 236, 1, 10, 1
399, 1, 2078, 475, 187, 236, 1, 10, 1
400, 1, 2078, 475, 187, 236, 1, 10, 1
401, 1, 2078, 475, 187, 236, 1, 10, 1
402, 1, 2078, 475, 187, 236, 1, 10, 1
403, 1, 2078, 475, 187, 236, 1, 10, 1
404, 1, 2078, 475, 187, 236, 1, 10, 1
405, 1, 2078, 475, 187, 236, 1, 10, 1
406, 1, 2078, 475, 187, 236, 1, 10, 1
407, 1, 2078, 475, 187, 236, 1, 10, 1
408, 1, 2078, 475, 187, 236, 1, 10, 1
409, 1, 2078, 475, 187, 236, 1, 10, 1
410, 1, 2078, 475, 187, 236, 1, 10, 1
411, 1, 2078, 475, 187, 236, 1, 10, 1
412, 1, 2078, 475, 187, 236, 1, 10, 1
413, 1, 2078, 475, 187, 236, 1, 10, 1
414, 1, 2078, 475, 187, 236, 1, 10, 1
415, 1, 2078, 475, 187, 236, 1, 10, 1
416, 1, 2078, 475, 187, 236, 1, 10, 1
417, 1, 2078, 475, 187, 236, 1, 10, 1
418, 1, 2078, 475, 187, 236, 1, 10, 1
419, 1, 2078, 475, 187, 236, 1, 10, 1
420, 1, 2078, 475, 187, 236, 1, 10, 1
421, 1, 2078, 475, 187, 236, 1, 10, 1
422, 1, 2078, 475, 187, 236, 1, 10, 1
423, 1, 2078, 475, 187, 236, 1, 10, 1
424, 1, 2078, 475, 187, 236, 1, 10, 1
425, 1, 2078, 475, 187, 236, 1, 10, 1
426, 1, 2078, 475, 187, 236, 1, 10, 1
427, 1, 2078, 475, 187, 236, 1, 10, 1
428, 1, 2078, 475, 187, 236, 1, 10, 1
429, 1, 2078, 475, 187, 236, 1, 10, 1
430, 1, 2078, 475, 187, 236, 1, 10, 1
431, 1, 2078, 475, 187, 236, 1, 10, 1
432, 1, 2078, 475, 187, 236, 1, 10, 1
433, 1, 2078, 475, 187, 236, 1, 10, 1
434, 1, 2078, 475, 187, 236, 1, 10, 1
435, 1, 2078, 475, 187, 236, 1, 10, 1
436, 1, 2078, 475, 187, 236, 1, 10, 1
437, 1, 2078, 475, 187, 236, 1, 10, 1
438, 1, 2078, 475, 187, 236, 1, 10, 1
439, 1, 2078, 475, 187, 236, 1, 10, 1
440, 1, 2078, 475, 187, 236, 1, 10, 1
441, 1, 2078, 475, 187, 236, 1, 10, 1
442, 1, 2078, 475, 187, 236, 1, 10, 1
443, 1, 2078, 475, 187, 236, 1, 10, 1
444, 1, 2078, 475, 187, 236, 1, 10, 1
445, 1, 2078, 475, 187, 236, 1, 10, 1
446, 1, 2078, 475, 187, 236, 1, 10, 1
447, 1, 2078, 475, 187, 236, 1, 10, 1
448, 1, 2078, 475, 187, 236, 1, 10, 1
449, 1, 2078, 475, 187, 236, 1, 10, 1
450, 1, 2078, 475, 187, 236, 1, 10, 1
451, 1, 2078, 475, 187, 236, 1, 10, 1
452, 1, 2078, 475, 187, 236, 1, 10, 1
453, 1, 2078, 475, 187, 236, 1, 10, 1
454, 1, 2078, 475, 187, 236, 1, 10, 1
455, 1, 2078, 475, 187, 236, 1, 10, 1
456, 1, 2078, 475, 187, 236, 1, 10, 1
457, 1, 2078, 475, 187, 236, 1, 10, 1
458, 1, 2078, 475, 187, 236, 1, 10, 1
459, 1, 2078, 475, 187, 236, 1, 10, 1
460, 1, 2078, 475, 187, 236, 1, 10, 1
461, 1, 2078, 475, 187, 236, 1, 10, 1
462, 1, 2078, 475, 187, 236, 1, 10, 1
463, 1, 2078, 475, 187, 236, 1, 10, 1
464, 1, 2078, 475, 187, 236, 1, 10, 1
465, 1, 2078, 475, 187, 236, 1, 10, 1
466, 1, 2078, 475, 187, 236, 1, 10, 1
467, 1, 2078, 475, 187, 236, 1, 10, 1
468, 1, 2078, 475, 187, 236, 1, 10, 1
469, 1, 2078, 475, 187, 236, 1, 10, 1
470, 1, 2078, 475, 187, 236, 1, 10, 1
471, 1, 2078, 475, 187, 236, 1, 10, 1
472, 1, 2078, 475, 187, 236, 1, 10, 1
473, 1, 2078, 475, 187, 236, 1, 10, 1
474, 1, 2078, 475, 187, 236, 1, 10, 1
475, 1, 2078, 475, 187, 236, 1, 10, 1
476, 1, 2078, 475, 187, 236, 1, 10, 1
477, 1, 2078, 475, 187, 236, 1, 10, 1
478, 1, 2078, 475, 187, 236, 1, 10, 1
479, 1, 2078, 475, 187, 236, 1, 10, 1
480, 1, 2078, 475, 187, 236, 1, 10, 1
481, 1, 2078, 475, 187, 236, 1, 10, 1
482, 1, 2078, 475, 187, 236, 1, 10, 1
483, 1, 2078, 475, 187, 236, 1, 10, 1
484, 1, 2078, 475, 187, 236, 1, 10, 1
485, 1, 2078, 475, 187, 236, 1, 10, 1
486, 1, 2078, 475, 187, 236, 1, 10, 1
487, 1, 2078, 475, 187, 236, 1, 10, 1
488, 1, 2078, 475, 187, 236, 1, 10, 1
489, 1, 2078, 475, 187, 236, 1, 10, 1
490, 1, 2078, 475, 187, 236, 1, 10, 1
491, 1, 2078, 475, 187, 236, 1, 10, 1
492, 1, 2078, 475, 187, 236, 1, 10, 1
493, 1, 2078, 475, 187, 236, 1, 10, 1
494, 1, 2078, 475, 187, 236, 1, 10, 1
495, 1, 2078, 475, 187, 236, 1, 10, 1
496, 1, 2078, 475, 187, 236, 1, 10, 1
497, 1, 2078, 475, 187, 236, 1, 10, 1
498, 1, 2078, 475, 187, 236, 1, 10, 1
499, 1, 2078, 475, 187, 236, 1, 10, 1
500, 1, 2078, 475, 187, 236, 1, 10, 1
501, 1, 2078, 475, 187, 236, 1, 10, 1
502, 1, 2078, 475, 187, 236, 1, 10, 1
503, 1, 2078, 475, 187, 236, 1, 10, 1
504, 1, 2078, 475, 187, 236, 1, 10, 1
505, 1, 2078, 475, 187, 236, 1, 10, 1
506, 1, 2078, 475, 187, 236, 1, 10, 1
507, 1, 2078, 475, 187, 236, 1, 10, 1
508, 1, 2078, 475, 187, 236, 1, 10, 1
509, 1, 2078, 475, 187, 236, 1, 10, 1
510, 1, 2078, 475, 187, 236, 1, 10, 1
511, 1, 2078, 475, 187, 236, 1, 10, 1
512, 1, 2078, 475, 187, 236, 1, 10, 1
513, 1, 2078, 475, 187, 236, 1, 10, 1
514, 1, 2078, 475, 187, 236, 1, 10, 1
515, 1, 2078, 475, 187, 236, 1, 10, 1
516, 1, 2078, 475, 187, 236, 1, 10, 1
517, 1, 2078, 475, 187, 236, 1, 10, 1
518, 1, 2078, 475, 187, 236, 1, 10, 1
519, 1, 2078, 475, 187, 236, 1, 10, 1
520, 1, 2078, 475, 187, 236, 1, 10, 1
521, 1, 2078, 475, 187, 236, 1, 10, 1
522, 1, 2078, 475, 187, 236, 1, 10, 1
523, 1, 2078, 475, 187, 236, 1, 10, 1
524, 1, 2078, 475, 187, 236, 1, 10, 1
525, 1, 2078, 475, 187, 236, 1, 10, 1
526, 1, 2078, 475, 187, 236, 1, 10, 1
527, 1, 2078, 475, 187, 236, 1, 10, 1
528, 1, 2078, 475, 187, 236, 1, 10, 1
529, 1, 2078, 475, 187, 236, 1, 10, 1
530, 1, 2078, 475, 187, 236, 1, 10, 1
531, 1, 2078, 475, 187, 236, 1, 10, 1
532, 1, 2078, 475, 187, 236, 1, 10, 1
533, 1, 2078, 475, 187, 236, 1, 10, 1
534, 1, 2078, 475, 187, 236, 1, 10, 1
535, 1, 2078, 475, 187, 236, 1, 10, 1
536, 1, 2078, 475, 187, 236, 1, 10, 1
537, 1, 2078, 475, 187, 236, 1, 10, 1
538, 1, 2078, 475, 187, 236, 1, 10, 1
539, 1, 2078, 475, 187, 236, 1, 10, 1
540, 1, 2078, 475, 187, 236, 1, 10, 1
541, 1, 2078, 475, 187, 236, 1, 10, 1
542, 1, 2078, 475, 187, 236, 1, 10, 1
543, 1, 2078, 475, 187, 236, 1, 10, 1
544, 1, 2078, 475, 187, 236, 1, 10, 1
545, 1, 2078, 475, 187, 236, 1, 10, 1
546, 1, 2078, 475, 187, 236, 1, 10, 1
547, 1, 2078, 475, 187, 236, 1, 10, 1
548, 1, 2078, 475, 187, 236, 1, 10, 1
549, 1, 2078, 475, 187, 236, 1, 10, 1
550, 1, 2078, 475, 187, 236, 1, 10, 1
551, 1, 2078, 475, 187, 236, 1, 10, 1
552, 1, 2078, 475, 187, 236, 1, 10, 1
553, 1, 2078, 475, 187, 236, 1, 10, 1
554, 1, 2078, 475, 187, 236, 1, 10, 1
555, 1, 2078, 475, 187, 236, 1, 10, 1
556, 1, 2078, 475, 187, 236, 1, 10, 1
557, 1, 2078, 475, 187, 236, 1, 10, 1
558, 1, 2078, 475, 187, 236, 1, 10, 1
559, 1, 2078, 475, 187, 236, 1, 10, 1
560, 1, 2078, 475, 187, 236, 1, 10, 1
561, 1, 2078, 475, 187, 236, 1, 10, 1
562, 1, 2078, 475, 187, 236, 1, 10, 1
563, 1, 2078, 475, 187, 236, 1, 10, 1
564, 1, 2078, 475, 187, 236, 1, 10, 1
565, 1, 2078, 475, 187, 236, 1, 10, 1
566, 1, 2078, 475, 187, 236, 1, 10, 1
567, 1, 2078, 475, 187, 236, 1, 10, 1
568, 1, 2078, 475, 187, 236, 1, 10, 1
569, 1, 2078, 475, 187, 236, 1, 10, 1
570, 1, 2078, 475, 187, 236, 1, 10, 1
571, 1, 2078, 475, 187, 236, 1, 10, 1
572, 1, 2078, 475, 187, 236, 1, 10, 1
573, 1, 2078, 475, 187, 236, 1, 10, 1
574, 1, 2078, 475, 187, 236, 1, 10, 1
575, 1, 2078, 475, 187, 236, 1, 10, 1
576, 1, 2078, 475, 187, 236, 1, 10, 1
577, 1, 2078, 475, 187, 236, 1, 10, 1
578, 1, 2078, 475, 187, 236, 1, 10, 1
579, 1, 2078, 475, 187, 236, 1, 10, 1
580, 1, 2078, 475, 187, 236, 1, 10, 1
581, 1, 2078, 475, 187, 236, 1, 10, 1
582, 1, 2078, 475, 187, 236, 1, 10, 1
583, 1, 2078, 475, 187, 236, 1, 10, 1
584, 1, 2078, 475, 187, 236, 1, 10, 1
585, 1, 2078, 475, 187, 236, 1, 10, 1
586, 1, 2078, 475, 187, 236, 1, 10, 1
587, 1, 2078, 475, 187, 236, 1, 10, 1
588, 1, 2078, 475, 187, 236, 1, 10, 1
589, 1, 2078, 475, 187, 236, 1, 10, 1
590, 1, 2078, 475, 187, 236, 1, 10, 1
591, 1, 2078, 475, 187, 236, 1, 10, 1
592, 1, 2078, 475, 187, 236, 1, 10, 1
593, 1, 2078, 475, 187, 236, 1, 10, 1
594, 1, 2078, 475, 187, 236, 1, 10, 1
595, 1, 2078, 475, 187, 236, 1, 10, 1
596, 1, 2078, 475, 187, 236, 1, 10, 1
597, 1, 2078, 475, 187, 236, 1, 10, 1
598, 1, 2078, 475, 187, 236, 1, 10, 1
599, 1, 2078, 475, 187, 236, 1, 10, 1
600, 1, 2078, 475, 187, 236, 1, 10, 1
601, 1, 2078, 475, 187, 236, 1, 10, 1
602, 1, 2078, 475, 187, 236, 1, 10, 1
603, 1, 2078, 475, 187, 236, 1, 10, 1
604, 1, 2078, 475, 187, 236, 1, 10, 1
605, 1, 2078, 475, 187, 236, 1, 10, 1
606, 1, 2078, 475, 187, 236, 1, 10, 1
607, 1, 2078, 475, 187, 236, 1, 10, 1
608, 1, 2078, 475, 187, 236, 1, 10, 1
609, 1, 2078, 475, 187, 236, 1, 10, 1
610, 1, 2078, 475, 187, 236, 1, 10, 1
611, 1, 2078, 475, 187, 236, 1, 10, 1
612, 1, 2078, 475, 187, 236, 1, 10, 1
613, 1, 2078, 475, 187, 236, 1, 10, 1
614, 1, 2078, 475, 187, 236, 1, 10, 1
615, 1, 2078, 475, 187, 236, 1, 10, 1
616, 1, 2078, 475, 187, 236, 1, 10, 1
617, 1, 2078, 475, 187, 236, 1, 10, 1
618, 1, 2078, 475, 187, 236, 1, 10, 1
619, 1, 2078, 475, 187, 236, 1, 10, 1
620, 1, 2078, 475, 187, 236, 1, 10, 1
621, 1, 2078, 475, 187, 236, 1, 10, 1
622, 1, 2078, 475, 187, 236, 1, 10, 1
623, 1, 2078, 475, 187, 236, 1, 10, 1
624, 1, 2078, 475, 187, 236, 1, 10, 1
625, 1, 2078, 475, 187, 236, 1, 10, 1
626, 1, 2078, 475, 187, 236, 1, 10, 1
627, 1, 2078, 475, 187, 236, 1, 10, 1
628, 1, 2078, 475, 187, 236, 1, 10, 1
629, 1, 2078, 475, 187, 236, 1, 10, 1
630, 1, 2078, 475, 187, 236, 1, 10, 1
631, 1, 2078, 475, 187, 236, 1, 10, 1
632, 1, 2078, 475, 187, 236, 1, 10, 1
633, 1, 2078, 475, 187, 236, 1, 10, 1
634, 1, 2078, 475, 187, 236, 1, 10, 1
635, 1, 2078, 475, 187, 236, 1, 10, 1
636, 1, 2078, 475, 187, 236, 1, 10, 1
637, 1, 2078, 475, 187, 236, 1, 10, 1
638, 1, 2078, 475, 187, 236, 1, 10, 1
639, 1, 2078, 475, 187, 236, 1, 10, 1
640, 1, 2078, 475, 187, 236, 1, 10, 1
641, 1, 2078, 475, 187, 236, 1, 10, 1
642, 1, 2078, 475, 187, 236, 1, 10, 1
643, 1, 2078, 475, 187, 236, 1, 10, 1
644, 1, 2078, 475, 187, 236, 1, 10, 1
645, 1, 2078, 475, 187, 236, 1, 10, 1
646, 1, 2078, 475, 187, 236, 1, 10, 1
647, 1, 2078, 475, 187, 236, 1, 10, 1
648, 1, 2078, 475, 187, 236, 1, 10, 1
649, 1, 2078, 475, 187, 236, 1, 10, 1
650, 1, 2078, 475, 187, 236, 1, 10, 1
651, 1, 2078, 475, 187, 236, 1, 10, 1
652, 1, 2078, 475, 187, 236, 1, 10, 1
653, 1, 2078, 475, 187, 236, 1, 10, 1
654, 1, 2078, 475, 187, 236, 1, 10, 1
655, 1, 2078, 475, 187, 236, 1, 10, 1
656, 1, 2078, 475, 187, 236, 1, 10, 1
657, 1, 2078, 475, 187, 236, 1, 10, 1
658, 1, 2078, 475, 187, 236, 1, 10, 1
659, 1, 2078, 475, 187, 236, 1, 10, 1
660, 1, 2078, 475, 187, 236, 1, 10, 1
661, 1, 2078, 475, 187, 236, 1, 10, 1
662, 1, 2078, 475, 187, 236, 1, 10, 1
663, 1, 2078, 475, 187, 236, 1, 10, 1
664, 1, 2078, 475, 187, 236, 1, 10, 1
665, 1, 2078, 475, 187, 236, 1, 10, 1
666, 1, 2078, 475, 187, 236, 1, 10, 1
667, 1, 2078, 475, 187, 236, 1, 10, 1
668, 1, 2078, 475, 187, 236, 1, 10, 1
669, 1, 2078, 475, 187, 236, 1, 10, 1
670, 1, 2078, 475, 187, 236, 1, 10, 1
671, 1, 2078, 475, 187, 236, 1, 10, 1
672, 1, 2078, 475, 187, 236, 1, 10, 1
673, 1, 2078, 475, 187, 236, 1, 10, 1
674, 1, 2078, 475, 187, 236, 1, 10, 1
675, 1, 2078, 475, 187, 236, 1, 10, 1
676, 1, 2078, 475, 187, 236, 1, 10, 1
677, 1, 2078, 475, 187, 236, 1, 10, 1
678, 1, 2078, 475, 187, 236, 1, 10, 1
679, 1, 2078, 475, 187, 236, 1, 10, 1
680, 1, 2078, 475, 187, 236, 1, 10, 1
681, 1, 2078, 475, 187, 236, 1, 10, 1
682, 1, 2078, 475, 187, 236, 1, 10, 1
683, 1, 2078, 475, 187, 236, 1, 10, 1
684, 1, 2078, 475, 187, 236, 1, 10, 1
685, 1, 2078, 475, 187, 236, 1, 10, 1
686, 1, 2078, 475, 187, 236, 1, 10, 1
687, 1, 2078, 475, 187, 236, 1, 10, 1
688, 1, 2078, 475, 187, 236, 1, 10, 1
689, 1, 2078, 475, 187, 236, 1, 10, 1
690, 1, 2078, 475, 187, 236, 1, 10, 1
691, 1, 2078, 475, 187, 236, 1, 10, 1
692, 1, 2078, 475, 187, 236, 1, 10, 1
693, 1, 2078, 475, 187, 236, 1, 10, 1
694, 1, 2078, 475, 187, 236, 1, 10, 1
695, 1, 2078, 475, 187, 236, 1, 10, 1
696, 1, 2078, 475, 187, 236, 1, 10, 1
697, 1, 2078, 475, 187, 236, 1, 10, 1
698, 1, 2078, 475, 187, 236, 1, 10, 1
699, 1, 2078, 475, 187, 236, 1, 10, 1
700, 1, 2078, 475, 187, 236, 1, 10, 1
701, 1, 2078, 475, 187, 236, 1, 10, 1
702, 1, 2078, 475, 187, 236, 1, 10, 1
703, 1, 2078, 475, 187, 236, 1, 10, 1
704, 1, 2078, 475, 187, 236, 1, 10, 1
705, 1, 2078, 475, 187, 236, 1, 10, 1
706, 1, 2078, 475, 187, 236, 1, 10, 1
707, 1, 2078, 475, 187, 236, 1, 10, 1
708, 1, 2078, 475, 187, 236, 1, 10, 1
709, 1, 2078, 475, 187, 236, 1, 10, 1
710, 1, 2078, 475, 187, 236, 1, 10, 1
711, 1, 2078, 475, 187, 236, 1, 10, 1
712, 1, 2078, 475, 187, 236, 1, 10, 1
713, 1, 2078, 475, 187, 236, 1, 10, 1
714, 1, 2078, 475, 187, 236, 1, 10, 1
715, 1, 2078, 475, 187, 236, 1, 10, 1
716, 1, 2078, 475, 187, 236, 1, 10, 1
717, 1, 2078, 475, 187, 236, 1, 10, 1
718, 1, 2078, 475, 187, 236, 1, 10, 1
719, 1, 2078, 475, 187, 236, 1, 10, 1
720, 1, 2078, 475, 187, 236, 1, 10, 1
721, 1, 2078, 475, 187, 236, 1, 10, 1
722, 1, 2078, 475, 187, 236, 1, 10, 1
723, 1, 2078, 475, 187, 236, 1, 10, 1
724, 1, 2078, 475, 187, 236, 1, 10, 1
725, 1, 2078, 475, 187, 236, 1, 10, 1
726, 1, 2078, 475, 187, 236, 1, 10, 1
727, 1, 2078, 475, 187, 236, 1, 10, 1
728, 1, 2078, 475, 187, 236, 1, 10, 1
729, 1, 2078, 475, 187, 236, 1, 10, 1
730, 1, 2078, 475, 187, 236, 1, 10, 1
731, 1, 2078, 475, 187, 236, 1, 10, 1
732, 1, 2078, 475, 187, 236, 1, 10, 1
733, 1, 2078, 475, 187, 236, 1, 10, 1
734, 1, 2078, 475, 187, 236, 1, 10, 1
735, 1, 2078, 475, 187, 236, 1, 10, 1
736, 1, 2078, 475, 187, 236, 1, 10, 1
737, 1, 2078, 475, 187, 236, 1, 10, 1
738, 1, 2078, 475, 187, 236, 1, 10, 1
739, 1, 2078, 475, 187, 236, 1, 10, 1
740, 1, 2078, 475, 187, 236, 1, 10, 1
741, 1, 2078, 475, 187, 236, 1, 10, 1
742, 1, 2078, 475, 187, 236, 1, 10, 1
743, 1, 2078, 475, 187, 236, 1, 10, 1
744, 1, 2078, 475, 187, 236, 1, 10, 1
745, 1, 2078, 475, 187, 236, 1, 10, 1
746, 1, 2078, 475, 187, 236, 1, 10, 1
747, 1, 2078, 475, 187, 236, 1, 10, 1
748, 1, 2078, 475, 187, 236, 1, 10, 1
749, 1, 2078, 475, 187, 236, 1, 10, 1
750, 1, 2078, 475, 187, 236, 1, 10, 1
751, 1, 2078, 475, 187, 236, 1, 10, 1
752, 1, 2078, 475, 187, 236, 1, 10, 1
753, 1, 2078, 475, 187, 236, 1, 10, 1
754, 1, 2078, 475, 187, 236, 1, 10, 1
755, 1, 2078, 475, 187, 236, 1, 10, 1
756, 1, 2078, 475, 187, 236, 1, 10, 1
757, 1, 2078, 475, 187, 236, 1, 10, 1
758, 1, 2078, 475, 187, 236, 1, 10, 1
759, 1, 2078, 475, 187, 236, 1, 10, 1
760, 1, 2078, 475, 187, 236, 1, 10, 1
761, 1, 2078, 475, 187, 236, 1, 10, 1
762, 1, 2078, 475, 187, 236, 1, 10, 1
763, 1, 2078, 475, 187, 236, 1, 10, 1
764, 1, 2078, 475, 187, 236, 1, 10, 1
765, 1, 2078, 475, 187, 236, 1, 10, 1
766, 1, 2078, 475, 187, 236, 1, 10, 1
767, 1, 2078, 475, 187, 236, 1, 10, 1
768, 1, 2078, 475, 187, 236, 1, 10, 1
769, 1, 2078, 475, 187, 236, 1, 10, 1
770, 1, 2078, 475, 187, 236, 1, 10, 1
771, 1, 2078, 475, 187, 236, 1, 10, 1
772, 1, 2078, 475, 187, 236, 1, 10, 1
773, 1, 2078, 475, 187, 236, 1, 10, 1
774, 1, 2078, 475, 187, 236, 1, 10, 1
775, 1, 2078, 475, 187, 236, 1, 10, 1
776, 1, 2078, 475, 187, 236, 1, 10, 1
777, 1, 2078, 475, 187, 236, 1, 10, 1
778, 1, 2078, 475, 187, 236, 1, 10, 1
779, 1, 2078, 475, 187, 236, 1, 10, 1
780, 1, 2078, 475, 187, 236, 1, 10, 1
781, 1, 2078, 475, 187, 236, 1, 10, 1
782, 1, 2078, 475, 187, 236, 1, 10, 1
783, 1, 2078, 475, 187, 236, 1, 10, 1
784, 1, 2078, 475, 187, 236, 1, 10, 1
785, 1, 2078, 475, 187, 236, 1, 10, 1
786, 1, 2078, 475, 187, 236, 1, 10, 1
787, 1, 2078, 475, 187, 236, 1, 10, 1
788, 1, 2078, 475, 187, 236, 1, 10, 1
789, 1, 2078, 475, 187, 236, 1, 10, 1
790, 1, 2078, 475, 187, 236, 1, 10, 1
791, 1, 2078, 475, 187, 236, 1, 10, 1
792, 1, 2078, 475, 187, 236, 1, 10, 1
793, 1, 2078, 475, 187, 236, 1, 10, 1
794, 1, 2078, 475, 187, 236, 1, 10, 1
795, 1, 2078, 475, 187, 236, 1, 10, 1
796, 1, 2078, 475, 187, 236, 1, 10, 1
797, 1, 2078, 475, 187, 236, 1, 10, 1
798, 1, 2078, 475, 187, 236, 1, 10, 1
799, 1, 2078, 475, 187, 236, 1, 10, 1
800, 1, 2078, 475, 187, 236, 1, 10, 1
1, 2, 986, 605, 188, 429, 1, 1, 1
2, 2, 979, 600, 193, 435, 1, 1, 1
3, 2, 974, 596, 197, 438, 1, 1, 1
4, 2, 972, 592, 195, 440, 1, 1, 1
5, 2, 972, 589, 188, 441, 1, 1, 1
6, 2, 972, 586, 187, 446, 1, 1, 1
7, 2, 969, 584, 190, 447, 1, 1, 1
8, 2, 973, 583, 185, 449, 1, 1, 1
9, 2, 970, 583, 181, 450, 1, 1, 1
10, 2, 970, 581, 180, 452, 1, 1, 1
11, 2, 963, 577, 182, 453, 1, 1, 1
12, 2, 957, 571, 185, 463, 1, 1, 1
13, 2, 954, 565, 184, 465, 1, 1, 1
14, 2, 950, 560, 185, 460, 1, 1, 1
15, 2, 948, 556, 186, 461, 1, 1, 1
16, 2, 950, 551, 182, 447, 1, 1, 1
17, 2, 952, 548, 180, 451, 1, 1, 1
18, 2, 954, 544, 175, 455, 1, 1, 1
19, 2, 956, 541, 171, 458, 1, 1, 1
20, 2, 956, 537, 171, 459, 1, 1, 1
21, 2, 955, 536, 169, 459, 1, 1, 1
22, 2, 954, 534, 168, 459, 1, 1, 1
23, 2, 953, 533, 167, 459, 1, 1, 1
24, 2, 953, 533, 168, 457, 1, 1, 1
25, 2, 952, 531, 167, 453, 1, 1, 1
26, 2, 954, 527, 164, 453, 1, 1, 1
27, 2, 955, 523, 158, 446, 1, 1, 1
28, 2, 957, 521, 154, 436, 1, 1, 1
29, 2, 958, 518, 152, 420, 1, 1, 1
30, 2, 959, 513, 148, 416, 1, 1, 1
31, 2, 964, 509, 141, 418, 1, 1, 1
32, 2, 968, 506, 137, 422, 1, 1, 1
33, 2, 969, 504, 134, 426, 1, 1, 1
34, 2, 970, 501, 130, 428, 1, 1, 1
35, 2, 970, 500, 127, 429, 1, 1, 1
36, 2, 972, 499, 125, 428, 1, 1, 1
37, 2, 972, 498, 122, 427, 1, 1, 1
38, 2, 973, 496, 120, 427, 1, 1, 1
39, 2, 973, 493, 119, 424, 1, 1, 1
40, 2, 973, 490, 118, 420, 1, 1, 1
41, 2, 972, 485, 119, 418, 1, 1, 1
42, 2, 973, 482, 117, 411, 1, 1, 1
43, 2, 972, 480, 118, 395, 1, 1, 1
44, 2, 971, 474, 114, 397, 1, 1, 1
45, 2, 969, 470, 115, 403, 1, 1, 1
46, 2, 965, 469, 116, 402, 1, 1, 1
47, 2, 962, 467, 116, 404, 1, 1, 1
48, 2, 961, 465, 117, 404, 1, 1, 1
49, 2, 957, 463, 118, 408, 1, 1, 1
50, 2, 954, 462, 116, 405, 1, 1, 1
51, 2, 948, 461, 119, 408, 1, 1, 1
52, 2, 942, 459, 123, 405, 1, 1, 1
53, 2, 939, 455, 122, 405, 1, 1, 1
54, 2, 936, 454, 120, 401, 1, 1, 1
55, 2, 930, 449, 122, 395, 1, 1, 1
56, 2, 927, 444, 122, 378, 1, 1, 1
57, 2, 923, 440, 123, 374, 1, 1, 1
58, 2, 919, 435, 123, 379, 1, 1, 1
59, 2, 913, 431, 125, 380, 1, 1, 1
60, 2, 908, 429, 128, 384, 1, 1, 1
61, 2, 904, 429, 131, 381, 1, 1, 1
62, 2, 898, 429, 139, 381, 1, 1, 1
63, 2, 895, 429, 142, 380, 1, 1, 1
64, 2, 889, 429, 145, 374, 1, 1, 1
65, 2, 881, 428, 154, 373, 1, 1, 1
66, 2, 874, 425, 160, 369, 1, 1, 1
67, 2, 865, 419, 163, 375, 1, 1, 1
68, 2, 859, 413, 163, 380, 1, 1, 1
69, 2, 856, 410, 165, 371, 1, 1, 1
70, 2, 859, 405, 162, 359, 1, 1, 1
71, 2, 860, 401, 157, 357, 1, 1, 1
72, 2, 863, 400, 150, 357, 1, 1, 1
73, 2, 864, 398, 145, 359, 1, 1, 1
74, 2, 870, 397, 137, 358, 1, 1, 1
75, 2, 871, 397, 133, 361, 1, 1, 1
76, 2, 873, 396, 124, 361, 1, 1, 1
77, 2, 874, 396, 123, 359, 1, 1, 1
78, 2, 876, 396, 118, 355, 1, 1, 1
79, 2, 874, 395, 119, 351, 1, 1, 1
80, 2, 869, 391, 123, 352, 1, 1, 1
81, 2, 866, 388, 123, 350, 1, 1, 1
82, 2, 862, 386, 121, 348, 1, 1, 1
83, 2, 860, 382, 121, 337, 1, 1, 1
84, 2, 853, 378, 125, 337, 1, 1, 1
85, 2, 850, 377, 125, 334, 1, 1, 1
86, 2, 847, 376, 125, 335, 1, 1, 1
87, 2, 843, 375, 125, 335, 1, 1, 1
88, 2, 840, 375, 126, 334, 1, 1, 1
89, 2, 839, 375, 125, 333, 1, 1, 1
90, 2, 836, 375, 127, 333, 1, 1, 1
91, 2, 834, 376, 127, 333, 1, 1, 1
92, 2, 830, 374, 128, 330, 1, 1, 1
93, 2, 825, 372, 130, 329, 1, 1, 1
94, 2, 823, 365, 128, 335, 1, 1, 1
95, 2, 820, 363, 126, 337, 1, 1, 1
96, 2, 818, 358, 127, 334, 1, 1, 1
97, 2, 815, 353, 128, 320, 1, 1, 1
98, 2, 814, 351, 128, 318, 1, 1, 1
99, 2, 814, 349, 125, 318, 1, 1, 1
100, 2, 813, 349, 123, 315, 1, 1, 1
101, 2, 815, 348, 118, 317, 1, 1, 1
102, 2, 814, 348, 116, 317, 1, 1, 1
103, 2, 812, 347, 115, 315, 1, 1, 1
104, 2, 812, 346, 113, 318, 1, 1, 1
105, 2, 810, 346, 113, 320, 1, 1, 1
106, 2, 809, 346, 109, 315, 1, 1, 1
107, 2, 805, 345, 113, 315, 1, 1, 1
108, 2, 803, 343, 112, 309, 1, 1, 1
109, 2, 801, 339, 112, 308, 1, 1, 1
110, 2, 798, 336, 111, 301, 1, 1, 1
111, 2, 795, 332, 112, 300, 1, 1, 1
112, 2, 791, 328, 112, 298, 1, 1, 1
113, 2, 789, 326, 113, 300, 1, 1, 1
114, 2, 786, 323, 115, 304, 1, 1, 1
115, 2, 786, 324, 113, 302, 1, 1, 1
116, 2, 783, 324, 114, 301, 1, 1, 1
117, 2, 781, 324, 113, 300, 1, 1, 1
118, 2, 777, 326, 115, 298, 1, 1, 1
119, 2, 776, 325, 114, 300, 1, 1, 1
120, 2, 771, 324, 116, 291, 1, 1, 1
121, 2, 765, 322, 120, 291, 1, 1, 1
122, 2, 763, 317, 117, 297, 1, 1, 1
123, 2, 762, 313, 117, 294, 1, 1, 1
124, 2, 761, 311, 114, 286, 1, 1, 1
125, 2, 760, 309, 112, 280, 1, 1, 1
126, 2, 760, 306, 110, 284, 1, 1, 1
127, 2, 761, 306, 109, 280, 1, 1, 1
128, 2, 763, 305, 104, 277, 1, 1, 1
129, 2, 763, 305, 104, 282, 1, 1, 1
130, 2, 764, 305, 100, 281, 1, 1, 1
131, 2, 765, 306, 94, 281, 1, 1, 1
132, 2, 763, 306, 93, 283, 1, 1, 1
133, 2, 761, 307, 95, 279, 1, 1, 1
134, 2, 760, 307, 92, 278, 1, 1, 1
135, 2, 757, 306, 94, 278, 1, 1, 1
136, 2, 754, 303, 94, 273, 1, 1, 1
137, 2, 750, 301, 96, 272, 1, 1, 1
138, 2, 746, 299, 99, 269, 1, 1, 1
139, 2, 741, 299, 101, 266, 1, 1, 1
140, 2, 737, 297, 103, 267, 1, 1, 1
141, 2, 737, 297, 101, 264, 1, 1, 1
142, 2, 732, 296, 102, 268, 1, 1, 1
143, 2, 731, 295, 98, 268, 1, 1, 1
144, 2, 730, 294, 97, 270, 1, 1, 1
145, 2, 728, 296, 99, 266, 1, 1, 1
146, 2, 726, 297, 98, 264, 1, 1, 1
147, 2, 723, 299, 99, 261, 1, 1, 1
148, 2, 717, 297, 101, 263, 1, 1, 1
149, 2, 714, 296, 101, 259, 1, 1, 1
150, 2, 711, 294, 103, 260, 1, 1, 1
151, 2, 707, 292, 103, 252, 1, 1, 1
152, 2, 707, 290, 100, 249, 1, 1, 1
153, 2, 705, 288, 103, 249, 1, 1, 1
154, 2, 707, 286, 99, 250, 1, 1, 1
155, 2, 706, 284, 97, 248, 1, 1, 1
156, 2, 707, 283, 92, 251, 1, 1, 1
157, 2, 706, 283, 91, 252, 1, 1, 1
158, 2, 705, 282, 90, 251, 1, 1, 1
159, 2, 705, 283, 87, 249, 1, 1, 1
160, 2, 703, 283, 87, 251, 1, 1, 1
161, 2, 701, 284, 87, 249, 1, 1, 1
162, 2, 698, 284, 87, 249, 1, 1, 1
163, 2, 695, 283, 88, 248, 1, 1, 1
164, 2, 691, 281, 87, 246, 1, 1, 1
165, 2, 688, 281, 88, 245, 1, 1, 1
166, 2, 685, 280, 88, 243, 1, 1, 1
167, 2, 680, 278, 92, 235, 1, 1, 1
168, 2, 677, 274, 92, 238, 1, 1, 1
169, 2, 674, 272, 94, 236, 1, 1, 1
170, 2, 670, 271, 95, 238, 1, 1, 1
171, 2, 668, 269, 94, 237, 1, 1, 1
172, 2, 666, 269, 93, 238, 1, 1, 1
173, 2, 666, 268, 91, 238, 1, 1, 1
174, 2, 664, 268, 90, 238, 1, 1, 1
175, 2, 661, 270, 92, 234, 1, 1, 1
176, 2, 660, 270, 90, 234, 1, 1, 1
177, 2, 657, 270, 91, 232, 1, 1, 1
178, 2, 653, 268, 92, 231, 1, 1, 1
179, 2, 649, 265, 93, 233, 1, 1, 1
180, 2, 648, 261, 93, 238, 1, 1, 1
181, 2, 647, 260, 91, 224, 1, 1, 1
182, 2, 646, 259, 91, 227, 1, 1, 1
183, 2, 647, 257, 86, 224, 1, 1, 1
184, 2, 647, 256, 85, 227, 1, 1, 1
185, 2, 647, 254, 82, 228, 1, 1, 1
186, 2, 646, 253, 81, 231, 1, 1, 1
187, 2, 647, 253, 78, 231, 1, 1, 1
188, 2, 647, 253, 76, 229, 1, 1, 1
189, 2, 644, 253, 77, 229, 1, 1, 1
190, 2, 641, 253, 78, 229, 1, 1, 1
191, 2, 639, 251, 80, 229, 1, 1, 1
192, 2, 637, 249, 79, 229, 1, 1, 1
193, 2, 633, 247, 80, 225, 1, 1, 1
194, 2, 629, 246, 83, 220, 1, 1, 1
195, 2, 626, 245, 83, 219, 1, 1, 1
196, 2, 622, 243, 85, 222, 1, 1, 1
197, 2, 620, 241, 89, 224, 1, 1, 1
198, 2, 619, 240, 87, 224, 1, 1, 1
199, 2, 619, 239, 89, 223, 1, 1, 1
200, 2, 619, 241, 85, 221, 1, 1, 1
201, 2, 615, 241, 87, 221, 1, 1, 1
202, 2, 613, 241, 87, 221, 1, 1, 1
203, 2, 613, 241, 84, 219, 1, 1, 1
204, 2, 609, 242, 83, 218, 1, 1, 1
205, 2, 605, 240, 85, 217, 1, 1, 1
206, 2, 601, 239, 89, 216, 1, 1, 1
207, 2, 597, 236, 91, 217, 1, 1, 1
208, 2, 597, 237, 89, 216, 1, 1, 1
209, 2, 597, 235, 89, 212, 1, 1, 1
210, 2, 597, 233, 86, 210, 1, 1, 1
211, 2, 597, 232, 86, 213, 1, 1, 1
212, 2, 600, 231, 80, 214, 1, 1, 1
213, 2, 600, 232, 77, 211, 1, 1, 1
214, 2, 603, 231, 72, 211, 1, 1, 1
215, 2, 604, 231, 68, 212, 1, 1, 1
216, 2, 607, 233, 64, 212, 1, 1, 1
217, 2, 607, 233, 64, 212, 1, 1, 1
218, 2, 606, 232, 62, 211, 1, 1, 1
219, 2, 605, 232, 60, 211, 1, 1, 1
220, 2, 602, 231, 61, 211, 1, 1, 1
221, 2, 600, 232, 60, 204, 1, 1, 1
222, 2, 597, 231, 61, 204, 1, 1, 1
223, 2, 594, 231, 64, 202, 1, 1, 1
224, 2, 591, 229, 66, 202, 1, 1, 1
225, 2, 586, 227, 67, 204, 1, 1, 1
226, 2, 581, 225, 70, 204, 1, 1, 1
227, 2, 576, 224, 72, 205, 1, 1, 1
228, 2, 572, 225, 75, 203, 1, 1, 1
229, 2, 569, 224, 75, 201, 1, 1, 1
230, 2, 565, 225, 76, 201, 1, 1, 1
231, 2, 562, 225, 78, 200, 1, 1, 1
232, 2, 559, 225, 78, 201, 1, 1, 1
233, 2, 556, 224, 77, 202, 1, 1, 1
234, 2, 551, 222, 81, 199, 1, 1, 1
235, 2, 549, 221, 80, 199, 1, 1, 1
236, 2, 548, 219, 79, 196, 1, 1, 1
237, 2, 547, 218, 79, 196, 1, 1, 1
238, 2, 551, 219, 73, 193, 1, 1, 1
239, 2, 551, 218, 68, 194, 1, 1, 1
240, 2, 555, 218, 63, 194, 1, 1, 1
241, 2, 553, 219, 59, 193, 1, 1, 1
242, 2, 544, 220, 68, 189, 1, 1, 1
243, 2, 532, 220, 74, 191, 1, 1, 1
244, 2, 527, 220, 77, 190, 1, 1, 1
245, 2, 523, 221, 82, 187, 1, 1, 1
246, 2, 523, 221, 83, 190, 1, 1, 1
247, 2, 522, 220, 83, 191, 1, 1, 1
248, 2, 521, 219, 82, 191, 1, 1, 1
249, 2, 522, 219, 75, 188, 1, 1, 1
250, 2, 519, 218, 72, 187, 1, 1, 1
251, 2, 511, 217, 68, 187, 1, 1, 1
252, 2, 503, 216, 65, 188, 1, 1, 1
253, 2, 497, 214, 67, 189, 1, 1, 1
254, 2, 490, 214, 72, 187, 1, 1, 1
255, 2, 482, 214, 77, 188, 1, 1, 1
256, 2, 479, 214, 78, 186, 1, 1, 1
257, 2, 475, 214, 79, 185, 1, 1, 1
258, 2, 470, 215, 80, 185, 1, 1, 1
259, 2, 466, 215, 79, 185, 1, 1, 1
260, 2, 461, 215, 80, 186, 1, 1, 1
261, 2, 455, 215, 84, 183, 1, 1, 1
262, 2, 449, 214, 90, 186, 1, 1, 1
263, 2, 442, 213, 96, 183, 1, 1, 1
264, 2, 437, 212, 94, 183, 1, 1, 1
265, 2, 437, 208, 80, 183, 1, 1, 1
266, 2, 435, 208, 80, 181, 1, 1, 1
267, 2, 436, 208, 77, 181, 1, 1, 1
268, 2, 436, 206, 70, 183, 1, 1, 1
269, 2, 439, 205, 65, 182, 1, 1, 1
270, 2, 444, 204, 56, 185, 1, 1, 1
271, 2, 444, 205, 55, 185, 1, 1, 1
272, 2, 430, 206, 64, 183, 1, 1, 1
273, 2, 422, 205, 72, 184, 1, 1, 1
274, 2, 421, 207, 72, 182, 1, 1, 1
275, 2, 418, 208, 75, 182, 1, 1, 1
276, 2, 418, 207, 72, 182, 1, 1, 1
277, 2, 420, 207, 67, 181, 1, 1, 1
278, 2, 419, 208, 59, 178, 1, 1, 1
279, 2, 418, 207, 54, 179, 1, 1, 1
280, 2, 405, 205, 58, 181, 1, 1, 1
281, 2, 399, 204, 61, 181, 1, 1, 1
282, 2, 392, 203, 65, 181, 1, 1, 1
283, 2, 387, 203, 65, 181, 1, 1, 1
284, 2, 383, 203, 68, 180, 1, 1, 1
285, 2, 379, 203, 68, 181, 1, 1, 1
286, 2, 376, 204, 70, 180, 1, 1, 1
287, 2, 370, 204, 71, 179, 1, 1, 1
288, 2, 366, 204, 74, 178, 1, 1, 1
289, 2, 363, 204, 71, 180, 1, 1, 1
290, 2, 360, 203, 71, 179, 1, 1, 1
291, 2, 357, 203, 67, 176, 1, 1, 1
292, 2, 355, 202, 68, 176, 1, 1, 1
293, 2, 357, 201, 65, 178, 1, 1, 1
294, 2, 357, 200, 63, 177, 1, 1, 1
295, 2, 357, 200, 62, 175, 1, 1, 1
296, 2, 360, 200, 57, 175, 1, 1, 1
297, 2, 359, 200, 56, 173, 1, 1, 1
298, 2, 352, 199, 60, 175, 1, 1, 1
299, 2, 349, 200, 63, 175, 1, 1, 1
300, 2, 346, 200, 61, 175, 1, 1, 1
301, 2, 346, 200, 59, 175, 1, 1, 1
302, 2, 346, 199, 56, 175, 1, 1, 1
303, 2, 345, 199, 52, 173, 1, 1, 1
304, 2, 341, 197, 55, 173, 1, 1, 1
305, 2, 336, 196, 60, 170, 1, 1, 1
306, 2, 333, 196, 59, 170, 1, 1, 1
307, 2, 330, 194, 59, 172, 1, 1, 1
308, 2, 329, 194, 59, 171, 1, 1, 1
309, 2, 326, 193, 61, 171, 1, 1, 1
310, 2, 325, 194, 61, 170, 1, 1, 1
311, 2, 324, 194, 62, 170, 1, 1, 1
312, 2, 324, 194, 62, 171, 1, 1, 1
313, 2, 324, 195, 60, 171, 1, 1, 1
314, 2, 323, 195, 60, 169, 1, 1, 1
315, 2, 322, 195, 61, 169, 1, 1, 1
316, 2, 321, 195, 61, 168, 1, 1, 1
317, 2, 321, 194, 60, 166, 1, 1, 1
318, 2, 322, 194, 59, 167, 1, 1, 1
319, 2, 322, 192, 59, 168, 1, 1, 1
320, 2, 321, 191, 60, 167, 1, 1, 1
321, 2, 323, 192, 58, 166, 1, 1, 1
322, 2, 324, 192, 56, 164, 1, 1, 1
323, 2, 326, 192, 54, 164, 1, 1, 1
324, 2, 327, 192, 53, 165, 1, 1, 1
325, 2, 329, 192, 49, 164, 1, 1, 1
326, 2, 328, 192, 49, 164, 1, 1, 1
327, 2, 328, 193, 49, 163, 1, 1, 1
328, 2, 330, 193, 47, 162, 1, 1, 1
329, 2, 328, 194, 49, 160, 1, 1, 1
330, 2, 327, 193, 50, 161, 1, 1, 1
331, 2, 326, 192, 51, 161, 1, 1, 1
332, 2, 327, 191, 51, 160, 1, 1, 1
333, 2, 325, 191, 54, 160, 1, 1, 1
334, 2, 324, 190, 55, 159, 1, 1, 1
335, 2, 325, 190, 54, 159, 1, 1, 1
336, 2, 327, 190, 51, 159, 1, 1, 1
337, 2, 327, 190, 51, 157, 1, 1, 1
338, 2, 330, 190, 49, 156, 1, 1, 1
339, 2, 331, 190, 49, 157, 1, 1, 1
340, 2, 332, 191, 48, 154, 1, 1, 1
341, 2, 331, 191, 49, 155, 1, 1, 1
342, 2, 331, 191, 48, 155, 1, 1, 1
343, 2, 331, 191, 50, 155, 1, 1, 1
344, 2, 328, 190, 53, 156, 1, 1, 1
345, 2, 328, 189, 52, 155, 1, 1, 1
346, 2, 329, 187, 51, 155, 1, 1, 1
347, 2, 327, 187, 52, 155, 1, 1, 1
348, 2, 327, 186, 52, 155, 1, 1, 1
349, 2, 328, 186, 54, 155, 1, 1, 1
350, 2, 326, 186, 56, 155, 1, 1, 1
351, 2, 326, 186, 55, 155, 1, 1, 1
352, 2, 326, 187, 57, 155, 1, 1, 1
353, 2, 326, 187, 55, 154, 1, 1, 1
354, 2, 325, 187, 55, 153, 1, 1, 1
355, 2, 325, 187, 56, 151, 1, 1, 1
356, 2, 325, 185, 56, 153, 1, 1, 1
357, 2, 325, 185, 56, 151, 1, 1, 1
358, 2, 325, 184, 56, 150, 1, 1, 1
359, 2, 325, 184, 57, 150, 1, 1, 1
360, 2, 327, 183, 54, 150, 1, 1, 1
361, 2, 328, 183, 53, 148, 1, 1, 1
362, 2, 331, 183, 50, 148, 1, 1, 1
363, 2, 331, 183, 49, 148, 1, 1, 1
364, 2, 330, 183, 51, 149, 1, 1, 1
365, 2, 330, 183, 51, 149, 1, 1, 1
366, 2, 327, 183, 52, 147, 1, 1, 1
367, 2, 325, 183, 54, 145, 1, 1, 1
368, 2, 323, 182, 55, 145, 1, 1, 1
369, 2, 321, 182, 57, 146, 1, 1, 1
370, 2, 320, 181, 57, 146, 1, 1, 1
371, 2, 320, 180, 57, 145, 1, 1, 1
372, 2, 319, 180, 58, 144, 1, 1, 1
373, 2, 319, 179, 57, 145, 1, 1, 1
374, 2, 320, 180, 56, 144, 1, 1, 1
375, 2, 324, 180, 54, 145, 1, 1, 1
376, 2, 326, 180, 52, 143, 1, 1, 1
377, 2, 327, 181, 51, 142, 1, 1, 1
378, 2, 329, 183, 47, 142, 1, 1, 1
379, 2, 330, 183, 47, 142, 1, 1, 1
380, 2, 331, 184, 46, 139, 1, 1, 1
381, 2, 330, 184, 46, 140, 1, 1, 1
382, 2, 330, 184, 47, 139, 1, 1, 1
383, 2, 330, 183, 46, 136, 1, 1, 1
384, 2, 329, 182, 46, 138, 1, 1, 1
385, 2, 328, 180, 47, 139, 1, 1, 1
386, 2, 327, 180, 47, 139, 1, 1, 1
387, 2, 327, 179, 47, 140, 1, 1, 1
388, 2, 328, 178, 45, 139, 1, 1, 1
389, 2, 329, 178, 44, 139, 1, 1, 1
390, 2, 328, 178, 45, 140, 1, 1, 1
391, 2, 330, 179, 44, 138, 1, 1, 1
392, 2, 330, 179, 42, 138, 1, 1, 1
393, 2, 329, 179, 43, 138, 1, 1, 1
394, 2, 329, 179, 41, 135, 1, 1, 1
395, 2, 328, 178, 41, 139, 1, 1, 1
396, 2, 323, 177, 44, 139, 1, 1, 1
397, 2, 321, 177, 46, 134, 1, 1, 1
398, 2, 319, 175, 47, 137, 1, 1, 1
399, 2, 320, 175, 47, 136, 1, 1, 1
400, 2, 318, 174, 48, 135, 1, 1, 1
401, 2, 320, 174, 44, 135, 1, 1, 1
402, 2, 322, 174, 42, 133, 1, 1, 1
403, 2, 328, 174, 36, 133, 1, 1, 1
404, 2, 327, 175, 37, 133, 1, 1, 1
405, 2, 327, 175, 37, 133, 1, 1, 1
406, 2, 326, 176, 37, 132, 1, 1, 1
407, 2, 326, 176, 35, 132, 1, 1, 1
408, 2, 325, 176, 35, 130, 1, 1, 1
409, 2, 324, 176, 34, 130, 1, 1, 1
410, 2, 315, 175, 42, 131, 1, 1, 1
411, 2, 313, 174, 43, 131, 1, 1, 1
412, 2, 314, 171, 40, 133, 1, 1, 1
413, 2, 311, 171, 42, 133, 1, 1, 1
414, 2, 311, 171, 42, 132, 1, 1, 1
415, 2, 311, 171, 41, 133, 1, 1, 1
416, 2, 309, 171, 43, 133, 1, 1, 1
417, 2, 315, 171, 36, 131, 1, 1, 1
418, 2, 317, 171, 32, 132, 1, 1, 1
419, 2, 317, 171, 30, 131, 1, 1, 1
420, 2, 316, 171, 30, 130, 1, 1, 1
421, 2, 315, 170, 29, 131, 1, 1, 1
422, 2, 306, 169, 37, 130, 1, 1, 1
423, 2, 303, 168, 39, 130, 1, 1, 1
424, 2, 300, 166, 41, 128, 1, 1, 1
425, 2, 301, 164, 41, 131, 1, 1, 1
426, 2, 303, 164, 38, 130, 1, 1, 1
427, 2, 306, 162, 32, 130, 1, 1, 1
428, 2, 307, 162, 34, 131, 1, 1, 1
429, 2, 311, 162, 29, 131, 1, 1, 1
430, 2, 310, 162, 29, 131, 1, 1, 1
431, 2, 311, 163, 27, 129, 1, 1, 1
432, 2, 310, 163, 30, 130, 1, 1, 1
433, 2, 309, 164, 30, 129, 1, 1, 1
434, 2, 307, 164, 32, 128, 1, 1, 1
435, 2, 307, 163, 31, 129, 1, 1, 1
436, 2, 305, 162, 30, 129, 1, 1, 1
437, 2, 306, 162, 25, 126, 1, 1, 1
438, 2, 304, 161, 28, 125, 1, 1, 1
439, 2, 304, 160, 26, 127, 1, 1, 1
440, 2, 304, 159, 25, 128, 1, 1, 1
441, 2, 303, 159, 26, 128, 1, 1, 1
442, 2, 302, 158, 26, 128, 1, 1, 1
443, 2, 301, 159, 26, 127, 1, 1, 1
444, 2, 301, 160, 25, 126, 1, 1, 1
445, 2, 299, 160, 27, 125, 1, 1, 1
446, 2, 297, 160, 28, 125, 1, 1, 1
447, 2, 296, 160, 29, 124, 1, 1, 1
448, 2, 291, 161, 31, 123, 1, 1, 1
449, 2, 285, 159, 36, 126, 1, 1, 1
450, 2, 281, 159, 39, 126, 1, 1, 1
451, 2, 280, 157, 39, 122, 1, 1, 1
452, 2, 280, 157, 39, 123, 1, 1, 1
453, 2, 282, 155, 37, 125, 1, 1, 1
454, 2, 285, 155, 33, 124, 1, 1, 1
455, 2, 289, 155, 28, 124, 1, 1, 1
456, 2, 287, 155, 29, 124, 1, 1, 1
457, 2, 285, 157, 29, 122, 1, 1, 1
458, 2, 282, 157, 30, 122, 1, 1, 1
459, 2, 281, 157, 31, 121, 1, 1, 1
460, 2, 282, 158, 29, 119, 1, 1, 1
461, 2, 283, 158, 25, 120, 1, 1, 1
462, 2, 282, 157, 26, 121, 1, 1, 1
463, 2, 281, 156, 25, 122, 1, 1, 1
464, 2, 275, 156, 31, 121, 1, 1, 1
465, 2, 274, 155, 31, 120, 1, 1, 1
466, 2, 273, 153, 31, 120, 1, 1, 1
467, 2, 272, 153, 31, 119, 1, 1, 1
468, 2, 270, 152, 30, 118, 1, 1, 1
469, 2, 268, 153, 32, 118, 1, 1, 1
470, 2, 266, 153, 33, 119, 1, 1, 1
471, 2, 264, 153, 33, 119, 1, 1, 1
472, 2, 264, 154, 34, 116, 1, 1, 1
473, 2, 264, 154, 33, 117, 1, 1, 1
474, 2, 258, 156, 38, 116, 1, 1, 1
475, 2, 256, 155, 38, 117, 1, 1, 1
476, 2, 254, 155, 39, 118, 1, 1, 1
477, 2, 253, 154, 40, 119, 1, 1, 1
478, 2, 253, 153, 39, 117, 1, 1, 1
479, 2, 254, 153, 36, 115, 1, 1, 1
480, 2, 252, 151, 38, 115, 1, 1, 1
481, 2, 252, 151, 37, 117, 1, 1, 1
482, 2, 256, 150, 33, 118, 1, 1, 1
483, 2, 256, 150, 31, 118, 1, 1, 1
484, 2, 255, 150, 32, 118, 1, 1, 1
485, 2, 255, 151, 31, 117, 1, 1, 1
486, 2, 254, 152, 29, 116, 1, 1, 1
487, 2, 254, 152, 28, 116, 1, 1, 1
488, 2, 254, 153, 28, 114, 1, 1, 1
489, 2, 254, 155, 28, 111, 1, 1, 1
490, 2, 254, 154, 28, 114, 1, 1, 1
491, 2, 253, 154, 29, 111, 1, 1, 1
492, 2, 252, 153, 28, 111, 1, 1, 1
493, 2, 246, 152, 32, 112, 1, 1, 1
494, 2, 242, 151, 36, 113, 1, 1, 1
495, 2, 240, 148, 36, 114, 1, 1, 1
496, 2, 237, 148, 39, 114, 1, 1, 1
497, 2, 232, 147, 42, 115, 1, 1, 1
498, 2, 234, 148, 40, 114, 1, 1, 1
499, 2, 235, 149, 38, 113, 1, 1, 1
500, 2, 234, 149, 37, 113, 1, 1, 1
501, 2, 233, 149, 38, 112, 1, 1, 1
502, 2, 232, 149, 38, 111, 1, 1, 1
503, 2, 231, 148, 39, 112, 1, 1, 1
504, 2, 231, 146, 37, 112, 1, 1, 1
505, 2, 230, 145, 39, 108, 1, 1, 1
506, 2, 232, 145, 37, 113, 1, 1, 1
507, 2, 233, 143, 36, 114, 1, 1, 1
508, 2, 234, 143, 35, 113, 1, 1, 1
509, 2, 236, 143, 33, 110, 1, 1, 1
510, 2, 236, 143, 32, 111, 1, 1, 1
511, 2, 237, 144, 30, 109, 1, 1, 1
512, 2, 238, 145, 30, 108, 1, 1, 1
513, 2, 237, 145, 30, 108, 1, 1, 1
514, 2, 237, 145, 30, 108, 1, 1, 1
515, 2, 237, 146, 28, 107, 1, 1, 1
516, 2, 237, 146, 27, 108, 1, 1, 1
517, 2, 237, 146, 28, 106, 1, 1, 1
518, 2, 236, 145, 28, 105, 1, 1, 1
519, 2, 235, 144, 29, 106, 1, 1, 1
520, 2, 230, 144, 33, 106, 1, 1, 1
521, 2, 228, 143, 35, 108, 1, 1, 1
522, 2, 227, 143, 36, 108, 1, 1, 1
523, 2, 227, 142, 36, 109, 1, 1, 1
524, 2, 227, 141, 35, 110, 1, 1, 1
525, 2, 228, 142, 34, 108, 1, 1, 1
526, 2, 228, 142, 34, 108, 1, 1, 1
527, 2, 229, 142, 33, 108, 1, 1, 1
528, 2, 229, 143, 32, 106, 1, 1, 1
529, 2, 229, 142, 30, 107, 1, 1, 1
530, 2, 229, 142, 30, 108, 1, 1, 1
531, 2, 229, 140, 28, 109, 1, 1, 1
532, 2, 228, 140, 28, 106, 1, 1, 1
533, 2, 228, 139, 27, 105, 1, 1, 1
534, 2, 230, 138, 24, 107, 1, 1, 1
535, 2, 231, 138, 24, 106, 1, 1, 1
536, 2, 230, 138, 24, 104, 1, 1, 1
537, 2, 228, 138, 25, 105, 1, 1, 1
538, 2, 227, 137, 26, 98, 1, 1, 1
539, 2, 226, 138, 26, 100, 1, 1, 1
540, 2, 227, 138, 24, 102, 1, 1, 1
541, 2, 227, 138, 24, 102, 1, 1, 1
542, 2, 227, 138, 23, 102, 1, 1, 1
543, 2, 227, 139, 23, 102, 1, 1, 1
544, 2, 225, 139, 24, 101, 1, 1, 1
545, 2, 224, 138, 24, 102, 1, 1, 1
546, 2, 222, 137, 25, 100, 1, 1, 1
547, 2, 220, 135, 27, 102, 1, 1, 1
548, 2, 220, 134, 26, 103, 1, 1, 1
549, 2, 219, 132, 27, 104, 1, 1, 1
550, 2, 218, 132, 27, 104, 1, 1, 1
551, 2, 216, 132, 29, 104, 1, 1, 1
552, 2, 215, 132, 30, 104, 1, 1, 1
553, 2, 215, 133, 28, 103, 1, 1, 1
554, 2, 214, 133, 27, 102, 1, 1, 1
555, 2, 214, 134, 26, 101, 1, 1, 1
556, 2, 214, 133, 26, 101, 1, 1, 1
557, 2, 214, 133, 25, 101, 1, 1, 1
558, 2, 214, 133, 24, 102, 1, 1, 1
559, 2, 213, 131, 25, 103, 1, 1, 1
560, 2, 212, 131, 26, 102, 1, 1, 1
561, 2, 211, 130, 26, 101, 1, 1, 1
562, 2, 211, 130, 26, 102, 1, 1, 1
563, 2, 211, 129, 25, 103, 1, 1, 1
564, 2, 211, 130, 24, 101, 1, 1, 1
565, 2, 210, 130, 25, 101, 1, 1, 1
566, 2, 207, 131, 27, 101, 1, 1, 1
567, 2, 206, 130, 27, 102, 1, 1, 1
568, 2, 206, 131, 25, 100, 1, 1, 1
569, 2, 206, 131, 25, 100, 1, 1, 1
570, 2, 206, 131, 24, 99, 1, 1, 1
571, 2, 205, 130, 24, 99, 1, 1, 1
572, 2, 202, 129, 26, 100, 1, 1, 1
573, 2, 199, 127, 27, 98, 1, 1, 1
574, 2, 197, 126, 29, 101, 1, 1, 1
575, 2, 197, 126, 28, 100, 1, 1, 1
576, 2, 196, 125, 28, 101, 1, 1, 1
577, 2, 194, 125, 30, 101, 1, 1, 1
578, 2, 194, 125, 29, 101, 1, 1, 1
579, 2, 193, 125, 30, 101, 1, 1, 1
580, 2, 192, 126, 30, 100, 1, 1, 1
581, 2, 193, 125, 27, 101, 1, 1, 1
582, 2, 192, 125, 27, 99, 1, 1, 1
583, 2, 191, 126, 28, 97, 1, 1, 1
584, 2, 190, 125, 28, 97, 1, 1, 1
585, 2, 188, 124, 29, 98, 1, 1, 1
586, 2, 187, 123, 30, 97, 1, 1, 1
587, 2, 186, 122, 31, 94, 1, 1, 1
588, 2, 186, 122, 30, 92, 1, 1, 1
589, 2, 186, 121, 29, 93, 1, 1, 1
590, 2, 184, 119, 29, 97, 1, 1, 1
591, 2, 185, 118, 27, 98, 1, 1, 1
592, 2, 185, 118, 26, 98, 1, 1, 1
593, 2, 185, 118, 26, 98, 1, 1, 1
594, 2, 183, 118, 27, 98, 1, 1, 1
595, 2, 183, 118, 26, 97, 1, 1, 1
596, 2, 183, 119, 25, 95, 1, 1, 1
597, 2, 182, 119, 26, 95, 1, 1, 1
598, 2, 180, 119, 26, 93, 1, 1, 1
599, 2, 179, 119, 26, 94, 1, 1, 1
600, 2, 178, 118, 28, 95, 1, 1, 1
601, 2, 177, 118, 28, 95, 1, 1, 1
602, 2, 176, 118, 28, 93, 1, 1, 1
603, 2, 175, 118, 28, 94, 1, 1, 1
604, 2, 175, 117, 27, 94, 1, 1, 1
605, 2, 173, 117, 29, 94, 1, 1, 1
606, 2, 172, 117, 29, 94, 1, 1, 1
607, 2, 172, 117, 29, 94, 1, 1, 1
608, 2, 170, 118, 30, 92, 1, 1, 1
609, 2, 170, 118, 29, 91, 1, 1, 1
610, 2, 169, 118, 29, 91, 1, 1, 1
611, 2, 168, 118, 29, 90, 1, 1, 1
612, 2, 168, 116, 28, 92, 1, 1, 1
613, 2, 169, 116, 26, 90, 1, 1, 1
614, 2, 168, 115, 26, 88, 1, 1, 1
615, 2, 168, 114, 26, 89, 1, 1, 1
616, 2, 168, 114, 26, 90, 1, 1, 1
617, 2, 168, 113, 25, 89, 1, 1, 1
618, 2, 168, 113, 24, 91, 1, 1, 1
619, 2, 168, 113, 23, 92, 1, 1, 1
620, 2, 168, 114, 22, 92, 1, 1, 1
621, 2, 167, 114, 24, 93, 1, 1, 1
622, 2, 167, 114, 24, 93, 1, 1, 1
623, 2, 167, 115, 23, 92, 1, 1, 1
624, 2, 166, 114, 22, 92, 1, 1, 1
625, 2, 165, 115, 23, 90, 1, 1, 1
626, 2, 164, 114, 24, 91, 1, 1, 1
627, 2, 162, 114, 23, 91, 1, 1, 1
628, 2, 161, 115, 25, 90, 1, 1, 1
629, 2, 158, 115, 28, 89, 1, 1, 1
630, 2, 157, 115, 30, 90, 1, 1, 1
631, 2, 156, 115, 30, 88, 1, 1, 1
632, 2, 155, 114, 30, 88, 1, 1, 1
633, 2, 155, 115, 29, 87, 1, 1, 1
634, 2, 153, 114, 29, 88, 1, 1, 1
635, 2, 153, 114, 28, 86, 1, 1, 1
636, 2, 153, 115, 27, 83, 1, 1, 1
637, 2, 153, 114, 26, 86, 1, 1, 1
638, 2, 152, 114, 26, 85, 1, 1, 1
639, 2, 152, 115, 26, 84, 1, 1, 1
640, 2, 153, 115, 24, 79, 1, 1, 1
641, 2, 153, 113, 24, 83, 1, 1, 1
642, 2, 153, 114, 23, 84, 1, 1, 1
643, 2, 152, 113, 24, 85, 1, 1, 1
644, 2, 151, 112, 25, 87, 1, 1, 1
645, 2, 150, 112, 26, 87, 1, 1, 1
646, 2, 149, 112, 27, 88, 1, 1, 1
647, 2, 149, 112, 26, 87, 1, 1, 1
648, 2, 148, 113, 27, 85, 1, 1, 1
649, 2, 148, 113, 27, 85, 1, 1, 1
650, 2, 145, 113, 28, 87, 1, 1, 1
651, 2, 145, 113, 26, 85, 1, 1, 1
652, 2, 144, 113, 26, 85, 1, 1, 1
653, 2, 144, 113, 25, 84, 1, 1, 1
654, 2, 143, 112, 24, 85, 1, 1, 1
655, 2, 141, 111, 25, 87, 1, 1, 1
656, 2, 140, 111, 25, 88, 1, 1, 1
657, 2, 140, 111, 25, 89, 1, 1, 1
658, 2, 140, 111, 24, 88, 1, 1, 1
659, 2, 140, 111, 23, 88, 1, 1, 1
660, 2, 140, 111, 23, 88, 1, 1, 1
661, 2, 140, 112, 22, 87, 1, 1, 1
662, 2, 140, 112, 21, 86, 1, 1, 1
663, 2, 139, 112, 22, 85, 1, 1, 1
664, 2, 138, 112, 22, 82, 1, 1, 1
665, 2, 138, 112, 20, 83, 1, 1, 1
666, 2, 135, 112, 23, 84, 1, 1, 1
667, 2, 135, 112, 22, 84, 1, 1, 1
668, 2, 134, 111, 21, 85, 1, 1, 1
669, 2, 133, 111, 22, 85, 1, 1, 1
670, 2, 133, 111, 21, 87, 1, 1, 1
671, 2, 132, 111, 21, 86, 1, 1, 1
672, 2, 130, 111, 22, 87, 1, 1, 1
673, 2, 129, 112, 21, 84, 1, 1, 1
674, 2, 128, 112, 22, 86, 1, 1, 1
675, 2, 127, 113, 22, 84, 1, 1, 1
676, 2, 127, 113, 21, 84, 1, 1, 1
677, 2, 127, 113, 20, 81, 1, 1, 1
678, 2, 127, 113, 20, 82, 1, 1, 1
679, 2, 127, 113, 19, 82, 1, 1, 1
680, 2, 127, 113, 19, 81, 1, 1, 1
681, 2, 126, 113, 18, 79, 1, 1, 1
682, 2, 126, 113, 17, 79, 1, 1, 1
683, 2, 124, 112, 19, 84, 1, 1, 1
684, 2, 123, 111, 20, 85, 1, 1, 1
685, 2, 122, 111, 20, 85, 1, 1, 1
686, 2, 121, 111, 20, 85, 1, 1, 1
687, 2, 120, 111, 20, 86, 1, 1, 1
688, 2, 119, 112, 20, 84, 1, 1, 1
689, 2, 119, 112, 19, 83, 1, 1, 1
690, 2, 118, 112, 19, 81, 1, 1, 1
691, 2, 118, 112, 17, 81, 1, 1, 1
692, 2, 117, 112, 17, 81, 1, 1, 1
693, 2, 116, 112, 18, 80, 1, 1, 1
694, 2, 115, 112, 19, 81, 1, 1, 1
695, 2, 116, 111, 18, 81, 1, 1, 1
696, 2, 116, 111, 18, 82, 1, 1, 1
697, 2, 116, 111, 18, 81, 1, 1, 1
698, 2, 116, 111, 17, 81, 1, 1, 1
699, 2, 116, 111, 16, 82, 1, 1, 1
700, 2, 115, 111, 16, 82, 1, 1, 1
701, 2, 114, 111, 15, 82, 1, 1, 1
702, 2, 114, 111, 14, 81, 1, 1, 1
703, 2, 114, 111, 14, 81, 1, 1, 1
704, 2, 113, 111, 14, 81, 1, 1, 1
705, 2, 112, 111, 15, 82, 1, 1, 1
706, 2, 112, 111, 15, 82, 1, 1, 1
707, 2, 111, 111, 15, 82, 1, 1, 1
708, 2, 110, 111, 17, 82, 1, 1, 1
709, 2, 108, 111, 18, 83, 1, 1, 1
710, 2, 107, 111, 18, 81, 1, 1, 1
711, 2, 106, 110, 17, 78, 1, 1, 1
712, 2, 105, 109, 18, 80, 1, 1, 1
713, 2, 105, 109, 17, 79, 1, 1, 1
714, 2, 104, 109, 18, 80, 1, 1, 1
715, 2, 104, 109, 18, 77, 1, 1, 1
716, 2, 104, 109, 17, 80, 1, 1, 1
717, 2, 103, 110, 18, 80, 1, 1, 1
718, 2, 103, 110, 17, 81, 1, 1, 1
719, 2, 103, 109, 17, 82, 1, 1, 1
720, 2, 103, 109, 17, 83, 1, 1, 1
721, 2, 103, 109, 17, 83, 1, 1, 1
722, 2, 102, 109, 17, 82, 1, 1, 1
723, 2, 102, 109, 16, 81, 1, 1, 1
724, 2, 101, 109, 17, 82, 1, 1, 1
725, 2, 101, 109, 17, 82, 1, 1, 1
726, 2, 100, 109, 17, 82, 1, 1, 1
727, 2, 101, 109, 16, 83, 1, 1, 1
728, 2, 100, 110, 16, 81, 1, 1, 1
729, 2, 100, 110, 15, 81, 1, 1, 1
730, 2, 100, 110, 14, 81, 1, 1, 1
731, 2, 98, 111, 16, 79, 1, 1, 1
732, 2, 98, 111, 16, 80, 1, 1, 1
733, 2, 98, 111, 15, 80, 1, 1, 1
734, 2, 98, 111, 15, 80, 1, 1, 1
735, 2, 97, 111, 15, 79, 1, 1, 1
736, 2, 96, 110, 16, 80, 1, 1, 1
737, 2, 96, 110, 14, 79, 1, 1, 1
738, 2, 95, 110, 15, 80, 1, 1, 1
739, 2, 92, 109, 17, 81, 1, 1, 1
740, 2, 92, 109, 16, 81, 1, 1, 1
741, 2, 91, 110, 16, 80, 1, 1, 1
742, 2, 90, 110, 16, 80, 1, 1, 1
743, 2, 89, 110, 16, 80, 1, 1, 1
744, 2, 89, 110, 15, 80, 1, 1, 1
745, 2, 89, 110, 15, 79, 1, 1, 1
746, 2, 88, 110, 16, 80, 1, 1, 1
747, 2, 87, 110, 16, 79, 1, 1, 1
748, 2, 87, 110, 16, 80, 1, 1, 1
749, 2, 86, 110, 16, 80, 1, 1, 1
750, 2, 87, 109, 14, 81, 1, 1, 1
751, 2, 87, 110, 14, 80, 1, 1, 1
752, 2, 86, 110, 14, 79, 1, 1, 1
753, 2, 86, 110, 13, 78, 1, 1, 1
754, 2, 85, 110, 14, 78, 1, 1, 1
755, 2, 84, 110, 14, 78, 1, 1, 1
756, 2, 84, 111, 14, 77, 1, 1, 1
757, 2, 83, 112, 13, 74, 1, 1, 1
758, 2, 82, 112, 13, 74, 1, 1, 1