1, 1, 432, 279, 211, 131, 1, 10, 1
2, 1, 432, 279, 210, 131, 1, 10, 1
3, 1, 433, 279, 209, 131, 1, 10, 1
4, 1, 432, 279, 211, 130, 1, 10, 1
5, 1, 430, 279, 211, 131, 1, 10, 1
6, 1, 431, 279, 211, 131, 1, 10, 1
7, 1, 430, 279, 211, 130, 1, 10, 1
8, 1, 431, 279, 211, 131, 1, 10, 1
9, 1, 430, 279, 211, 131, 1, 10, 1
10, 1, 430, 279, 212, 130, 1, 10, 1
11, 1, 429, 279, 212, 131, 1, 10, 1
12, 1, 429, 279, 211, 131, 1, 10, 1
13, 1, 428, 279, 212, 131, 1, 10, 1
14, 1, 428, 279, 213, 130, 1, 10, 1
15, 1, 427, 279, 214, 131, 1, 10, 1
16, 1, 428, 279, 212, 131, 1, 10, 1
17, 1, 429, 279, 212, 132, 1, 10, 1
18, 1, 429, 279, 211, 131, 1, 10, 1
19, 1, 428, 279, 213, 131, 1, 10, 1
20, 1, 427, 279, 213, 131, 1, 10, 1
21, 1, 426, 279, 214, 132, 1, 10, 1
22, 1, 427, 279, 213, 131, 1, 10, 1
23, 1, 426, 279, 214, 131, 1, 10, 1
24, 1, 426, 279, 214, 132, 1, 10, 1
25, 1, 427, 279, 212, 131, 1, 10, 1
26, 1, 426, 279, 214, 132, 1, 10, 1
27, 1, 428, 279, 212, 131, 1, 10, 1
28, 1, 428, 279, 212, 132, 1, 10, 1
29, 1, 428, 279, 212, 131, 1, 10, 1
30, 1, 428, 279, 212, 132, 1, 10, 1
31, 1, 428, 279, 213, 132, 1, 10, 1
32, 1, 428, 280, 213, 130, 1, 10, 1
33, 1, 429, 280, 212, 131, 1, 10, 1
34, 1, 430, 280, 210, 131, 1, 10, 1
35, 1, 429, 280, 212, 131, 1, 10, 1
36, 1, 430, 280, 211, 131, 1, 10, 1
37, 1, 431, 280, 210, 132, 1, 10, 1
38, 1, 430, 280, 211, 130, 1, 10, 1
39, 1, 432, 280, 210, 132, 1, 10, 1
40, 1, 431, 280, 212, 131, 1, 10, 1
41, 1, 431, 280, 212, 132, 1, 10, 1
42, 1, 433, 280, 212, 131, 1, 10, 1
43, 1, 433, 280, 211, 131, 1, 10, 1
44, 1, 435, 280, 209, 132, 1, 10, 1
45, 1, 435, 280, 211, 131, 1, 10, 1
46, 1, 436, 280, 210, 132, 1, 10, 1
47, 1, 436, 280, 212, 132, 1, 10, 1
48, 1, 438, 280, 209, 132, 1, 10, 1
49, 1, 438, 280, 210, 132, 1, 10, 1
50, 1, 437, 281, 212, 131, 1, 10, 1
51, 1, 439, 281, 211, 132, 1, 10, 1
52, 1, 441, 281, 209, 132, 1, 10, 1
53, 1, 441, 281, 211, 132, 1, 10, 1
54, 1, 441, 281, 211, 131, 1, 10, 1
55, 1, 442, 281, 210, 132, 1, 10, 1
56, 1, 442, 281, 212, 132, 1, 10, 1
57, 1, 442, 282, 212, 131, 1, 10, 1
58, 1, 443, 282, 212, 132, 1, 10, 1
59, 1, 442, 282, 213, 132, 1, 10, 1
60, 1, 443, 282, 211, 132, 1, 10, 1
61, 1, 442, 282, 214, 133, 1, 10, 1
62, 1, 443, 283, 212, 132, 1, 10, 1
63, 1, 444, 283, 212, 132, 1, 10, 1
64, 1, 444, 284, 212, 132, 1, 10, 1
65, 1, 444, 284, 213, 131, 1, 10, 1
66, 1, 445, 284, 212, 132, 1, 10, 1
67, 1, 446, 285, 211, 131, 1, 10, 1
68, 1, 446, 285, 210, 131, 1, 10, 1
69, 1, 446, 286, 211, 131, 1, 10, 1
70, 1, 447, 286, 209, 132, 1, 10, 1
71, 1, 445, 287, 211, 132, 1, 10, 1
72, 1, 446, 287, 212, 131, 1, 10, 1
73, 1, 446, 287, 211, 133, 1, 10, 1
74, 1, 445, 288, 212, 132, 1, 10, 1
75, 1, 446, 288, 211, 132, 1, 10, 1
76, 1, 446, 289, 211, 131, 1, 10, 1
77, 1, 446, 289, 211, 132, 1, 10, 1
78, 1, 444, 289, 212, 132, 1, 10, 1
79, 1, 444, 290, 212, 130, 1, 10, 1
80, 1, 444, 290, 213, 132, 1, 10, 1
81, 1, 445, 290, 211, 131, 1, 10, 1
82, 1, 444, 290, 212, 132, 1, 10, 1
83, 1, 443, 291, 213, 130, 1, 10, 1
84, 1, 443, 291, 213, 131, 1, 10, 1
85, 1, 442, 291, 214, 132, 1, 10, 1
86, 1, 442, 291, 212, 132, 1, 10, 1
87, 1, 442, 291, 213, 133, 1, 10, 1
88, 1, 441, 292, 214, 132, 1, 10, 1
89, 1, 441, 292, 213, 133, 1, 10, 1
90, 1, 441, 292, 212, 132, 1, 10, 1
91, 1, 441, 293, 213, 132, 1, 10, 1
92, 1, 440, 293, 215, 133, 1, 10, 1
93, 1, 441, 294, 213, 132, 1, 10, 1
94, 1, 440, 294, 215, 132, 1, 10, 1
95, 1, 441, 294, 214, 132, 1, 10, 1
96, 1, 441, 294, 214, 132, 1, 10, 1
97, 1, 442, 295, 212, 132, 1, 10, 1
98, 1, 440, 295, 215, 132, 1, 10, 1
99, 1, 439, 295, 216, 133, 1, 10, 1
100, 1, 439, 296, 215, 131, 1, 10, 1
101, 1, 438, 296, 217, 133, 1, 10, 1
102, 1, 438, 298, 217, 132, 1, 10, 1
103, 1, 438, 298, 217, 132, 1, 10, 1
104, 1, 439, 298, 216, 133, 1, 10, 1
105, 1, 438, 298, 216, 132, 1, 10, 1
106, 1, 440, 299, 215, 132, 1, 10, 1
107, 1, 438, 300, 216, 131, 1, 10, 1
108, 1, 441, 300, 213, 132, 1, 10, 1
109, 1, 440, 300, 215, 132, 1, 10, 1
110, 1, 441, 301, 215, 131, 1, 10, 1
111, 1, 442, 302, 214, 132, 1, 10, 1
112, 1, 442, 302, 214, 131, 1, 10, 1
113, 1, 443, 302, 212, 132, 1, 10, 1
114, 1, 441, 302, 216, 133, 1, 10, 1
115, 1, 442, 303, 215, 132, 1, 10, 1
116, 1, 443, 303, 214, 132, 1, 10, 1
117, 1, 443, 303, 213, 133, 1, 10, 1
118, 1, 443, 304, 214, 132, 1, 10, 1
119, 1, 442, 304, 215, 133, 1, 10, 1
120, 1, 443, 304, 213, 133, 1, 10, 1
121, 1, 441, 305, 215, 132, 1, 10, 1
122, 1, 443, 305, 213, 133, 1, 10, 1
123, 1, 441, 306, 214, 132, 1, 10, 1
124, 1, 440, 306, 217, 132, 1, 10, 1
125, 1, 442, 306, 215, 132, 1, 10, 1
126, 1, 441, 307, 216, 132, 1, 10, 1
127, 1, 441, 307, 216, 133, 1, 10, 1
128, 1, 441, 308, 214, 133, 1, 10, 1
129, 1, 442, 308, 216, 133, 1, 10, 1
130, 1, 442, 309, 215, 133, 1, 10, 1
131, 1, 441, 309, 216, 134, 1, 10, 1
132, 1, 440, 310, 215, 135, 1, 10, 1
133, 1, 441, 310, 215, 135, 1, 10, 1
134, 1, 441, 311, 216, 135, 1, 10, 1
135, 1, 439, 312, 217, 135, 1, 10, 1
136, 1, 439, 313, 218, 133, 1, 10, 1
137, 1, 440, 313, 216, 135, 1, 10, 1
138, 1, 439, 314, 217, 135, 1, 10, 1
139, 1, 440, 315, 216, 134, 1, 10, 1
140, 1, 441, 316, 214, 133, 1, 10, 1
141, 1, 440, 317, 217, 134, 1, 10, 1
142, 1, 440, 317, 216, 133, 1, 10, 1
143, 1, 442, 318, 214, 133, 1, 10, 1
144, 1, 441, 319, 215, 133, 1, 10, 1
145, 1, 440, 320, 216, 133, 1, 10, 1
146, 1, 441, 320, 215, 134, 1, 10, 1
147, 1, 441, 321, 216, 132, 1, 10, 1
148, 1, 440, 322, 217, 133, 1, 10, 1
149, 1, 441, 323, 215, 133, 1, 10, 1
150, 1, 440, 323, 216, 134, 1, 10, 1
151, 1, 442, 324, 215, 133, 1, 10, 1
152, 1, 439, 325, 218, 134, 1, 10, 1
153, 1, 441, 325, 215, 134, 1, 10, 1
154, 1, 440, 326, 217, 133, 1, 10, 1
155, 1, 440, 326, 217, 135, 1, 10, 1
156, 1, 438, 327, 218, 135, 1, 10, 1
157, 1, 438, 328, 218, 135, 1, 10, 1
158, 1, 439, 329, 217, 134, 1, 10, 1
159, 1, 440, 331, 216, 134, 1, 10, 1
160, 1, 438, 332, 218, 134, 1, 10, 1
161, 1, 437, 333, 218, 133, 1, 10, 1
162, 1, 438, 333, 217, 135, 1, 10, 1
163, 1, 436, 334, 217, 135, 1, 10, 1
164, 1, 435, 335, 215, 134, 1, 10, 1
165, 1, 434, 336, 217, 134, 1, 10, 1
166, 1, 435, 337, 215, 135, 1, 10, 1
167, 1, 433, 338, 217, 134, 1, 10, 1
168, 1, 432, 339, 216, 134, 1, 10, 1
169, 1, 429, 339, 218, 135, 1, 10, 1
170, 1, 429, 339, 218, 136, 1, 10, 1
171, 1, 425, 340, 220, 135, 1, 10, 1
172, 1, 424, 341, 220, 136, 1, 10, 1
173, 1, 423, 342, 219, 136, 1, 10, 1
174, 1, 424, 343, 218, 134, 1, 10, 1
175, 1, 422, 343, 218, 135, 1, 10, 1
176, 1, 421, 344, 216, 136, 1, 10, 1
177, 1, 419, 345, 218, 136, 1, 10, 1
178, 1, 416, 346, 219, 134, 1, 10, 1
179, 1, 414, 347, 219, 135, 1, 10, 1
180, 1, 413, 347, 218, 136, 1, 10, 1
181, 1, 411, 348, 219, 135, 1, 10, 1
182, 1, 409, 349, 218, 135, 1, 10, 1
183, 1, 408, 350, 218, 134, 1, 10, 1
184, 1, 405, 350, 219, 134, 1, 10, 1
185, 1, 404, 351, 219, 134, 1, 10, 1
186, 1, 403, 351, 217, 135, 1, 10, 1
187, 1, 400, 352, 217, 134, 1, 10, 1
188, 1, 397, 352, 220, 136, 1, 10, 1
189, 1, 395, 353, 221, 135, 1, 10, 1
190, 1, 394, 353, 219, 136, 1, 10, 1
191, 1, 393, 354, 219, 135, 1, 10, 1
192, 1, 392, 354, 217, 135, 1, 10, 1
193, 1, 387, 354, 222, 134, 1, 10, 1
194, 1, 388, 355, 219, 134, 1, 10, 1
195, 1, 385, 355, 221, 134, 1, 10, 1
196, 1, 397, 355, 205, 135, 1, 10, 1
197, 1, 401, 355, 201, 135, 1, 10, 1
198, 1, 406, 356, 195, 132, 1, 10, 1
199, 1, 430, 356, 168, 132, 1, 10, 1
200, 1, 435, 356, 162, 132, 1, 10, 1
201, 1, 444, 356, 153, 123, 1, 10, 1
202, 1, 440, 358, 156, 111, 1, 10, 1
203, 1, 438, 358, 158, 106, 1, 10, 1
204, 1, 437, 359, 157, 95, 1, 10, 1
205, 1, 389, 358, 201, 81, 1, 10, 1
206, 1, 374, 358, 186, 97, 1, 10, 1
207, 1, 372, 358, 186, 130, 1, 10, 1
208, 1, 370, 358, 168, 131, 1, 10, 1
209, 1, 370, 358, 173, 135, 1, 10, 1
210, 1, 370, 359, 181, 133, 1, 10, 1
211, 1, 371, 359, 194, 134, 1, 10, 1
212, 1, 370, 360, 203, 135, 1, 10, 1
213, 1, 370, 360, 210, 136, 1, 10, 1
214, 1, 369, 360, 223, 137, 1, 10, 1
215, 1, 368, 360, 222, 137, 1, 10, 1
216, 1, 370, 360, 221, 137, 1, 10, 1
217, 1, 369, 360, 223, 137, 1, 10, 1
218, 1, 372, 360, 220, 137, 1, 10, 1
219, 1, 371, 361, 221, 136, 1, 10, 1
220, 1, 372, 360, 222, 137, 1, 10, 1
221, 1, 373, 360, 220, 137, 1, 10, 1
222, 1, 373, 360, 222, 137, 1, 10, 1
223, 1, 375, 360, 220, 137, 1, 10, 1
224, 1, 375, 360, 222, 137, 1, 10, 1
225, 1, 377, 360, 221, 136, 1, 10, 1
226, 1, 377, 360, 222, 136, 1, 10, 1
227, 1, 378, 360, 223, 136, 1, 10, 1
228, 1, 381, 360, 221, 137, 1, 10, 1
229, 1, 382, 360, 222, 137, 1, 10, 1
230, 1, 384, 360, 222, 137, 1, 10, 1
231, 1, 386, 360, 221, 136, 1, 10, 1
232, 1, 388, 360, 221, 137, 1, 10, 1
233, 1, 390, 359, 221, 138, 1, 10, 1
234, 1, 393, 360, 220, 136, 1, 10, 1
235, 1, 394, 360, 221, 135, 1, 10, 1
236, 1, 397, 360, 221, 135, 1, 10, 1
237, 1, 399, 359, 221, 136, 1, 10, 1
238, 1, 402, 359, 221, 135, 1, 10, 1
239, 1, 404, 359, 221, 136, 1, 10, 1
240, 1, 407, 359, 219, 135, 1, 10, 1
241, 1, 410, 358, 219, 136, 1, 10, 1
242, 1, 411, 358, 222, 135, 1, 10, 1
243, 1, 413, 358, 221, 136, 1, 10, 1
244, 1, 417, 357, 220, 136, 1, 10, 1
245, 1, 420, 357, 221, 136, 1, 10, 1
246, 1, 420, 357, 221, 136, 1, 10, 1
247, 1, 423, 357, 221, 136, 1, 10, 1
248, 1, 425, 357, 222, 136, 1, 10, 1
249, 1, 428, 356, 222, 136, 1, 10, 1
250, 1, 432, 356, 221, 137, 1, 10, 1
251, 1, 434, 356, 222, 137, 1, 10, 1
252, 1, 437, 356, 221, 135, 1, 10, 1
253, 1, 439, 356, 222, 136, 1, 10, 1
254, 1, 442, 355, 223, 136, 1, 10, 1
255, 1, 444, 355, 225, 136, 1, 10, 1
256, 1, 449, 354, 222, 136, 1, 10, 1
257, 1, 451, 354, 221, 136, 1, 10, 1
258, 1, 454, 353, 222, 136, 1, 10, 1
259, 1, 455, 353, 223, 137, 1, 10, 1
260, 1, 459, 352, 220, 137, 1, 10, 1
261, 1, 462, 352, 220, 135, 1, 10, 1
262, 1, 465, 351, 222, 135, 1, 10, 1
263, 1, 467, 350, 222, 136, 1, 10, 1
264, 1, 471, 350, 220, 135, 1, 10, 1
265, 1, 472, 349, 222, 135, 1, 10, 1
266, 1, 476, 349, 220, 134, 1, 10, 1
267, 1, 479, 348, 220, 136, 1, 10, 1
268, 1, 480, 347, 221, 136, 1, 10, 1
269, 1, 484, 346, 220, 137, 1, 10, 1
270, 1, 484, 345, 222, 137, 1, 10, 1
271, 1, 487, 344, 222, 137, 1, 10, 1
272, 1, 489, 344, 222, 137, 1, 10, 1
273, 1, 492, 342, 222, 138, 1, 10, 1
274, 1, 495, 341, 222, 139, 1, 10, 1
275, 1, 497, 340, 221, 138, 1, 10, 1
276, 1, 498, 340, 223, 138, 1, 10, 1
277, 1, 501, 339, 223, 137, 1, 10, 1
278, 1, 503, 338, 221, 137, 1, 10, 1
279, 1, 505, 338, 221, 136, 1, 10, 1
280, 1, 507, 337, 221, 137, 1, 10, 1
281, 1, 509, 337, 223, 137, 1, 10, 1
282, 1, 510, 336, 221, 138, 1, 10, 1
283, 1, 511, 336, 223, 136, 1, 10, 1
284, 1, 514, 335, 221, 137, 1, 10, 1
285, 1, 517, 334, 220, 137, 1, 10, 1
286, 1, 518, 333, 220, 137, 1, 10, 1
287, 1, 518, 333, 222, 136, 1, 10, 1
288, 1, 518, 333, 222, 135, 1, 10, 1
289, 1, 519, 331, 223, 137, 1, 10, 1
290, 1, 521, 330, 221, 137, 1, 10, 1
291, 1, 521, 330, 224, 136, 1, 10, 1
292, 1, 522, 329, 224, 138, 1, 10, 1
293, 1, 523, 329, 223, 137, 1, 10, 1
294, 1, 523, 328, 224, 137, 1, 10, 1
295, 1, 525, 327, 221, 138, 1, 10, 1
296, 1, 525, 326, 223, 139, 1, 10, 1
297, 1, 526, 326, 223, 137, 1, 10, 1
298, 1, 526, 326, 223, 137, 1, 10, 1
299, 1, 526, 325, 223, 136, 1, 10, 1
300, 1, 528, 325, 221, 136, 1, 10, 1
301, 1, 528, 325, 222, 135, 1, 10, 1
302, 1, 528, 323, 222, 137, 1, 10, 1
303, 1, 527, 323, 225, 136, 1, 10, 1
304, 1, 527, 322, 224, 136, 1, 10, 1
305, 1, 527, 322, 225, 137, 1, 10, 1
306, 1, 529, 321, 223, 137, 1, 10, 1
307, 1, 528, 320, 223, 138, 1, 10, 1
308, 1, 528, 319, 224, 139, 1, 10, 1
309, 1, 529, 319, 223, 138, 1, 10, 1
310, 1, 527, 319, 225, 137, 1, 10, 1
311, 1, 528, 318, 225, 139, 1, 10, 1
312, 1, 529, 318, 225, 137, 1, 10, 1
313, 1, 528, 318, 224, 137, 1, 10, 1
314, 1, 529, 318, 225, 138, 1, 10, 1
315, 1, 528, 318, 226, 137, 1, 10, 1
316, 1, 528, 317, 225, 139, 1, 10, 1
317, 1, 528, 317, 226, 138, 1, 10, 1
318, 1, 529, 316, 223, 138, 1, 10, 1
319, 1, 527, 316, 226, 139, 1, 10, 1
320, 1, 528, 316, 225, 139, 1, 10, 1
321, 1, 527, 316, 227, 139, 1, 10, 1
322, 1, 527, 316, 226, 138, 1, 10, 1
323, 1, 527, 316, 226, 138, 1, 10, 1
324, 1, 527, 315, 226, 139, 1, 10, 1
325, 1, 527, 315, 226, 139, 1, 10, 1
326, 1, 527, 314, 226, 140, 1, 10, 1
327, 1, 527, 314, 226, 140, 1, 10, 1
328, 1, 527, 314, 227, 140, 1, 10, 1
329, 1, 527, 313, 227, 140, 1, 10, 1
330, 1, 526, 313, 228, 140, 1, 10, 1
331, 1, 526, 313, 228, 140, 1, 10, 1
332, 1, 528, 312, 225, 141, 1, 10, 1
333, 1, 527, 312, 228, 141, 1, 10, 1
334, 1, 526, 312, 228, 140, 1, 10, 1
335, 1, 526, 312, 228, 139, 1, 10, 1
336, 1, 528, 312, 227, 140, 1, 10, 1
337, 1, 527, 311, 229, 141, 1, 10, 1
338, 1, 527, 312, 229, 139, 1, 10, 1
339, 1, 528, 312, 226, 139, 1, 10, 1
340, 1, 528, 311, 229, 141, 1, 10, 1
341, 1, 529, 312, 228, 139, 1, 10, 1
342, 1, 530, 312, 227, 139, 1, 10, 1
343, 1, 531, 312, 227, 139, 1, 10, 1
344, 1, 531, 312, 226, 140, 1, 10, 1
345, 1, 532, 312, 226, 140, 1, 10, 1
346, 1, 531, 312, 227, 140, 1, 10, 1
347, 1, 532, 312, 228, 140, 1, 10, 1
348, 1, 532, 313, 228, 140, 1, 10, 1
349, 1, 532, 313, 230, 139, 1, 10, 1
350, 1, 533, 313, 230, 140, 1, 10, 1
351, 1, 533, 313, 230, 140, 1, 10, 1
352, 1, 534, 313, 229, 140, 1, 10, 1
353, 1, 534, 313, 230, 140, 1, 10, 1
354, 1, 534, 313, 230, 140, 1, 10, 1
355, 1, 535, 313, 230, 139, 1, 10, 1
356, 1, 535, 313, 229, 140, 1, 10, 1
357, 1, 536, 314, 228, 139, 1, 10, 1
358, 1, 536, 314, 230, 140, 1, 10, 1
359, 1, 536, 314, 229, 139, 1, 10, 1
360, 1, 537, 315, 229, 140, 1, 10, 1
361, 1, 537, 315, 230, 140, 1, 10, 1
362, 1, 538, 315, 230, 140, 1, 10, 1
363, 1, 538, 315, 230, 139, 1, 10, 1
364, 1, 540, 315, 229, 140, 1, 10, 1
365, 1, 541, 315, 229, 141, 1, 10, 1
366, 1, 540, 315, 231, 141, 1, 10, 1
367, 1, 540, 315, 231, 141, 1, 10, 1
368, 1, 541, 316, 231, 140, 1, 10, 1
369, 1, 541, 316, 231, 139, 1, 10, 1
370, 1, 541, 316, 232, 140, 1, 10, 1
371, 1, 541, 316, 232, 141, 1, 10, 1
372, 1, 541, 316, 233, 142, 1, 10, 1
373, 1, 541, 317, 233, 141, 1, 10, 1
374, 1, 541, 317, 232, 141, 1, 10, 1
375, 1, 541, 318, 234, 140, 1, 10, 1
376, 1, 543, 318, 232, 142, 1, 10, 1
377, 1, 542, 319, 232, 140, 1, 10, 1
378, 1, 542, 319, 233, 140, 1, 10, 1
379, 1, 542, 321, 233, 139, 1, 10, 1
380, 1, 542, 321, 235, 140, 1, 10, 1
381, 1, 543, 321, 234, 140, 1, 10, 1
382, 1, 544, 321, 233, 141, 1, 10, 1
383, 1, 544, 321, 232, 141, 1, 10, 1
384, 1, 543, 321, 233, 142, 1, 10, 1
385, 1, 545, 322, 231, 140, 1, 10, 1
386, 1, 545, 322, 233, 142, 1, 10, 1
387, 1, 544, 322, 234, 141, 1, 10, 1
388, 1, 543, 323, 233, 141, 1, 10, 1
389, 1, 544, 323, 234, 142, 1, 10, 1
390, 1, 543, 322, 235, 142, 1, 10, 1
391, 1, 543, 322, 234, 144, 1, 10, 1
392, 1, 543, 323, 234, 142, 1, 10, 1
393, 1, 542, 323, 234, 143, 1, 10, 1
394, 1, 541, 324, 235, 142, 1, 10, 1
395, 1, 542, 324, 231, 142, 1, 10, 1
396, 1, 541, 324, 234, 142, 1, 10, 1
397, 1, 541, 324, 233, 141, 1, 10, 1
398, 1, 540, 324, 234, 143, 1, 10, 1
399, 1, 540, 324, 234, 142, 1, 10, 1
400, 1, 538, 325, 235, 142, 1, 10, 1
401, 1, 539, 325, 234, 141, 1, 10, 1
402, 1, 538, 325, 234, 141, 1, 10, 1
403, 1, 536, 325, 235, 141, 1, 10, 1
404, 1, 536, 325, 236, 143, 1, 10, 1
405, 1, 534, 325, 238, 142, 1, 10, 1
406, 1, 534, 325, 237, 143, 1, 10, 1
407, 1, 534, 325, 236, 143, 1, 10, 1
408, 1, 534, 325, 236, 143, 1, 10, 1
409, 1, 533, 325, 236, 142, 1, 10, 1
410, 1, 531, 325, 236, 143, 1, 10, 1
411, 1, 531, 325, 235, 142, 1, 10, 1
412, 1, 531, 325, 235, 143, 1, 10, 1
413, 1, 529, 325, 235, 143, 1, 10, 1
414, 1, 529, 325, 236, 143, 1, 10, 1
415, 1, 528, 325, 235, 143, 1, 10, 1
416, 1, 527, 325, 237, 143, 1, 10, 1
417, 1, 525, 325, 237, 142, 1, 10, 1
418, 1, 526, 325, 236, 142, 1, 10, 1
419, 1, 524, 325, 236, 143, 1, 10, 1
420, 1, 523, 325, 235, 142, 1, 10, 1
421, 1, 521, 324, 237, 144, 1, 10, 1
422, 1, 519, 324, 238, 142, 1, 10, 1
423, 1, 518, 324, 238, 142, 1, 10, 1
424, 1, 518, 324, 237, 143, 1, 10, 1
425, 1, 516, 324, 236, 143, 1, 10, 1
426, 1, 514, 323, 237, 143, 1, 10, 1
427, 1, 513, 322, 237, 144, 1, 10, 1
428, 1, 513, 322, 236, 143, 1, 10, 1
429, 1, 511, 322, 237, 144, 1, 10, 1
430, 1, 510, 322, 236, 143, 1, 10, 1
431, 1, 509, 322, 236, 143, 1, 10, 1
432, 1, 507, 321, 238, 143, 1, 10, 1
433, 1, 505, 321, 240, 142, 1, 10, 1
434, 1, 504, 320, 236, 143, 1, 10, 1
435, 1, 504, 320, 237, 142, 1, 10, 1
436, 1, 502, 320, 238, 142, 1, 10, 1
437, 1, 502, 319, 238, 142, 1, 10, 1
438, 1, 500, 319, 238, 141, 1, 10, 1
439, 1, 498, 318, 239, 142, 1, 10, 1
440, 1, 497, 317, 239, 143, 1, 10, 1
441, 1, 497, 317, 239, 143, 1, 10, 1
442, 1, 495, 316, 239, 144, 1, 10, 1
443, 1, 493, 316, 241, 144, 1, 10, 1
444, 1, 492, 315, 240, 144, 1, 10, 1
445, 1, 491, 315, 242, 144, 1, 10, 1
446, 1, 489, 314, 242, 144, 1, 10, 1
447, 1, 490, 314, 240, 143, 1, 10, 1
448, 1, 490, 313, 238, 144, 1, 10, 1
449, 1, 488, 313, 239, 144, 1, 10, 1
450, 1, 487, 313, 240, 142, 1, 10, 1
451, 1, 487, 313, 240, 142, 1, 10, 1
452, 1, 486, 312, 240, 143, 1, 10, 1
453, 1, 486, 311, 239, 142, 1, 10, 1
454, 1, 485, 310, 239, 144, 1, 10, 1
455, 1, 484, 310, 240, 142, 1, 10, 1
456, 1, 485, 309, 240, 143, 1, 10, 1
457, 1, 483, 309, 239, 143, 1, 10, 1
458, 1, 483, 308, 241, 143, 1, 10, 1
459, 1, 482, 308, 240, 143, 1, 10, 1
460, 1, 482, 307, 240, 144, 1, 10, 1
461, 1, 482, 306, 240, 144, 1, 10, 1
462, 1, 483, 306, 240, 143, 1, 10, 1
463, 1, 483, 305, 240, 144, 1, 10, 1
464, 1, 481, 304, 241, 144, 1, 10, 1
465, 1, 481, 304, 243, 143, 1, 10, 1
466, 1, 482, 303, 242, 144, 1, 10, 1
467, 1, 483, 303, 241, 143, 1, 10, 1
468, 1, 483, 302, 241, 144, 1, 10, 1
469, 1, 482, 301, 242, 144, 1, 10, 1
470, 1, 483, 300, 243, 145, 1, 10, 1
471, 1, 484, 299, 241, 145, 1, 10, 1
472, 1, 484, 299, 243, 143, 1, 10, 1
473, 1, 484, 298, 243, 145, 1, 10, 1
474, 1, 484, 298, 243, 143, 1, 10, 1
475, 1, 487, 297, 241, 145, 1, 10, 1
476, 1, 486, 296, 243, 145, 1, 10, 1
477, 1, 487, 296, 242, 144, 1, 10, 1
478, 1, 488, 296, 240, 143, 1, 10, 1
479, 1, 488, 295, 242, 145, 1, 10, 1
480, 1, 487, 294, 244, 144, 1, 10, 1
481, 1, 488, 294, 243, 143, 1, 10, 1
482, 1, 488, 293, 243, 144, 1, 10, 1
483, 1, 489, 293, 244, 144, 1, 10, 1
484, 1, 490, 292, 242, 144, 1, 10, 1
485, 1, 489, 292, 244, 143, 1, 10, 1
486, 1, 490, 291, 243, 145, 1, 10, 1
487, 1, 489, 291, 244, 144, 1, 10, 1
488, 1, 490, 290, 244, 144, 1, 10, 1
489, 1, 490, 290, 244, 143, 1, 10, 1
490, 1, 490, 289, 245, 145, 1, 10, 1
491, 1, 490, 288, 243, 144, 1, 10, 1
492, 1, 491, 288, 244, 144, 1, 10, 1
493, 1, 491, 287, 244, 145, 1, 10, 1
494, 1, 491, 287, 244, 143, 1, 10, 1
495, 1, 491, 286, 245, 145, 1, 10, 1
496, 1, 491, 286, 244, 144, 1, 10, 1
497, 1, 491, 285, 246, 145, 1, 10, 1
498, 1, 492, 285, 246, 144, 1, 10, 1
499, 1, 491, 284, 247, 145, 1, 10, 1
500, 1, 492, 284, 246, 144, 1, 10, 1
501, 1, 492, 284, 246, 144, 1, 10, 1
502, 1, 491, 283, 247, 145, 1, 10, 1
503, 1, 492, 283, 246, 145, 1, 10, 1
504, 1, 493, 282, 246, 146, 1, 10, 1
505, 1, 492, 282, 248, 145, 1, 10, 1
506, 1, 493, 282, 247, 145, 1, 10, 1
507, 1, 492, 281, 248, 144, 1, 10, 1
508, 1, 493, 281, 248, 145, 1, 10, 1
509, 1, 494, 281, 246, 144, 1, 10, 1
510, 1, 495, 281, 245, 145, 1, 10, 1
511, 1, 495, 281, 246, 144, 1, 10, 1
512, 1, 493, 281, 248, 144, 1, 10, 1
513, 1, 494, 280, 247, 145, 1, 10, 1
514, 1, 494, 280, 248, 144, 1, 10, 1
515, 1, 495, 279, 247, 144, 1, 10, 1
516, 1, 495, 279, 248, 145, 1, 10, 1
517, 1, 494, 278, 248, 146, 1, 10, 1
518, 1, 495, 278, 249, 146, 1, 10, 1
519, 1, 497, 277, 247, 146, 1, 10, 1
520, 1, 495, 277, 251, 145, 1, 10, 1
521, 1, 497, 277, 249, 145, 1, 10, 1
522, 1, 497, 277, 249, 145, 1, 10, 1
523, 1, 498, 277, 249, 145, 1, 10, 1
524, 1, 499, 276, 249, 146, 1, 10, 1
525, 1, 499, 276, 250, 146, 1, 10, 1
526, 1, 500, 276, 249, 146, 1, 10, 1
527, 1, 499, 276, 251, 144, 1, 10, 1
528, 1, 502, 275, 241, 147, 1, 10, 1
529, 1, 501, 276, 249, 146, 1, 10, 1
530, 1, 502, 276, 247, 146, 1, 10, 1
531, 1, 502, 277, 248, 144, 1, 10, 1
532, 1, 502, 277, 249, 146, 1, 10, 1
533, 1, 502, 277, 249, 146, 1, 10, 1
534, 1, 501, 277, 250, 146, 1, 10, 1
535, 1, 500, 277, 252, 145, 1, 10, 1
536, 1, 500, 277, 252, 146, 1, 10, 1
537, 1, 501, 277, 250, 145, 1, 10, 1
538, 1, 502, 276, 250, 146, 1, 10, 1
539, 1, 501, 276, 251, 146, 1, 10, 1
540, 1, 503, 277, 249, 145, 1, 10, 1
541, 1, 504, 277, 248, 146, 1, 10, 1
542, 1, 503, 277, 248, 146, 1, 10, 1
543, 1, 503, 277, 245, 146, 1, 10, 1
544, 1, 504, 277, 248, 147, 1, 10, 1
545, 1, 502, 277, 249, 146, 1, 10, 1
546, 1, 503, 277, 250, 146, 1, 10, 1
547, 1, 504, 277, 249, 147, 1, 10, 1
548, 1, 502, 278, 251, 146, 1, 10, 1
549, 1, 503, 278, 250, 146, 1, 10, 1
550, 1, 503, 278, 249, 147, 1, 10, 1
551, 1, 501, 278, 251, 147, 1, 10, 1
552, 1, 501, 279, 250, 147, 1, 10, 1
553, 1, 502, 279, 251, 147, 1, 10, 1
554, 1, 502, 279, 250, 148, 1, 10, 1
555, 1, 501, 279, 252, 148, 1, 10, 1
556, 1, 502, 280, 250, 147, 1, 10, 1
557, 1, 502, 280, 250, 148, 1, 10, 1
558, 1, 500, 280, 252, 148, 1, 10, 1
559, 1, 500, 281, 252, 148, 1, 10, 1
560, 1, 501, 281, 250, 148, 1, 10, 1
561, 1, 499, 282, 251, 148, 1, 10, 1
562, 1, 499, 282, 252, 148, 1, 10, 1
563, 1, 499, 282, 252, 149, 1, 10, 1
564, 1, 499, 283, 251, 147, 1, 10, 1
565, 1, 500, 283, 250, 149, 1, 10, 1
566, 1, 500, 283, 251, 149, 1, 10, 1
567, 1, 500, 284, 251, 149, 1, 10, 1
568, 1, 500, 284, 251, 149, 1, 10, 1
569, 1, 500, 284, 251, 149, 1, 10, 1
570, 1, 499, 284, 251, 149, 1, 10, 1
571, 1, 499, 285, 252, 150, 1, 10, 1
572, 1, 501, 285, 251, 149, 1, 10, 1
573, 1, 500, 286, 252, 150, 1, 10, 1
574, 1, 500, 286, 252, 150, 1, 10, 1
575, 1, 500, 287, 252, 148, 1, 10, 1
576, 1, 501, 287, 252, 150, 1, 10, 1
577, 1, 500, 288, 253, 149, 1, 10, 1
578, 1, 502, 289, 251, 149, 1, 10, 1
579, 1, 501, 289, 253, 150, 1, 10, 1
580, 1, 502, 290, 252, 150, 1, 10, 1
581, 1, 502, 291, 252, 150, 1, 10, 1
582, 1, 502, 291, 252, 150, 1, 10, 1
583, 1, 501, 292, 253, 150, 1, 10, 1
584, 1, 503, 292, 251, 150, 1, 10, 1
585, 1, 501, 292, 254, 151, 1, 10, 1
586, 1, 502, 293, 253, 151, 1, 10, 1
587, 1, 501, 294, 253, 150, 1, 10, 1
588, 1, 499, 295, 254, 150, 1, 10, 1
589, 1, 499, 295, 254, 150, 1, 10, 1
590, 1, 497, 295, 255, 151, 1, 10, 1
591, 1, 497, 296, 255, 150, 1, 10, 1
592, 1, 497, 296, 256, 151, 1, 10, 1
593, 1, 498, 297, 254, 150, 1, 10, 1
594, 1, 496, 297, 255, 151, 1, 10, 1
595, 1, 496, 297, 254, 152, 1, 10, 1
596, 1, 495, 298, 255, 150, 1, 10, 1
597, 1, 494, 298, 256, 150, 1, 10, 1
598, 1, 494, 298, 254, 151, 1, 10, 1
599, 1, 493, 299, 256, 150, 1, 10, 1
600, 1, 493, 299, 255, 150, 1, 10, 1
601, 1, 493, 300, 256, 151, 1, 10, 1
602, 1, 491, 300, 255, 151, 1, 10, 1
603, 1, 491, 300, 257, 152, 1, 10, 1
604, 1, 489, 301, 259, 151, 1, 10, 1
605, 1, 488, 301, 259, 152, 1, 10, 1
606, 1, 488, 302, 259, 151, 1, 10, 1
607, 1, 488, 302, 260, 152, 1, 10, 1
608, 1, 488, 303, 259, 151, 1, 10, 1
609, 1, 488, 303, 258, 151, 1, 10, 1
610, 1, 486, 303, 260, 151, 1, 10, 1
611, 1, 487, 303, 259, 152, 1, 10, 1
612, 1, 485, 304, 259, 152, 1, 10, 1
613, 1, 486, 304, 257, 152, 1, 10, 1
614, 1, 485, 305, 258, 152, 1, 10, 1
615, 1, 484, 305, 258, 152, 1, 10, 1
616, 1, 483, 306, 259, 150, 1, 10, 1
617, 1, 483, 306, 260, 151, 1, 10, 1
618, 1, 483, 306, 259, 152, 1, 10, 1
619, 1, 483, 306, 260, 151, 1, 10, 1
620, 1, 483, 306, 258, 151, 1, 10, 1
621, 1, 481, 306, 261, 151, 1, 10, 1
622, 1, 481, 307, 260, 150, 1, 10, 1
623, 1, 480, 307, 261, 150, 1, 10, 1
624, 1, 480, 306, 262, 152, 1, 10, 1
625, 1, 481, 306, 260, 151, 1, 10, 1
626, 1, 481, 307, 260, 151, 1, 10, 1
627, 1, 481, 307, 260, 151, 1, 10, 1
628, 1, 480, 306, 262, 153, 1, 10, 1
629, 1, 481, 307, 262, 151, 1, 10, 1
630, 1, 482, 307, 261, 151, 1, 10, 1
631, 1, 482, 307, 261, 152, 1, 10, 1
632, 1, 481, 307, 262, 152, 1, 10, 1
633, 1, 482, 307, 261, 152, 1, 10, 1
634, 1, 481, 307, 263, 151, 1, 10, 1
635, 1, 480, 308, 264, 151, 1, 10, 1
636, 1, 480, 308, 264, 151, 1, 10, 1
637, 1, 481, 308, 263, 151, 1, 10, 1
638, 1, 480, 308, 264, 152, 1, 10, 1
639, 1, 480, 308, 264, 153, 1, 10, 1
640, 1, 480, 308, 262, 153, 1, 10, 1
641, 1, 480, 308, 263, 153, 1, 10, 1
642, 1, 480, 309, 263, 152, 1, 10, 1
643, 1, 481, 309, 262, 151, 1, 10, 1
644, 1, 480, 309, 263, 151, 1, 10, 1
645, 1, 479, 309, 264, 152, 1, 10, 1
646, 1, 478, 309, 263, 153, 1, 10, 1
647, 1, 478, 309, 264, 152, 1, 10, 1
648, 1, 478, 309, 263, 152, 1, 10, 1
649, 1, 477, 309, 264, 153, 1, 10, 1
650, 1, 476, 309, 264, 153, 1, 10, 1
651, 1, 475, 309, 265, 153, 1, 10, 1
652, 1, 475, 309, 264, 153, 1, 10, 1
653, 1, 474, 309, 264, 153, 1, 10, 1
654, 1, 474, 309, 263, 153, 1, 10, 1
655, 1, 473, 310, 265, 154, 1, 10, 1
656, 1, 471, 309, 264, 154, 1, 10, 1
657, 1, 469, 310, 267, 153, 1, 10, 1
658, 1, 470, 310, 265, 154, 1, 10, 1
659, 1, 468, 310, 265, 154, 1, 10, 1
660, 1, 467, 310, 265, 154, 1, 10, 1
661, 1, 467, 310, 265, 154, 1, 10, 1
662, 1, 466, 311, 265, 155, 1, 10, 1
663, 1, 464, 311, 265, 155, 1, 10, 1
664, 1, 463, 312, 265, 153, 1, 10, 1
665, 1, 463, 313, 266, 154, 1, 10, 1
666, 1, 463, 313, 264, 154, 1, 10, 1
667, 1, 461, 314, 265, 153, 1, 10, 1
668, 1, 460, 314, 264, 155, 1, 10, 1
669, 1, 460, 314, 263, 155, 1, 10, 1
670, 1, 458, 314, 265, 154, 1, 10, 1
671, 1, 459, 315, 263, 153, 1, 10, 1
672, 1, 457, 315, 264, 154, 1, 10, 1
673, 1, 455, 315, 265, 155, 1, 10, 1
674, 1, 453, 316, 267, 155, 1, 10, 1
675, 1, 453, 316, 265, 156, 1, 10, 1
676, 1, 452, 316, 265, 156, 1, 10, 1
677, 1, 451, 317, 265, 155, 1, 10, 1
678, 1, 451, 317, 264, 155, 1, 10, 1
679, 1, 449, 317, 266, 156, 1, 10, 1
680, 1, 448, 318, 266, 155, 1, 10, 1
681, 1, 448, 318, 266, 154, 1, 10, 1
682, 1, 446, 318, 265, 155, 1, 10, 1
683, 1, 444, 319, 267, 155, 1, 10, 1
684, 1, 444, 319, 267, 155, 1, 10, 1
685, 1, 442, 319, 268, 155, 1, 10, 1
686, 1, 443, 319, 267, 156, 1, 10, 1
687, 1, 442, 319, 268, 155, 1, 10, 1
688, 1, 442, 319, 267, 156, 1, 10, 1
689, 1, 442, 320, 267, 155, 1, 10, 1
690, 1, 440, 320, 268, 156, 1, 10, 1
691, 1, 439, 320, 269, 156, 1, 10, 1
692, 1, 439, 321, 269, 156, 1, 10, 1
693, 1, 438, 321, 270, 155, 1, 10, 1
694, 1, 440, 321, 267, 155, 1, 10, 1
695, 1, 438, 321, 269, 156, 1, 10, 1
696, 1, 440, 322, 266, 155, 1, 10, 1
697, 1, 437, 322, 269, 155, 1, 10, 1
698, 1, 439, 323, 267, 154, 1, 10, 1
699, 1, 440, 323, 267, 155, 1, 10, 1
700, 1, 440, 323, 267, 156, 1, 10, 1
701, 1, 439, 323, 269, 155, 1, 10, 1
702, 1, 440, 323, 267, 155, 1, 10, 1
703, 1, 441, 323, 267, 155, 1, 10, 1
704, 1, 441, 323, 268, 155, 1, 10, 1
705, 1, 441, 323, 268, 155, 1, 10, 1
706, 1, 442, 323, 267, 156, 1, 10, 1
707, 1, 441, 323, 268, 155, 1, 10, 1
708, 1, 442, 323, 268, 155, 1, 10, 1
709, 1, 442, 323, 269, 155, 1, 10, 1
710, 1, 443, 322, 268, 157, 1, 10, 1
711, 1, 445, 322, 267, 156, 1, 10, 1
712, 1, 446, 322, 267, 156, 1, 10, 1
713, 1, 445, 322, 268, 155, 1, 10, 1
714, 1, 446, 321, 269, 157, 1, 10, 1
715, 1, 448, 321, 268, 156, 1, 10, 1
716, 1, 449, 321, 268, 156, 1, 10, 1
717, 1, 450, 321, 267, 157, 1, 10, 1
718, 1, 449, 321, 268, 157, 1, 10, 1
719, 1, 450, 321, 268, 157, 1, 10, 1
720, 1, 450, 321, 270, 157, 1, 10, 1
721, 1, 451, 321, 269, 155, 1, 10, 1
722, 1, 453, 320, 271, 157, 1, 10, 1
723, 1, 452, 320, 273, 156, 1, 10, 1
724, 1, 455, 320, 270, 157, 1, 10, 1
725, 1, 455, 319, 269, 158, 1, 10, 1
726, 1, 455, 320, 271, 156, 1, 10, 1
727, 1, 457, 320, 270, 156, 1, 10, 1
728, 1, 457, 319, 270, 157, 1, 10, 1
729, 1, 457, 319, 271, 157, 1, 10, 1
730, 1, 457, 320, 272, 156, 1, 10, 1
731, 1, 460, 320, 271, 157, 1, 10, 1
732, 1, 459, 320, 272, 156, 1, 10, 1
733, 1, 461, 320, 270, 157, 1, 10, 1
734, 1, 463, 320, 269, 157, 1, 10, 1
735, 1, 462, 320, 272, 156, 1, 10, 1
736, 1, 463, 320, 272, 157, 1, 10, 1
737, 1, 465, 320, 269, 157, 1, 10, 1
738, 1, 464, 320, 272, 156, 1, 10, 1
739, 1, 464, 320, 273, 156, 1, 10, 1
740, 1, 465, 320, 273, 156, 1, 10, 1
741, 1, 465, 320, 273, 156, 1, 10, 1
742, 1, 466, 320, 275, 158, 1, 10, 1
743, 1, 468, 320, 272, 157, 1, 10, 1
744, 1, 467, 320, 275, 157, 1, 10, 1
745, 1, 467, 319, 274, 157, 1, 10, 1
746, 1, 468, 319, 274, 158, 1, 10, 1
747, 1, 468, 319, 273, 157, 1, 10, 1
748, 1, 468, 319, 274, 157, 1, 10, 1
749, 1, 468, 319, 274, 158, 1, 10, 1
750, 1, 469, 319, 272, 158, 1, 10, 1