1, 1, 425, 146, 662, 463, 1, 7, 1
2, 1, 421, 146, 666, 464, 1, 7, 1
3, 1, 424, 149, 666, 461, 1, 7, 1
4, 1, 420, 148, 668, 462, 1, 7, 1
5, 1, 422, 148, 666, 463, 1, 7, 1
6, 1, 422, 145, 666, 464, 1, 7, 1
7, 1, 419, 147, 669, 463, 1, 7, 1
8, 1, 422, 147, 666, 462, 1, 7, 1
9, 1, 421, 146, 667, 463, 1, 7, 1
10, 1, 418, 147, 672, 463, 1, 7, 1
11, 1, 412, 145, 676, 463, 1, 7, 1
12, 1, 407, 146, 683, 463, 1, 7, 1
13, 1, 401, 146, 691, 462, 1, 7, 1
14, 1, 398, 146, 693, 462, 1, 7, 1
15, 1, 390, 145, 697, 461, 1, 7, 1
16, 1, 389, 146, 701, 466, 1, 7, 1
17, 1, 390, 146, 700, 465, 1, 7, 1
18, 1, 381, 146, 707, 462, 1, 7, 1
19, 1, 379, 144, 709, 462, 1, 7, 1
20, 1, 380, 146, 711, 464, 1, 7, 1
21, 1, 378, 146, 711, 463, 1, 7, 1
22, 1, 369, 145, 720, 465, 1, 7, 1
23, 1, 371, 146, 717, 464, 1, 7, 1
24, 1, 369, 146, 719, 466, 1, 7, 1
25, 1, 367, 145, 719, 463, 1, 7, 1
26, 1, 365, 145, 725, 467, 1, 7, 1
27, 1, 368, 147, 721, 465, 1, 7, 1
28, 1, 365, 145, 724, 465, 1, 7, 1
29, 1, 366, 145, 723, 466, 1, 7, 1
30, 1, 362, 146, 729, 466, 1, 7, 1
31, 1, 364, 147, 728, 463, 1, 7, 1
32, 1, 364, 146, 723, 464, 1, 7, 1
33, 1, 367, 147, 724, 462, 1, 7, 1
34, 1, 369, 148, 724, 462, 1, 7, 1
35, 1, 368, 147, 719, 462, 1, 7, 1
36, 1, 366, 146, 721, 462, 1, 7, 1
37, 1, 370, 147, 720, 463, 1, 7, 1
38, 1, 369, 147, 721, 461, 1, 7, 1
39, 1, 369, 146, 719, 462, 1, 7, 1
40, 1, 373, 146, 714, 461, 1, 7, 1
41, 1, 375, 148, 711, 462, 1, 7, 1
42, 1, 375, 147, 703, 460, 1, 7, 1
43, 1, 375, 146, 702, 463, 1, 7, 1
44, 1, 376, 148, 702, 460, 1, 7, 1
45, 1, 376, 148, 700, 460, 1, 7, 1
46, 1, 375, 147, 699, 461, 1, 7, 1
47, 1, 378, 148, 698, 458, 1, 7, 1
48, 1, 372, 148, 705, 459, 1, 7, 1
49, 1, 371, 148, 704, 459, 1, 7, 1
50, 1, 367, 148, 707, 459, 1, 7, 1
51, 1, 368, 149, 708, 458, 1, 7, 1
52, 1, 365, 148, 707, 460, 1, 7, 1
53, 1, 366, 148, 706, 458, 1, 7, 1
54, 1, 365, 148, 709, 461, 1, 7, 1
55, 1, 366, 148, 706, 461, 1, 7, 1
56, 1, 365, 147, 706, 460, 1, 7, 1
57, 1, 365, 150, 707, 459, 1, 7, 1
58, 1, 363, 150, 711, 459, 1, 7, 1
59, 1, 361, 149, 706, 459, 1, 7, 1
60, 1, 365, 148, 704, 460, 1, 7, 1
61, 1, 361, 152, 709, 458, 1, 7, 1
62, 1, 365, 148, 702, 457, 1, 7, 1
63, 1, 364, 150, 701, 458, 1, 7, 1
64, 1, 369, 151, 698, 457, 1, 7, 1
65, 1, 368, 151, 697, 455, 1, 7, 1
66, 1, 365, 151, 697, 455, 1, 7, 1
67, 1, 367, 151, 697, 456, 1, 7, 1
68, 1, 366, 153, 699, 453, 1, 7, 1
69, 1, 368, 151, 694, 454, 1, 7, 1
70, 1, 367, 152, 692, 452, 1, 7, 1
71, 1, 364, 152, 696, 454, 1, 7, 1
72, 1, 367, 152, 695, 454, 1, 7, 1
73, 1, 367, 150, 693, 455, 1, 7, 1
74, 1, 366, 153, 695, 454, 1, 7, 1
75, 1, 367, 152, 693, 455, 1, 7, 1
76, 1, 364, 152, 694, 454, 1, 7, 1
77, 1, 365, 151, 693, 454, 1, 7, 1
78, 1, 363, 154, 696, 453, 1, 7, 1
79, 1, 363, 152, 692, 453, 1, 7, 1
80, 1, 360, 152, 697, 454, 1, 7, 1
81, 1, 363, 153, 692, 452, 1, 7, 1
82, 1, 360, 154, 694, 453, 1, 7, 1
83, 1, 358, 154, 696, 452, 1, 7, 1
84, 1, 359, 156, 692, 451, 1, 7, 1
85, 1, 359, 156, 691, 450, 1, 7, 1
86, 1, 356, 156, 692, 449, 1, 7, 1
87, 1, 358, 156, 690, 450, 1, 7, 1
88, 1, 355, 157, 691, 449, 1, 7, 1
89, 1, 355, 156, 690, 448, 1, 7, 1
90, 1, 352, 155, 691, 450, 1, 7, 1
91, 1, 350, 157, 690, 448, 1, 7, 1
92, 1, 345, 157, 695, 446, 1, 7, 1
93, 1, 344, 157, 694, 446, 1, 7, 1
94, 1, 346, 155, 691, 448, 1, 7, 1
95, 1, 348, 157, 689, 447, 1, 7, 1
96, 1, 344, 156, 692, 447, 1, 7, 1
97, 1, 343, 157, 693, 447, 1, 7, 1
98, 1, 344, 157, 690, 447, 1, 7, 1
99, 1, 341, 158, 692, 445, 1, 7, 1
100, 1, 339, 158, 692, 445, 1, 7, 1
101, 1, 341, 158, 689, 445, 1, 7, 1
102, 1, 340, 158, 689, 445, 1, 7, 1
103, 1, 342, 159, 684, 443, 1, 7, 1
104, 1, 339, 159, 688, 443, 1, 7, 1
105, 1, 340, 159, 688, 444, 1, 7, 1
106, 1, 343, 160, 682, 442, 1, 7, 1
107, 1, 343, 159, 680, 443, 1, 7, 1
108, 1, 341, 162, 685, 441, 1, 7, 1
109, 1, 338, 161, 686, 441, 1, 7, 1
110, 1, 339, 162, 681, 440, 1, 7, 1
111, 1, 338, 161, 683, 440, 1, 7, 1
112, 1, 340, 163, 683, 440, 1, 7, 1
113, 1, 338, 162, 682, 440, 1, 7, 1
114, 1, 336, 162, 685, 441, 1, 7, 1
115, 1, 337, 162, 684, 440, 1, 7, 1
116, 1, 340, 163, 681, 439, 1, 7, 1
117, 1, 340, 162, 678, 439, 1, 7, 1
118, 1, 343, 162, 675, 439, 1, 7, 1
119, 1, 343, 163, 676, 439, 1, 7, 1
120, 1, 341, 162, 678, 439, 1, 7, 1
121, 1, 343, 163, 672, 439, 1, 7, 1
122, 1, 350, 161, 666, 440, 1, 7, 1
123, 1, 350, 161, 662, 441, 1, 7, 1
124, 1, 350, 160, 659, 442, 1, 7, 1
125, 1, 353, 161, 658, 441, 1, 7, 1
126, 1, 354, 161, 653, 441, 1, 7, 1
127, 1, 355, 162, 650, 441, 1, 7, 1
128, 1, 356, 161, 649, 441, 1, 7, 1
129, 1, 360, 162, 645, 440, 1, 7, 1
130, 1, 359, 161, 640, 439, 1, 7, 1
131, 1, 362, 161, 636, 441, 1, 7, 1
132, 1, 363, 162, 636, 439, 1, 7, 1
133, 1, 361, 163, 635, 438, 1, 7, 1
134, 1, 361, 162, 635, 439, 1, 7, 1
135, 1, 359, 163, 636, 437, 1, 7, 1
136, 1, 361, 163, 634, 438, 1, 7, 1
137, 1, 363, 162, 630, 439, 1, 7, 1
138, 1, 362, 162, 631, 440, 1, 7, 1
139, 1, 362, 162, 631, 439, 1, 7, 1
140, 1, 363, 162, 627, 439, 1, 7, 1
141, 1, 362, 162, 627, 437, 1, 7, 1
142, 1, 361, 161, 628, 440, 1, 7, 1
143, 1, 358, 162, 631, 438, 1, 7, 1
144, 1, 358, 162, 631, 438, 1, 7, 1
145, 1, 355, 161, 631, 440, 1, 7, 1
146, 1, 358, 161, 628, 441, 1, 7, 1
147, 1, 356, 160, 628, 441, 1, 7, 1
148, 1, 356, 161, 625, 441, 1, 7, 1
149, 1, 353, 161, 631, 442, 1, 7, 1
150, 1, 351, 161, 633, 440, 1, 7, 1
151, 1, 349, 161, 632, 441, 1, 7, 1
152, 1, 352, 160, 628, 441, 1, 7, 1
153, 1, 348, 161, 633, 441, 1, 7, 1
154, 1, 345, 161, 638, 440, 1, 7, 1
155, 1, 343, 161, 640, 440, 1, 7, 1
156, 1, 342, 161, 637, 441, 1, 7, 1
157, 1, 339, 161, 637, 441, 1, 7, 1
158, 1, 341, 160, 638, 441, 1, 7, 1
159, 1, 340, 160, 638, 442, 1, 7, 1
160, 1, 341, 159, 637, 442, 1, 7, 1
161, 1, 338, 160, 639, 442, 1, 7, 1
162, 1, 340, 160, 639, 440, 1, 7, 1
163, 1, 339, 160, 636, 441, 1, 7, 1
164, 1, 342, 160, 633, 440, 1, 7, 1
165, 1, 339, 160, 636, 440, 1, 7, 1
166, 1, 339, 161, 636, 440, 1, 7, 1
167, 1, 338, 160, 635, 441, 1, 7, 1
168, 1, 337, 160, 631, 441, 1, 7, 1
169, 1, 340, 160, 625, 441, 1, 7, 1
170, 1, 336, 160, 630, 442, 1, 7, 1
171, 1, 334, 159, 630, 442, 1, 7, 1
172, 1, 333, 161, 631, 440, 1, 7, 1
173, 1, 333, 161, 631, 440, 1, 7, 1
174, 1, 333, 162, 630, 439, 1, 7, 1
175, 1, 331, 161, 632, 439, 1, 7, 1
176, 1, 332, 161, 628, 441, 1, 7, 1
177, 1, 334, 161, 627, 440, 1, 7, 1
178, 1, 334, 162, 624, 439, 1, 7, 1
179, 1, 333, 162, 623, 438, 1, 7, 1
180, 1, 331, 160, 624, 440, 1, 7, 1
181, 1, 335, 161, 618, 441, 1, 7, 1
182, 1, 329, 160, 625, 441, 1, 7, 1
183, 1, 331, 160, 623, 442, 1, 7, 1
184, 1, 333, 159, 619, 442, 1, 7, 1
185, 1, 332, 159, 619, 441, 1, 7, 1
186, 1, 330, 159, 620, 440, 1, 7, 1
187, 1, 333, 159, 616, 440, 1, 7, 1
188, 1, 333, 159, 614, 440, 1, 7, 1
189, 1, 331, 159, 614, 440, 1, 7, 1
190, 1, 332, 159, 615, 439, 1, 7, 1
191, 1, 334, 158, 615, 441, 1, 7, 1
192, 1, 333, 158, 610, 439, 1, 7, 1
193, 1, 333, 156, 610, 441, 1, 7, 1
194, 1, 334, 158, 607, 440, 1, 7, 1
195, 1, 333, 155, 608, 442, 1, 7, 1
196, 1, 332, 157, 608, 440, 1, 7, 1
197, 1, 333, 156, 606, 441, 1, 7, 1
198, 1, 334, 156, 605, 441, 1, 7, 1
199, 1, 329, 156, 609, 440, 1, 7, 1
200, 1, 332, 155, 605, 443, 1, 7, 1
201, 1, 333, 155, 604, 442, 1, 7, 1
202, 1, 330, 155, 607, 443, 1, 7, 1
203, 1, 330, 154, 604, 443, 1, 7, 1
204, 1, 331, 154, 604, 445, 1, 7, 1
205, 1, 331, 153, 603, 444, 1, 7, 1
206, 1, 330, 153, 601, 444, 1, 7, 1
207, 1, 329, 153, 602, 444, 1, 7, 1
208, 1, 331, 152, 600, 446, 1, 7, 1
209, 1, 331, 152, 598, 445, 1, 7, 1
210, 1, 332, 151, 598, 446, 1, 7, 1
211, 1, 331, 152, 597, 446, 1, 7, 1
212, 1, 331, 151, 595, 444, 1, 7, 1
213, 1, 330, 152, 595, 443, 1, 7, 1
214, 1, 333, 152, 592, 442, 1, 7, 1
215, 1, 333, 151, 590, 444, 1, 7, 1
216, 1, 329, 151, 593, 444, 1, 7, 1
217, 1, 330, 151, 591, 442, 1, 7, 1
218, 1, 332, 151, 587, 446, 1, 7, 1
219, 1, 328, 151, 591, 443, 1, 7, 1
220, 1, 333, 150, 584, 444, 1, 7, 1
221, 1, 330, 150, 588, 445, 1, 7, 1
222, 1, 327, 149, 592, 445, 1, 7, 1
223, 1, 325, 148, 591, 447, 1, 7, 1
224, 1, 326, 148, 591, 445, 1, 7, 1
225, 1, 328, 148, 588, 445, 1, 7, 1
226, 1, 329, 147, 588, 446, 1, 7, 1
227, 1, 330, 146, 586, 445, 1, 7, 1
228, 1, 331, 147, 585, 446, 1, 7, 1
229, 1, 332, 147, 583, 445, 1, 7, 1
230, 1, 329, 145, 585, 447, 1, 7, 1
231, 1, 330, 147, 583, 447, 1, 7, 1
232, 1, 330, 147, 581, 446, 1, 7, 1
233, 1, 328, 145, 581, 447, 1, 7, 1
234, 1, 330, 147, 580, 446, 1, 7, 1
235, 1, 330, 146, 580, 445, 1, 7, 1
236, 1, 329, 145, 578, 447, 1, 7, 1
237, 1, 328, 145, 576, 446, 1, 7, 1
238, 1, 330, 145, 576, 446, 1, 7, 1
239, 1, 331, 145, 572, 447, 1, 7, 1
240, 1, 328, 143, 575, 447, 1, 7, 1
241, 1, 328, 144, 574, 447, 1, 7, 1
242, 1, 329, 144, 575, 447, 1, 7, 1
243, 1, 329, 143, 573, 447, 1, 7, 1
244, 1, 329, 143, 573, 447, 1, 7, 1
245, 1, 329, 143, 572, 447, 1, 7, 1
246, 1, 330, 144, 568, 445, 1, 7, 1
247, 1, 329, 143, 569, 447, 1, 7, 1
248, 1, 329, 144, 569, 446, 1, 7, 1
249, 1, 328, 144, 570, 445, 1, 7, 1
250, 1, 328, 144, 568, 444, 1, 7, 1
251, 1, 326, 143, 571, 445, 1, 7, 1
252, 1, 327, 144, 570, 446, 1, 7, 1
253, 1, 327, 144, 570, 446, 1, 7, 1
254, 1, 326, 145, 569, 443, 1, 7, 1
255, 1, 327, 144, 569, 445, 1, 7, 1
256, 1, 328, 145, 567, 445, 1, 7, 1
257, 1, 325, 143, 570, 445, 1, 7, 1
258, 1, 327, 144, 568, 445, 1, 7, 1
259, 1, 326, 144, 569, 445, 1, 7, 1
260, 1, 324, 143, 569, 446, 1, 7, 1
261, 1, 324, 143, 568, 446, 1, 7, 1
262, 1, 327, 145, 569, 445, 1, 7, 1
263, 1, 326, 146, 567, 444, 1, 7, 1
264, 1, 326, 148, 565, 442, 1, 7, 1
265, 1, 326, 149, 566, 442, 1, 7, 1
266, 1, 326, 151, 566, 441, 1, 7, 1
267, 1, 326, 154, 564, 436, 1, 7, 1
268, 1, 324, 156, 566, 434, 1, 7, 1
269, 1, 326, 160, 566, 432, 1, 7, 1
270, 1, 328, 159, 559, 431, 1, 7, 1
271, 1, 328, 161, 559, 428, 1, 7, 1
272, 1, 331, 165, 558, 425, 1, 7, 1
273, 1, 333, 169, 554, 422, 1, 7, 1
274, 1, 330, 171, 558, 421, 1, 7, 1
275, 1, 331, 174, 556, 418, 1, 7, 1
276, 1, 333, 177, 554, 414, 1, 7, 1
277, 1, 331, 178, 556, 413, 1, 7, 1
278, 1, 331, 182, 558, 409, 1, 7, 1
279, 1, 331, 184, 557, 407, 1, 7, 1
280, 1, 331, 186, 555, 405, 1, 7, 1
281, 1, 331, 187, 555, 404, 1, 7, 1
282, 1, 331, 192, 558, 399, 1, 7, 1
283, 1, 332, 195, 557, 396, 1, 7, 1
284, 1, 330, 197, 557, 393, 1, 7, 1
285, 1, 332, 202, 554, 389, 1, 7, 1
286, 1, 330, 210, 560, 381, 1, 7, 1
287, 1, 330, 208, 556, 382, 1, 7, 1
288, 1, 330, 209, 555, 381, 1, 7, 1
289, 1, 331, 209, 557, 381, 1, 7, 1
290, 1, 331, 209, 556, 382, 1, 7, 1
291, 1, 329, 206, 557, 385, 1, 7, 1
292, 1, 331, 206, 554, 384, 1, 7, 1
293, 1, 332, 206, 554, 384, 1, 7, 1
294, 1, 327, 202, 556, 388, 1, 7, 1
295, 1, 328, 199, 558, 391, 1, 7, 1
296, 1, 330, 199, 555, 392, 1, 7, 1
297, 1, 329, 196, 557, 394, 1, 7, 1
298, 1, 329, 194, 556, 397, 1, 7, 1
299, 1, 329, 193, 557, 398, 1, 7, 1
300, 1, 329, 191, 558, 399, 1, 7, 1
301, 1, 325, 190, 561, 400, 1, 7, 1
302, 1, 326, 187, 562, 403, 1, 7, 1
303, 1, 325, 187, 565, 406, 1, 7, 1
304, 1, 323, 185, 563, 406, 1, 7, 1
305, 1, 322, 184, 564, 407, 1, 7, 1
306, 1, 322, 184, 564, 408, 1, 7, 1
307, 1, 320, 182, 566, 410, 1, 7, 1
308, 1, 319, 180, 566, 410, 1, 7, 1
309, 1, 320, 180, 567, 413, 1, 7, 1
310, 1, 321, 177, 567, 414, 1, 7, 1
311, 1, 319, 174, 567, 418, 1, 7, 1
312, 1, 319, 173, 568, 418, 1, 7, 1
313, 1, 320, 172, 567, 419, 1, 7, 1
314, 1, 319, 170, 568, 422, 1, 7, 1
315, 1, 317, 167, 571, 423, 1, 7, 1
316, 1, 321, 166, 567, 425, 1, 7, 1
317, 1, 322, 163, 567, 427, 1, 7, 1
318, 1, 318, 162, 568, 429, 1, 7, 1
319, 1, 321, 159, 565, 433, 1, 7, 1
320, 1, 323, 159, 565, 433, 1, 7, 1
321, 1, 323, 157, 565, 434, 1, 7, 1
322, 1, 322, 156, 567, 434, 1, 7, 1
323, 1, 324, 156, 567, 433, 1, 7, 1
324, 1, 327, 157, 562, 432, 1, 7, 1
325, 1, 324, 156, 564, 432, 1, 7, 1
326, 1, 328, 156, 562, 432, 1, 7, 1
327, 1, 329, 158, 562, 432, 1, 7, 1
328, 1, 328, 156, 563, 431, 1, 7, 1
329, 1, 328, 156, 563, 432, 1, 7, 1
330, 1, 330, 157, 561, 433, 1, 7, 1
331, 1, 328, 156, 562, 434, 1, 7, 1
332, 1, 329, 154, 560, 434, 1, 7, 1
333, 1, 329, 154, 566, 438, 1, 7, 1
334, 1, 328, 154, 564, 435, 1, 7, 1
335, 1, 324, 155, 567, 433, 1, 7, 1
336, 1, 326, 153, 566, 435, 1, 7, 1
337, 1, 324, 155, 568, 434, 1, 7, 1
338, 1, 326, 153, 565, 436, 1, 7, 1
339, 1, 326, 154, 563, 434, 1, 7, 1
340, 1, 325, 154, 566, 436, 1, 7, 1
341, 1, 323, 155, 567, 434, 1, 7, 1
342, 1, 323, 154, 567, 435, 1, 7, 1
343, 1, 323, 156, 569, 434, 1, 7, 1
344, 1, 325, 157, 566, 433, 1, 7, 1
345, 1, 323, 158, 565, 430, 1, 7, 1
346, 1, 325, 159, 563, 431, 1, 7, 1
347, 1, 324, 162, 567, 427, 1, 7, 1
348, 1, 323, 165, 566, 423, 1, 7, 1
349, 1, 321, 168, 568, 420, 1, 7, 1
350, 1, 324, 173, 567, 416, 1, 7, 1
351, 1, 325, 177, 563, 412, 1, 7, 1
352, 1, 324, 181, 563, 408, 1, 7, 1
353, 1, 325, 183, 564, 406, 1, 7, 1
354, 1, 326, 189, 564, 399, 1, 7, 1
355, 1, 326, 188, 560, 401, 1, 7, 1
356, 1, 327, 189, 560, 398, 1, 7, 1
357, 1, 324, 191, 565, 397, 1, 7, 1
358, 1, 323, 192, 566, 396, 1, 7, 1
359, 1, 322, 192, 565, 395, 1, 7, 1
360, 1, 326, 195, 563, 394, 1, 7, 1
361, 1, 325, 195, 563, 393, 1, 7, 1
362, 1, 321, 193, 567, 395, 1, 7, 1
363, 1, 324, 194, 565, 394, 1, 7, 1
364, 1, 325, 192, 565, 397, 1, 7, 1
365, 1, 323, 189, 564, 398, 1, 7, 1
366, 1, 324, 189, 564, 398, 1, 7, 1
367, 1, 323, 190, 567, 401, 1, 7, 1
368, 1, 324, 189, 565, 400, 1, 7, 1
369, 1, 321, 189, 566, 399, 1, 7, 1
370, 1, 325, 190, 566, 399, 1, 7, 1
371, 1, 327, 189, 563, 400, 1, 7, 1
372, 1, 322, 187, 566, 403, 1, 7, 1
373, 1, 326, 186, 562, 404, 1, 7, 1
374, 1, 325, 186, 566, 405, 1, 7, 1
375, 1, 324, 184, 563, 406, 1, 7, 1
376, 1, 326, 183, 561, 406, 1, 7, 1
377, 1, 330, 183, 559, 409, 1, 7, 1
378, 1, 330, 182, 559, 408, 1, 7, 1
379, 1, 325, 179, 561, 410, 1, 7, 1
380, 1, 327, 181, 561, 411, 1, 7, 1
381, 1, 328, 181, 561, 409, 1, 7, 1
382, 1, 325, 178, 560, 412, 1, 7, 1
383, 1, 324, 177, 564, 412, 1, 7, 1
384, 1, 326, 178, 564, 413, 1, 7, 1
385, 1, 326, 175, 562, 415, 1, 7, 1
386, 1, 323, 172, 564, 417, 1, 7, 1
387, 1, 327, 171, 563, 420, 1, 7, 1
388, 1, 330, 172, 559, 418, 1, 7, 1
389, 1, 333, 168, 554, 421, 1, 7, 1
390, 1, 328, 169, 561, 423, 1, 7, 1
391, 1, 331, 171, 558, 421, 1, 7, 1
392, 1, 333, 170, 554, 419, 1, 7, 1
393, 1, 333, 169, 554, 420, 1, 7, 1
394, 1, 336, 171, 554, 422, 1, 7, 1
395, 1, 336, 170, 550, 421, 1, 7, 1
396, 1, 333, 168, 553, 422, 1, 7, 1
397, 1, 336, 169, 550, 423, 1, 7, 1
398, 1, 344, 169, 543, 423, 1, 7, 1
399, 1, 339, 167, 547, 423, 1, 7, 1
400, 1, 342, 168, 544, 423, 1, 7, 1
401, 1, 339, 170, 548, 421, 1, 7, 1
402, 1, 347, 170, 538, 421, 1, 7, 1
403, 1, 350, 167, 533, 423, 1, 7, 1
404, 1, 351, 169, 534, 422, 1, 7, 1
405, 1, 350, 171, 536, 421, 1, 7, 1
406, 1, 358, 169, 526, 421, 1, 7, 1
407, 1, 363, 171, 522, 421, 1, 7, 1
408, 1, 380, 172, 502, 420, 1, 7, 1
409, 1, 388, 172, 493, 420, 1, 7, 1
410, 1, 387, 172, 494, 418, 1, 7, 1
411, 1, 393, 173, 488, 418, 1, 7, 1
412, 1, 398, 173, 483, 418, 1, 7, 1
413, 1, 400, 172, 480, 419, 1, 7, 1
414, 1, 400, 173, 480, 418, 1, 7, 1
415, 1, 402, 172, 479, 418, 1, 7, 1
416, 1, 404, 171, 474, 419, 1, 7, 1
417, 1, 401, 170, 477, 421, 1, 7, 1
418, 1, 396, 168, 484, 423, 1, 7, 1
419, 1, 393, 164, 487, 428, 1, 7, 1
420, 1, 393, 163, 486, 427, 1, 7, 1
421, 1, 390, 160, 489, 433, 1, 7, 1
422, 1, 383, 160, 498, 432, 1, 7, 1
423, 1, 378, 159, 504, 434, 1, 7, 1
424, 1, 375, 158, 506, 436, 1, 7, 1
425, 1, 370, 158, 513, 435, 1, 7, 1
426, 1, 365, 158, 517, 435, 1, 7, 1
427, 1, 363, 157, 519, 436, 1, 7, 1
428, 1, 359, 158, 524, 435, 1, 7, 1
429, 1, 356, 158, 526, 436, 1, 7, 1
430, 1, 352, 158, 531, 436, 1, 7, 1
431, 1, 348, 159, 534, 435, 1, 7, 1
432, 1, 343, 159, 539, 435, 1, 7, 1
433, 1, 342, 159, 541, 435, 1, 7, 1
434, 1, 342, 158, 539, 435, 1, 7, 1
435, 1, 343, 160, 540, 433, 1, 7, 1
436, 1, 340, 157, 543, 434, 1, 7, 1
437, 1, 340, 158, 542, 435, 1, 7, 1
438, 1, 333, 157, 550, 436, 1, 7, 1
439, 1, 331, 159, 552, 435, 1, 7, 1
440, 1, 330, 159, 553, 434, 1, 7, 1
441, 1, 329, 161, 553, 433, 1, 7, 1
442, 1, 329, 160, 554, 434, 1, 7, 1
443, 1, 331, 161, 552, 432, 1, 7, 1
444, 1, 328, 163, 555, 430, 1, 7, 1
445, 1, 328, 166, 555, 427, 1, 7, 1
446, 1, 328, 167, 554, 427, 1, 7, 1
447, 1, 328, 169, 555, 424, 1, 7, 1
448, 1, 329, 171, 553, 421, 1, 7, 1
449, 1, 328, 173, 556, 419, 1, 7, 1
450, 1, 327, 176, 555, 418, 1, 7, 1
451, 1, 329, 176, 552, 416, 1, 7, 1
452, 1, 327, 181, 555, 412, 1, 7, 1
453, 1, 327, 182, 555, 410, 1, 7, 1
454, 1, 325, 183, 556, 409, 1, 7, 1
455, 1, 326, 185, 555, 407, 1, 7, 1
456, 1, 327, 189, 556, 404, 1, 7, 1
457, 1, 326, 191, 553, 400, 1, 7, 1
458, 1, 326, 193, 553, 399, 1, 7, 1
459, 1, 329, 196, 551, 397, 1, 7, 1
460, 1, 331, 198, 548, 394, 1, 7, 1
461, 1, 330, 200, 549, 392, 1, 7, 1
462, 1, 331, 201, 547, 392, 1, 7, 1
463, 1, 332, 202, 546, 391, 1, 7, 1
464, 1, 331, 200, 547, 392, 1, 7, 1
465, 1, 335, 200, 542, 392, 1, 7, 1
466, 1, 338, 198, 540, 395, 1, 7, 1
467, 1, 339, 197, 539, 396, 1, 7, 1
468, 1, 340, 195, 535, 395, 1, 7, 1
469, 1, 337, 195, 541, 397, 1, 7, 1
470, 1, 337, 195, 540, 396, 1, 7, 1
471, 1, 339, 192, 535, 399, 1, 7, 1
472, 1, 341, 193, 533, 395, 1, 7, 1
473, 1, 343, 192, 532, 397, 1, 7, 1
474, 1, 343, 189, 530, 398, 1, 7, 1
475, 1, 344, 187, 529, 401, 1, 7, 1
476, 1, 348, 186, 525, 402, 1, 7, 1
477, 1, 350, 184, 519, 404, 1, 7, 1
478, 1, 354, 184, 515, 403, 1, 7, 1
479, 1, 357, 183, 512, 404, 1, 7, 1
480, 1, 358, 182, 511, 405, 1, 7, 1
481, 1, 358, 181, 510, 406, 1, 7, 1
482, 1, 365, 180, 504, 408, 1, 7, 1
483, 1, 370, 178, 497, 408, 1, 7, 1
484, 1, 374, 178, 492, 410, 1, 7, 1
485, 1, 378, 177, 488, 410, 1, 7, 1
486, 1, 381, 176, 484, 411, 1, 7, 1
487, 1, 383, 175, 482, 412, 1, 7, 1
488, 1, 384, 175, 482, 411, 1, 7, 1
489, 1, 390, 174, 475, 412, 1, 7, 1
490, 1, 393, 174, 472, 413, 1, 7, 1
491, 1, 399, 172, 464, 414, 1, 7, 1
492, 1, 401, 171, 462, 416, 1, 7, 1
493, 1, 404, 171, 458, 415, 1, 7, 1
494, 1, 408, 170, 452, 414, 1, 7, 1
495, 1, 416, 172, 445, 414, 1, 7, 1
496, 1, 421, 170, 439, 414, 1, 7, 1
497, 1, 427, 172, 432, 414, 1, 7, 1
498, 1, 428, 170, 430, 415, 1, 7, 1
499, 1, 433, 172, 424, 414, 1, 7, 1
500, 1, 436, 170, 424, 415, 1, 7, 1
501, 1, 441, 172, 416, 415, 1, 7, 1
502, 1, 446, 172, 410, 414, 1, 7, 1
503, 1, 451, 174, 404, 411, 1, 7, 1
504, 1, 454, 174, 403, 408, 1, 7, 1
505, 1, 461, 174, 393, 411, 1, 7, 1
506, 1, 462, 174, 391, 409, 1, 7, 1
507, 1, 468, 174, 384, 411, 1, 7, 1
508, 1, 474, 175, 378, 409, 1, 7, 1
509, 1, 477, 173, 376, 411, 1, 7, 1
510, 1, 478, 174, 374, 411, 1, 7, 1
511, 1, 484, 173, 367, 411, 1, 7, 1
512, 1, 483, 174, 367, 411, 1, 7, 1
513, 1, 486, 173, 365, 410, 1, 7, 1
514, 1, 482, 174, 368, 411, 1, 7, 1
515, 1, 489, 171, 362, 412, 1, 7, 1
516, 1, 479, 171, 371, 415, 1, 7, 1
517, 1, 476, 168, 374, 416, 1, 7, 1
518, 1, 478, 167, 372, 418, 1, 7, 1
519, 1, 476, 165, 375, 419, 1, 7, 1
520, 1, 471, 164, 379, 421, 1, 7, 1
521, 1, 468, 164, 383, 420, 1, 7, 1
522, 1, 470, 162, 379, 423, 1, 7, 1
523, 1, 464, 162, 386, 422, 1, 7, 1
524, 1, 464, 162, 386, 421, 1, 7, 1
525, 1, 458, 163, 393, 420, 1, 7, 1
526, 1, 451, 164, 400, 420, 1, 7, 1
527, 1, 446, 164, 405, 420, 1, 7, 1
528, 1, 442, 165, 411, 418, 1, 7, 1
529, 1, 435, 167, 417, 417, 1, 7, 1
530, 1, 432, 167, 421, 417, 1, 7, 1
531, 1, 428, 166, 427, 419, 1, 7, 1
532, 1, 419, 165, 436, 420, 1, 7, 1
533, 1, 418, 165, 440, 421, 1, 7, 1
534, 1, 411, 165, 448, 421, 1, 7, 1
535, 1, 404, 164, 455, 424, 1, 7, 1
536, 1, 403, 165, 461, 421, 1, 7, 1
537, 1, 399, 167, 466, 421, 1, 7, 1
538, 1, 394, 168, 473, 419, 1, 7, 1
539, 1, 389, 169, 481, 419, 1, 7, 1
540, 1, 383, 169, 488, 418, 1, 7, 1
541, 1, 382, 171, 491, 417, 1, 7, 1
542, 1, 374, 171, 502, 418, 1, 7, 1
543, 1, 367, 171, 510, 419, 1, 7, 1
544, 1, 364, 172, 515, 418, 1, 7, 1
545, 1, 356, 171, 524, 418, 1, 7, 1
546, 1, 356, 172, 525, 420, 1, 7, 1
547, 1, 353, 170, 529, 422, 1, 7, 1
548, 1, 349, 169, 534, 422, 1, 7, 1
549, 1, 348, 169, 537, 421, 1, 7, 1
550, 1, 343, 170, 544, 421, 1, 7, 1
551, 1, 346, 172, 542, 418, 1, 7, 1
552, 1, 347, 172, 540, 419, 1, 7, 1
553, 1, 344, 175, 544, 415, 1, 7, 1
554, 1, 337, 176, 552, 413, 1, 7, 1
555, 1, 337, 175, 552, 415, 1, 7, 1
556, 1, 337, 179, 552, 411, 1, 7, 1
557, 1, 338, 178, 550, 411, 1, 7, 1
558, 1, 332, 178, 558, 412, 1, 7, 1
559, 1, 337, 177, 554, 414, 1, 7, 1
560, 1, 335, 176, 553, 414, 1, 7, 1
561, 1, 332, 176, 559, 415, 1, 7, 1
562, 1, 329, 177, 562, 415, 1, 7, 1
563, 1, 332, 178, 559, 413, 1, 7, 1
564, 1, 331, 178, 562, 412, 1, 7, 1
565, 1, 328, 176, 564, 414, 1, 7, 1
566, 1, 329, 175, 562, 416, 1, 7, 1
567, 1, 328, 173, 563, 418, 1, 7, 1
568, 1, 329, 169, 562, 422, 1, 7, 1
569, 1, 330, 167, 561, 423, 1, 7, 1
570, 1, 329, 165, 564, 426, 1, 7, 1
571, 1, 330, 164, 562, 425, 1, 7, 1
572, 1, 328, 164, 563, 427, 1, 7, 1
573, 1, 331, 163, 561, 428, 1, 7, 1
574, 1, 330, 163, 561, 429, 1, 7, 1
575, 1, 329, 163, 562, 429, 1, 7, 1
576, 1, 329, 163, 563, 428, 1, 7, 1
577, 1, 327, 164, 565, 426, 1, 7, 1
578, 1, 328, 164, 563, 426, 1, 7, 1
579, 1, 329, 166, 564, 425, 1, 7, 1
580, 1, 329, 166, 563, 425, 1, 7, 1
581, 1, 331, 167, 561, 423, 1, 7, 1
582, 1, 330, 167, 561, 422, 1, 7, 1
583, 1, 330, 167, 562, 423, 1, 7, 1
584, 1, 333, 168, 559, 422, 1, 7, 1
585, 1, 334, 168, 558, 423, 1, 7, 1
586, 1, 335, 169, 557, 422, 1, 7, 1
587, 1, 335, 170, 558, 421, 1, 7, 1
588, 1, 334, 172, 558, 419, 1, 7, 1
589, 1, 332, 173, 558, 417, 1, 7, 1
590, 1, 336, 176, 556, 415, 1, 7, 1
591, 1, 335, 177, 557, 413, 1, 7, 1
592, 1, 333, 180, 558, 410, 1, 7, 1
593, 1, 333, 180, 559, 408, 1, 7, 1
594, 1, 334, 182, 558, 409, 1, 7, 1
595, 1, 334, 182, 557, 407, 1, 7, 1
596, 1, 333, 182, 558, 407, 1, 7, 1
597, 1, 332, 182, 560, 408, 1, 7, 1
598, 1, 333, 181, 557, 409, 1, 7, 1
599, 1, 334, 181, 557, 409, 1, 7, 1
600, 1, 334, 179, 557, 410, 1, 7, 1
601, 1, 332, 180, 560, 412, 1, 7, 1
602, 1, 335, 177, 555, 413, 1, 7, 1
603, 1, 334, 178, 557, 412, 1, 7, 1
604, 1, 334, 176, 559, 412, 1, 7, 1
605, 1, 333, 177, 558, 413, 1, 7, 1
606, 1, 333, 174, 558, 414, 1, 7, 1
607, 1, 335, 175, 557, 414, 1, 7, 1
608, 1, 336, 173, 557, 416, 1, 7, 1
609, 1, 335, 173, 556, 416, 1, 7, 1
610, 1, 333, 172, 558, 417, 1, 7, 1
611, 1, 336, 173, 556, 417, 1, 7, 1
612, 1, 336, 170, 557, 419, 1, 7, 1
613, 1, 335, 171, 557, 417, 1, 7, 1
614, 1, 336, 171, 557, 420, 1, 7, 1
615, 1, 335, 171, 558, 421, 1, 7, 1
616, 1, 334, 169, 559, 420, 1, 7, 1
617, 1, 337, 168, 554, 421, 1, 7, 1
618, 1, 335, 170, 559, 419, 1, 7, 1
619, 1, 336, 167, 556, 422, 1, 7, 1
620, 1, 336, 168, 556, 422, 1, 7, 1
621, 1, 336, 168, 558, 422, 1, 7, 1
622, 1, 330, 169, 565, 422, 1, 7, 1
623, 1, 329, 167, 565, 423, 1, 7, 1
624, 1, 328, 170, 565, 421, 1, 7, 1
625, 1, 329, 171, 565, 419, 1, 7, 1
626, 1, 331, 171, 563, 420, 1, 7, 1
627, 1, 331, 171, 564, 420, 1, 7, 1
628, 1, 330, 172, 563, 419, 1, 7, 1
629, 1, 333, 172, 559, 420, 1, 7, 1
630, 1, 335, 172, 559, 421, 1, 7, 1
631, 1, 335, 173, 560, 418, 1, 7, 1
632, 1, 337, 174, 557, 418, 1, 7, 1
633, 1, 337, 174, 557, 417, 1, 7, 1
634, 1, 338, 173, 555, 419, 1, 7, 1
635, 1, 339, 176, 557, 416, 1, 7, 1
636, 1, 339, 177, 555, 415, 1, 7, 1
637, 1, 338, 177, 555, 415, 1, 7, 1
638, 1, 340, 179, 556, 414, 1, 7, 1
639, 1, 339, 177, 555, 414, 1, 7, 1
640, 1, 337, 171, 557, 421, 1, 7, 1
641, 1, 337, 169, 557, 422, 1, 7, 1
642, 1, 339, 164, 556, 429, 1, 7, 1
643, 1, 338, 162, 555, 430, 1, 7, 1
644, 1, 334, 160, 559, 432, 1, 7, 1
645, 1, 337, 160, 557, 432, 1, 7, 1
646, 1, 337, 160, 558, 432, 1, 7, 1
647, 1, 335, 159, 557, 433, 1, 7, 1
648, 1, 336, 161, 559, 432, 1, 7, 1
649, 1, 335, 162, 558, 431, 1, 7, 1
650, 1, 334, 162, 557, 430, 1, 7, 1
651, 1, 333, 163, 561, 429, 1, 7, 1
652, 1, 334, 163, 559, 430, 1, 7, 1
653, 1, 333, 164, 560, 428, 1, 7, 1
654, 1, 335, 164, 557, 429, 1, 7, 1
655, 1, 335, 163, 556, 429, 1, 7, 1
656, 1, 331, 164, 565, 427, 1, 7, 1
657, 1, 331, 164, 561, 428, 1, 7, 1
658, 1, 331, 165, 561, 428, 1, 7, 1
659, 1, 331, 166, 563, 427, 1, 7, 1
660, 1, 333, 167, 560, 427, 1, 7, 1
661, 1, 334, 166, 558, 426, 1, 7, 1
662, 1, 332, 170, 561, 424, 1, 7, 1
663, 1, 339, 171, 554, 422, 1, 7, 1
664, 1, 335, 173, 557, 420, 1, 7, 1
665, 1, 337, 173, 554, 419, 1, 7, 1
666, 1, 345, 175, 547, 418, 1, 7, 1
667, 1, 340, 173, 552, 419, 1, 7, 1
668, 1, 344, 173, 548, 420, 1, 7, 1
669, 1, 347, 172, 545, 421, 1, 7, 1
670, 1, 356, 170, 535, 424, 1, 7, 1
671, 1, 369, 172, 518, 421, 1, 7, 1
672, 1, 380, 170, 504, 420, 1, 7, 1
673, 1, 382, 173, 503, 418, 1, 7, 1
674, 1, 393, 174, 488, 415, 1, 7, 1
675, 1, 400, 178, 480, 413, 1, 7, 1
676, 1, 400, 178, 479, 411, 1, 7, 1
677, 1, 402, 181, 476, 411, 1, 7, 1
678, 1, 407, 182, 468, 409, 1, 7, 1
679, 1, 415, 185, 459, 407, 1, 7, 1
680, 1, 421, 186, 453, 404, 1, 7, 1
681, 1, 421, 186, 449, 403, 1, 7, 1
682, 1, 433, 187, 436, 402, 1, 7, 1
683, 1, 437, 186, 430, 403, 1, 7, 1
684, 1, 444, 186, 421, 400, 1, 7, 1
685, 1, 447, 185, 419, 400, 1, 7, 1
686, 1, 455, 186, 409, 403, 1, 7, 1
687, 1, 459, 185, 402, 402, 1, 7, 1
688, 1, 461, 186, 399, 400, 1, 7, 1
689, 1, 467, 185, 393, 400, 1, 7, 1
690, 1, 473, 186, 383, 402, 1, 7, 1
691, 1, 472, 185, 382, 400, 1, 7, 1
692, 1, 474, 185, 381, 400, 1, 7, 1
693, 1, 477, 186, 376, 399, 1, 7, 1
694, 1, 477, 186, 375, 399, 1, 7, 1
695, 1, 477, 185, 373, 399, 1, 7, 1
696, 1, 480, 184, 371, 403, 1, 7, 1
697, 1, 482, 183, 370, 404, 1, 7, 1
698, 1, 478, 180, 371, 407, 1, 7, 1
699, 1, 478, 179, 372, 407, 1, 7, 1
700, 1, 476, 181, 376, 409, 1, 7, 1
701, 1, 477, 179, 373, 409, 1, 7, 1
702, 1, 473, 178, 377, 410, 1, 7, 1
703, 1, 474, 181, 377, 407, 1, 7, 1
704, 1, 468, 182, 382, 403, 1, 7, 1
705, 1, 467, 181, 383, 405, 1, 7, 1
706, 1, 467, 181, 384, 405, 1, 7, 1
707, 1, 463, 182, 388, 404, 1, 7, 1
708, 1, 462, 180, 389, 405, 1, 7, 1
709, 1, 457, 180, 394, 407, 1, 7, 1
710, 1, 456, 180, 396, 407, 1, 7, 1
711, 1, 454, 181, 400, 407, 1, 7, 1
712, 1, 452, 180, 402, 407, 1, 7, 1
713, 1, 447, 182, 409, 404, 1, 7, 1
714, 1, 445, 183, 411, 403, 1, 7, 1
715, 1, 439, 182, 416, 403, 1, 7, 1
716, 1, 435, 182, 422, 408, 1, 7, 1
717, 1, 435, 183, 422, 406, 1, 7, 1
718, 1, 426, 183, 430, 406, 1, 7, 1
719, 1, 425, 183, 433, 406, 1, 7, 1
720, 1, 419, 184, 441, 407, 1, 7, 1
721, 1, 413, 184, 448, 406, 1, 7, 1
722, 1, 408, 185, 455, 405, 1, 7, 1
723, 1, 403, 184, 461, 405, 1, 7, 1
724, 1, 400, 187, 467, 403, 1, 7, 1
725, 1, 397, 187, 469, 401, 1, 7, 1
726, 1, 390, 189, 479, 400, 1, 7, 1
727, 1, 391, 192, 478, 396, 1, 7, 1
728, 1, 381, 193, 490, 394, 1, 7, 1
729, 1, 373, 196, 500, 394, 1, 7, 1
730, 1, 367, 197, 510, 391, 1, 7, 1
731, 1, 361, 196, 516, 394, 1, 7, 1
732, 1, 356, 196, 522, 393, 1, 7, 1
733, 1, 352, 199, 527, 391, 1, 7, 1
734, 1, 348, 197, 532, 395, 1, 7, 1
735, 1, 342, 199, 539, 393, 1, 7, 1
736, 1, 343, 201, 539, 391, 1, 7, 1
737, 1, 338, 202, 545, 391, 1, 7, 1
738, 1, 330, 202, 553, 389, 1, 7, 1
739, 1, 328, 204, 555, 386, 1, 7, 1
740, 1, 326, 206, 557, 383, 1, 7, 1
741, 1, 325, 207, 557, 383, 1, 7, 1
742, 1, 327, 206, 557, 383, 1, 7, 1
743, 1, 326, 208, 560, 383, 1, 7, 1
744, 1, 327, 208, 561, 382, 1, 7, 1
745, 1, 325, 208, 559, 382, 1, 7, 1
746, 1, 325, 210, 559, 378, 1, 7, 1
747, 1, 327, 210, 559, 379, 1, 7, 1
748, 1, 323, 212, 562, 376, 1, 7, 1
749, 1, 322, 212, 563, 378, 1, 7, 1
750, 1, 323, 214, 562, 376, 1, 7, 1
1, 2, 862, 243, 128, 87, 1, 7, 1
2, 2, 862, 243, 128, 87, 1, 7, 1
3, 2, 862, 243, 128, 87, 1, 7, 1
4, 2, 862, 243, 128, 87, 1, 7, 1
5, 2, 862, 243, 128, 87, 1, 7, 1
6, 2, 862, 243, 128, 87, 1, 7, 1
7, 2, 862, 243, 128, 87, 1, 7, 1
8, 2, 862, 243, 128, 87, 1, 7, 1
9, 2, 862, 243, 128, 87, 1, 7, 1
10, 2, 862, 243, 128, 87, 1, 7, 1
11, 2, 862, 243, 128, 87, 1, 7, 1
12, 2, 862, 243, 128, 87, 1, 7, 1
13, 2, 862, 243, 128, 87, 1, 7, 1
14, 2, 862, 243, 128, 87, 1, 7, 1
15, 2, 862, 243, 128, 87, 1, 7, 1
16, 2, 862, 243, 128, 87, 1, 7, 1
17, 2, 862, 243, 128, 87, 1, 7, 1
18, 2, 862, 243, 128, 87, 1, 7, 1
19, 2, 862, 243, 128, 87, 1, 7, 1
20, 2, 862, 243, 128, 87, 1, 7, 1
21, 2, 862, 243, 128, 87, 1, 7, 1
22, 2, 862, 243, 128, 87, 1, 7, 1
23, 2, 862, 243, 128, 87, 1, 7, 1
24, 2, 862, 243, 128, 87, 1, 7, 1
25, 2, 862, 243, 128, 87, 1, 7, 1
26, 2, 862, 243, 128, 87, 1, 7, 1
27, 2, 862, 243, 128, 87, 1, 7, 1
28, 2, 862, 243, 128, 87, 1, 7, 1
29, 2, 862, 243, 128, 87, 1, 7, 1
30, 2, 862, 243, 128, 87, 1, 7, 1
31, 2, 862, 243, 128, 87, 1, 7, 1
32, 2, 862, 243, 128, 87, 1, 7, 1
33, 2, 862, 243, 128, 87, 1, 7, 1
34, 2, 862, 243, 128, 87, 1, 7, 1
35, 2, 862, 243, 128, 87, 1, 7, 1
36, 2, 862, 243, 128, 87, 1, 7, 1
37, 2, 862, 243, 128, 87, 1, 7, 1
38, 2, 862, 243, 128, 87, 1, 7, 1
39, 2, 862, 243, 128, 87, 1, 7, 1
40, 2, 862, 243, 128, 87, 1, 7, 1
41, 2, 862, 243, 128, 87, 1, 7, 1
42, 2, 862, 243, 128, 87, 1, 7, 1
43, 2, 862, 243, 128, 87, 1, 7, 1
44, 2, 862, 243, 128, 87, 1, 7, 1
45, 2, 862, 243, 128, 87, 1, 7, 1
46, 2, 862, 243, 128, 87, 1, 7, 1
47, 2, 862, 243, 128, 87, 1, 7, 1
48, 2, 862, 243, 128, 87, 1, 7, 1
49, 2, 862, 243, 128, 87, 1, 7, 1
50, 2, 862, 243, 128, 87, 1, 7, 1
51, 2, 862, 243, 128, 87, 1, 7, 1
52, 2, 862, 243, 128, 87, 1, 7, 1
53, 2, 862, 243, 128, 87, 1, 7, 1
54, 2, 862, 243, 128, 87, 1, 7, 1
55, 2, 862, 243, 128, 87, 1, 7, 1
56, 2, 862, 243, 128, 87, 1, 7, 1
57, 2, 862, 243, 128, 87, 1, 7, 1
58, 2, 862, 243, 128, 87, 1, 7, 1
59, 2, 862, 243, 128, 87, 1, 7, 1
60, 2, 862, 243, 128, 87, 1, 7, 1
61, 2, 862, 243, 128, 87, 1, 7, 1
62, 2, 862, 243, 128, 87, 1, 7, 1
63, 2, 862, 243, 128, 87, 1, 7, 1
64, 2, 862, 243, 128, 87, 1, 7, 1
65, 2, 862, 243, 128, 87, 1, 7, 1
66, 2, 862, 243, 128, 87, 1, 7, 1
67, 2, 862, 243, 128, 87, 1, 7, 1
68, 2, 862, 243, 128, 87, 1, 7, 1
69, 2, 862, 243, 128, 87, 1, 7, 1
70, 2, 862, 243, 128, 87, 1, 7, 1
71, 2, 862, 243, 128, 87, 1, 7, 1
72, 2, 862, 243, 128, 87, 1, 7, 1
73, 2, 862, 243, 128, 87, 1, 7, 1
74, 2, 862, 243, 128, 87, 1, 7, 1
75, 2, 862, 243, 128, 87, 1, 7, 1
76, 2, 862, 243, 128, 87, 1, 7, 1
77, 2, 862, 243, 128, 87, 1, 7, 1
78, 2, 862, 243, 128, 87, 1, 7, 1
79, 2, 862, 243, 128, 87, 1, 7, 1
80, 2, 862, 243, 128, 87, 1, 7, 1
81, 2, 862, 243, 128, 87, 1, 7, 1
82, 2, 862, 243, 128, 87, 1, 7, 1
83, 2, 862, 243, 128, 87, 1, 7, 1
84, 2, 862, 243, 128, 87, 1, 7, 1
85, 2, 862, 243, 128, 87, 1, 7, 1
86, 2, 862, 243, 128, 87, 1, 7, 1
87, 2, 862, 243, 128, 87, 1, 7, 1
88, 2, 862, 243, 128, 87, 1, 7, 1
89, 2, 862, 243, 128, 87, 1, 7, 1
90, 2, 862, 243, 128, 87, 1, 7, 1
91, 2, 862, 243, 128, 87, 1, 7, 1
92, 2, 862, 243, 128, 87, 1, 7, 1
93, 2, 862, 243, 128, 87, 1, 7, 1
94, 2, 862, 243, 128, 87, 1, 7, 1
95, 2, 862, 243, 128, 87, 1, 7, 1
96, 2, 862, 243, 128, 87, 1, 7, 1
97, 2, 862, 243, 128, 87, 1, 7, 1
98, 2, 862, 243, 128, 87, 1, 7, 1
99, 2, 862, 243, 128, 87, 1, 7, 1
100, 2, 862, 243, 128, 87, 1, 7, 1
101, 2, 862, 243, 128, 87, 1, 7, 1
102, 2, 862, 243, 128, 87, 1, 7, 1
103, 2, 862, 243, 128, 87, 1, 7, 1
104, 2, 862, 243, 128, 87, 1, 7, 1
105, 2, 862, 243, 128, 87, 1, 7, 1
106, 2, 862, 243, 128, 87, 1, 7, 1
107, 2, 862, 243, 128, 87, 1, 7, 1
108, 2, 862, 243, 128, 87, 1, 7, 1
109, 2, 862, 243, 128, 87, 1, 7, 1
110, 2, 862, 243, 128, 87, 1, 7, 1
111, 2, 862, 243, 128, 87, 1, 7, 1
112, 2, 862, 243, 128, 87, 1, 7, 1
113, 2, 862, 243, 128, 87, 1, 7, 1
114, 2, 862, 243, 128, 87, 1, 7, 1
115, 2, 862, 243, 128, 87, 1, 7, 1
116, 2, 862, 243, 128, 87, 1, 7, 1
117, 2, 862, 243, 128, 87, 1, 7, 1
118, 2, 862, 243, 128, 87, 1, 7, 1
119, 2, 862, 243, 128, 87, 1, 7, 1
120, 2, 862, 243, 128, 87, 1, 7, 1
121, 2, 862, 243, 128, 87, 1, 7, 1
122, 2, 862, 243, 128, 87, 1, 7, 1
123, 2, 862, 243, 128, 87, 1, 7, 1
124, 2, 862, 243, 128, 87, 1, 7, 1
125, 2, 862, 243, 128, 87, 1, 7, 1
126, 2, 862, 243, 128, 87, 1, 7, 1
127, 2, 862, 243, 128, 87, 1, 7, 1
128, 2, 862, 243, 128, 87, 1, 7, 1
129, 2, 862, 243, 128, 87, 1, 7, 1
130, 2, 862, 243, 128, 87, 1, 7, 1
131, 2, 862, 243, 128, 87, 1, 7, 1
132, 2, 862, 243, 128, 87, 1, 7, 1
133, 2, 862, 243, 128, 87, 1, 7, 1
134, 2, 862, 243, 128, 87, 1, 7, 1
135, 2, 862, 243, 128, 87, 1, 7, 1
136, 2, 862, 243, 128, 87, 1, 7, 1
137, 2, 862, 243, 128, 87, 1, 7, 1
138, 2, 862, 243, 128, 87, 1, 7, 1
139, 2, 862, 243, 128, 87, 1, 7, 1
140, 2, 862, 243, 128, 87, 1, 7, 1
141, 2, 862, 243, 128, 87, 1, 7, 1
142, 2, 862, 243, 128, 87, 1, 7, 1
143, 2, 862, 243, 128, 87, 1, 7, 1
144, 2, 862, 243, 128, 87, 1, 7, 1
145, 2, 862, 243, 128, 87, 1, 7, 1
146, 2, 862, 243, 128, 87, 1, 7, 1
147, 2, 862, 243, 128, 87, 1, 7, 1
148, 2, 862, 243, 128, 87, 1, 7, 1
149, 2, 862, 243, 128, 87, 1, 7, 1
150, 2, 862, 243, 128, 87, 1, 7, 1
151, 2, 862, 243, 128, 87, 1, 7, 1
152, 2, 862, 243, 128, 87, 1, 7, 1
153, 2, 862, 243, 128, 87, 1, 7, 1
154, 2, 862, 243, 128, 87, 1, 7, 1
155, 2, 862, 243, 128, 87, 1, 7, 1
156, 2, 862, 243, 128, 87, 1, 7, 1
157, 2, 862, 243, 128, 87, 1, 7, 1
158, 2, 862, 243, 128, 87, 1, 7, 1
159, 2, 862, 243, 128, 87, 1, 7, 1
160, 2, 862, 243, 128, 87, 1, 7, 1
161, 2, 862, 243, 128, 87, 1, 7, 1
162, 2, 862, 243, 128, 87, 1, 7, 1
163, 2, 862, 243, 128, 87, 1, 7, 1
164, 2, 862, 243, 128, 87, 1, 7, 1
165, 2, 862, 243, 128, 87, 1, 7, 1
166, 2, 862, 243, 128, 87, 1, 7, 1
167, 2, 862, 243, 128, 87, 1, 7, 1
168, 2, 862, 243, 128, 87, 1, 7, 1
169, 2, 862, 243, 128, 87, 1, 7, 1
170, 2, 862, 243, 128, 87, 1, 7, 1
171, 2, 862, 243, 128, 87, 1, 7, 1
172, 2, 862, 243, 128, 87, 1, 7, 1
173, 2, 862, 243, 128, 87, 1, 7, 1
174, 2, 862, 243, 128, 87, 1, 7, 1
175, 2, 862, 243, 128, 87, 1, 7, 1
176, 2, 862, 243, 128, 87, 1, 7, 1
177, 2, 862, 243, 128, 87, 1, 7, 1
178, 2, 862, 243, 128, 87, 1, 7, 1
179, 2, 862, 243, 128, 87, 1, 7, 1
180, 2, 862, 243, 128, 87, 1, 7, 1
181, 2, 862, 243, 128, 87, 1, 7, 1
182, 2, 862, 243, 128, 87, 1, 7, 1
183, 2, 862, 243, 128, 87, 1, 7, 1
184, 2, 862, 243, 128, 87, 1, 7, 1
185, 2, 862, 243, 128, 87, 1, 7, 1
186, 2, 862, 243, 128, 87, 1, 7, 1
187, 2, 862, 243, 128, 87, 1, 7, 1
188, 2, 862, 243, 128, 87, 1, 7, 1
189, 2, 862, 243, 128, 87, 1, 7, 1
190, 2, 862, 243, 128, 87, 1, 7, 1
191, 2, 862, 243, 128, 87, 1, 7, 1
192, 2, 862, 243, 128, 87, 1, 7, 1
193, 2, 862, 243, 128, 87, 1, 7, 1
194, 2, 862, 243, 128, 87, 1, 7, 1
195, 2, 862, 243, 128, 87, 1, 7, 1
196, 2, 862, 243, 128, 87, 1, 7, 1
197, 2, 862, 243, 128, 87, 1, 7, 1
198, 2, 862, 243, 128, 87, 1, 7, 1
199, 2, 862, 243, 128, 87, 1, 7, 1
200, 2, 862, 243, 128, 87, 1, 7, 1
201, 2, 862, 243, 128, 87, 1, 7, 1
202, 2, 862, 243, 128, 87, 1, 7, 1
203, 2, 862, 243, 128, 87, 1, 7, 1
204, 2, 862, 243, 128, 87, 1, 7, 1
205, 2, 862, 243, 128, 87, 1, 7, 1
206, 2, 862, 243, 128, 87, 1, 7, 1
207, 2, 862, 243, 128, 87, 1, 7, 1
208, 2, 862, 243, 128, 87, 1, 7, 1
209, 2, 862, 243, 128, 87, 1, 7, 1
210, 2, 862, 243, 128, 87, 1, 7, 1
211, 2, 862, 243, 128, 87, 1, 7, 1
212, 2, 862, 243, 128, 87, 1, 7, 1
213, 2, 862, 243, 128, 87, 1, 7, 1
214, 2, 862, 243, 128, 87, 1, 7, 1
215, 2, 862, 243, 128, 87, 1, 7, 1
216, 2, 862, 243, 128, 87, 1, 7, 1
217, 2, 862, 243, 128, 87, 1, 7, 1
218, 2, 862, 243, 128, 87, 1, 7, 1
219, 2, 862, 243, 128, 87, 1, 7, 1
220, 2, 862, 243, 128, 87, 1, 7, 1
221, 2, 862, 243, 128, 87, 1, 7, 1
222, 2, 862, 243, 128, 87, 1, 7, 1
223, 2, 862, 243, 128, 87, 1, 7, 1
224, 2, 862, 243, 128, 87, 1, 7, 1
225, 2, 862, 243, 128, 87, 1, 7, 1
226, 2, 862, 243, 128, 87, 1, 7, 1
227, 2, 862, 243, 128, 87, 1, 7, 1
228, 2, 862, 243, 128, 87, 1, 7, 1
229, 2, 862, 243, 128, 87, 1, 7, 1
230, 2, 862, 243, 128, 87, 1, 7, 1
231, 2, 862, 243, 128, 87, 1, 7, 1
232, 2, 862, 243, 128, 87, 1, 7, 1
233, 2, 862, 243, 128, 87, 1, 7, 1
234, 2, 862, 243, 128, 87, 1, 7, 1
235, 2, 862, 243, 128, 87, 1, 7, 1
236, 2, 862, 243, 128, 87, 1, 7, 1
237, 2, 862, 243, 128, 87, 1, 7, 1
238, 2, 862, 243, 128, 87, 1, 7, 1
239, 2, 862, 243, 128, 87, 1, 7, 1
240, 2, 862, 243, 128, 87, 1, 7, 1
241, 2, 862, 243, 128, 87, 1, 7, 1
242, 2, 862, 243, 128, 87, 1, 7, 1
243, 2, 862, 243, 128, 87, 1, 7, 1
244, 2, 862, 243, 128, 87, 1, 7, 1
245, 2, 862, 243, 128, 87, 1, 7, 1
246, 2, 862, 243, 128, 87, 1, 7, 1
247, 2, 862, 243, 128, 87, 1, 7, 1
248, 2, 862, 243, 128, 87, 1, 7, 1
249, 2, 862, 243, 128, 87, 1, 7, 1
250, 2, 862, 243, 128, 87, 1, 7, 1
251, 2, 862, 243, 128, 87, 1, 7, 1
252, 2, 862, 243, 128, 87, 1, 7, 1
253, 2, 862, 243, 128, 87, 1, 7, 1
254, 2, 862, 243, 128, 87, 1, 7, 1
255, 2, 862, 243, 128, 87, 1, 7, 1
256, 2, 862, 243, 128, 87, 1, 7, 1
257, 2, 862, 243, 128, 87, 1, 7, 1
258, 2, 862, 243, 128, 87, 1, 7, 1
259, 2, 862, 243, 128, 87, 1, 7, 1
260, 2, 862, 243, 128, 87, 1, 7, 1
261, 2, 862, 243, 128, 87, 1, 7, 1
262, 2, 862, 243, 128, 87, 1, 7, 1
263, 2, 862, 243, 128, 87, 1, 7, 1
264, 2, 862, 243, 128, 87, 1, 7, 1
265, 2, 862, 243, 128, 87, 1, 7, 1
266, 2, 862, 243, 128, 87, 1, 7, 1
267, 2, 862, 243, 128, 87, 1, 7, 1
268, 2, 862, 243, 128, 87, 1, 7, 1
269, 2, 862, 243, 128, 87, 1, 7, 1
270, 2, 862, 243, 128, 87, 1, 7, 1
271, 2, 862, 243, 128, 87, 1, 7, 1
272, 2, 862, 243, 128, 87, 1, 7, 1
273, 2, 862, 243, 128, 87, 1, 7, 1
274, 2, 862, 243, 128, 87, 1, 7, 1
275, 2, 862, 243, 128, 87, 1, 7, 1
276, 2, 862, 243, 128, 87, 1, 7, 1
277, 2, 862, 243, 128, 87, 1, 7, 1
278, 2, 862, 243, 128, 87, 1, 7, 1
279, 2, 862, 243, 128, 87, 1, 7, 1
280, 2, 862, 243, 128, 87, 1, 7, 1
281, 2, 862, 243, 128, 87, 1, 7, 1
282, 2, 862, 243, 128, 87, 1, 7, 1
283, 2, 862, 243, 128, 87, 1, 7, 1
284, 2, 862, 243, 128, 87, 1, 7, 1
285, 2, 862, 243, 128, 87, 1, 7, 1
286, 2, 862, 243, 128, 87, 1, 7, 1
287, 2, 862, 243, 128, 87, 1, 7, 1
288, 2, 862, 243, 128, 87, 1, 7, 1
289, 2, 862, 243, 128, 87, 1, 7, 1
290, 2, 862, 243, 128, 87, 1, 7, 1
291, 2, 862, 243, 128, 87, 1, 7, 1
292, 2, 862, 243, 128, 87, 1, 7, 1
293, 2, 862, 243, 128, 87, 1, 7, 1
294, 2, 862, 243, 128, 87, 1, 7, 1
295, 2, 862, 243, 128, 87, 1, 7, 1
296, 2, 862, 243, 128, 87, 1, 7, 1
297, 2, 862, 243, 128, 87, 1, 7, 1
298, 2, 862, 243, 128, 87, 1, 7, 1
299, 2, 862, 243, 128, 87, 1, 7, 1
300, 2, 862, 243, 128, 87, 1, 7, 1
301, 2, 862, 243, 128, 87, 1, 7, 1
302, 2, 862, 243, 128, 87, 1, 7, 1
303, 2, 862, 243, 128, 87, 1, 7, 1
304, 2, 862, 243, 128, 87, 1, 7, 1
305, 2, 862, 243, 128, 87, 1, 7, 1
306, 2, 862, 243, 128, 87, 1, 7, 1
307, 2, 862, 243, 128, 87, 1, 7, 1
308, 2, 862, 243, 128, 87, 1, 7, 1
309, 2, 862, 243, 128, 87, 1, 7, 1
310, 2, 862, 243, 128, 87, 1, 7, 1
311, 2, 862, 243, 128, 87, 1, 7, 1
312, 2, 862, 243, 128, 87, 1, 7, 1
313, 2, 862, 243, 128, 87, 1, 7, 1
314, 2, 862, 243, 128, 87, 1, 7, 1
315, 2, 862, 243, 128, 87, 1, 7, 1
316, 2, 862, 243, 128, 87, 1, 7, 1
317, 2, 862, 243, 128, 87, 1, 7, 1
318, 2, 862, 243, 128, 87, 1, 7, 1
319, 2, 862, 243, 128, 87, 1, 7, 1
320, 2, 862, 243, 128, 87, 1, 7, 1
321, 2, 862, 243, 128, 87, 1, 7, 1
322, 2, 862, 243, 128, 87, 1, 7, 1
323, 2, 862, 243, 128, 87, 1, 7, 1
324, 2, 862, 243, 128, 87, 1, 7, 1
325, 2, 862, 243, 128, 87, 1, 7, 1
326, 2, 862, 243, 128, 87, 1, 7, 1
327, 2, 862, 243, 128, 87, 1, 7, 1
328, 2, 862, 243, 128, 87, 1, 7, 1
329, 2, 862, 243, 128, 87, 1, 7, 1
330, 2, 862, 243, 128, 87, 1, 7, 1
331, 2, 862, 243, 128, 87, 1, 7, 1
332, 2, 862, 243, 128, 87, 1, 7, 1
333, 2, 862, 243, 128, 87, 1, 7, 1
334, 2, 862, 243, 128, 87, 1, 7, 1
335, 2, 862, 243, 128, 87, 1, 7, 1
336, 2, 862, 243, 128, 87, 1, 7, 1
337, 2, 862, 243, 128, 87, 1, 7, 1
338, 2, 862, 243, 128, 87, 1, 7, 1
339, 2, 862, 243, 128, 87, 1, 7, 1
340, 2, 862, 243, 128, 87, 1, 7, 1
341, 2, 862, 243, 128, 87, 1, 7, 1
342, 2, 862, 243, 128, 87, 1, 7, 1
343, 2, 862, 243, 128, 87, 1, 7, 1
344, 2, 862, 243, 128, 87, 1, 7, 1
345, 2, 862, 243, 128, 87, 1, 7, 1
346, 2, 862, 243, 128, 87, 1, 7, 1
347, 2, 862, 243, 128, 87, 1, 7, 1
348, 2, 862, 243, 128, 87, 1, 7, 1
349, 2, 862, 243, 128, 87, 1, 7, 1
350, 2, 862, 243, 128, 87, 1, 7, 1
351, 2, 862, 243, 128, 87, 1, 7, 1
352, 2, 862, 243, 128, 87, 1, 7, 1
353, 2, 862, 243, 128, 87, 1, 7, 1
354, 2, 862, 243, 128, 87, 1, 7, 1
355, 2, 862, 243, 128, 87, 1, 7, 1
356, 2, 862, 243, 128, 87, 1, 7, 1
357, 2, 862, 243, 128, 87, 1, 7, 1
358, 2, 862, 243, 128, 87, 1, 7, 1
359, 2, 862, 243, 128, 87, 1, 7, 1
360, 2, 862, 243, 128, 87, 1, 7, 1
361, 2, 862, 243, 128, 87, 1, 7, 1
362, 2, 862, 243, 128, 87, 1, 7, 1
363, 2, 862, 243, 128, 87, 1, 7, 1
364, 2, 862, 243, 128, 87, 1, 7, 1
365, 2, 862, 243, 128, 87, 1, 7, 1
366, 2, 862, 243, 128, 87, 1, 7, 1
367, 2, 862, 243, 128, 87, 1, 7, 1
368, 2, 862, 243, 128, 87, 1, 7, 1
369, 2, 862, 243, 128, 87, 1, 7, 1
370, 2, 862, 243, 128, 87, 1, 7, 1
371, 2, 862, 243, 128, 87, 1, 7, 1
372, 2, 862, 243, 128, 87, 1, 7, 1
373, 2, 862, 243, 128, 87, 1, 7, 1
374, 2, 862, 243, 128, 87, 1, 7, 1
375, 2, 862, 243, 128, 87, 1, 7, 1
376, 2, 862, 243, 128, 87, 1, 7, 1
377, 2, 862, 243, 128, 87, 1, 7, 1
378, 2, 862, 243, 128, 87, 1, 7, 1
379, 2, 862, 243, 128, 87, 1, 7, 1
380, 2, 862, 243, 128, 87, 1, 7, 1
381, 2, 862, 243, 128, 87, 1, 7, 1
382, 2, 862, 243, 128, 87, 1, 7, 1
383, 2, 862, 243, 128, 87, 1, 7, 1
384, 2, 862, 243, 128, 87, 1, 7, 1
385, 2, 862, 243, 128, 87, 1, 7, 1
386, 2, 862, 243, 128, 87, 1, 7, 1
387, 2, 862, 243, 128, 87, 1, 7, 1
388, 2, 862, 243, 128, 87, 1, 7, 1
389, 2, 862, 243, 128, 87, 1, 7, 1
390, 2, 862, 243, 128, 87, 1, 7, 1
391, 2, 862, 243, 128, 87, 1, 7, 1
392, 2, 862, 243, 128, 87, 1, 7, 1
393, 2, 862, 243, 128, 87, 1, 7, 1
394, 2, 862, 243, 128, 87, 1, 7, 1
395, 2, 862, 243, 128, 87, 1, 7, 1
396, 2, 862, 243, 128, 87, 1, 7, 1
397, 2, 862, 243, 128, 87, 1, 7, 1
398, 2, 862, 243, 128, 87, 1, 7, 1
399, 2, 862, 243, 128, 87, 1, 7, 1
400, 2, 862, 243, 128, 87, 1, 7, 1
401, 2, 862, 243, 128, 87, 1, 7, 1
402, 2, 862, 243, 128, 87, 1, 7, 1
403, 2, 862, 243, 128, 87, 1, 7, 1
404, 2, 862, 243, 128, 87, 1, 7, 1
405, 2, 862, 243, 128, 87, 1, 7, 1
406, 2, 862, 243, 128, 87, 1, 7, 1
407, 2, 862, 243, 128, 87, 1, 7, 1
408, 2, 862, 243, 128, 87, 1, 7, 1
409, 2, 862, 243, 128, 87, 1, 7, 1
410, 2, 862, 243, 128, 87, 1, 7, 1
411, 2, 862, 243, 128, 87, 1, 7, 1
412, 2, 862, 243, 128, 87, 1, 7, 1
413, 2, 862, 243, 128, 87, 1, 7, 1
414, 2, 862, 243, 128, 87, 1, 7, 1
415, 2, 862, 243, 128, 87, 1, 7, 1
416, 2, 862, 243, 128, 87, 1, 7, 1
417, 2, 862, 243, 128, 87, 1, 7, 1
418, 2, 862, 243, 128, 87, 1, 7, 1
419, 2, 862, 243, 128, 87, 1, 7, 1
420, 2, 862, 243, 128, 87, 1, 7, 1
421, 2, 862, 243, 128, 87, 1, 7, 1
422, 2, 862, 243, 128, 87, 1, 7, 1
423, 2, 862, 243, 128, 87, 1, 7, 1
424, 2, 862, 243, 128, 87, 1, 7, 1
425, 2, 862, 243, 128, 87, 1, 7, 1
426, 2, 862, 243, 128, 87, 1, 7, 1
427, 2, 862, 243, 128, 87, 1, 7, 1
428, 2, 862, 243, 128, 87, 1, 7, 1
429, 2, 862, 243, 128, 87, 1, 7, 1
430, 2, 862, 243, 128, 87, 1, 7, 1
431, 2, 862, 243, 128, 87, 1, 7, 1
432, 2, 862, 243, 128, 87, 1, 7, 1
433, 2, 862, 243, 128, 87, 1, 7, 1
434, 2, 862, 243, 128, 87, 1, 7, 1
435, 2, 862, 243, 128, 87, 1, 7, 1
436, 2, 862, 243, 128, 87, 1, 7, 1
437, 2, 862, 243, 128, 87, 1, 7, 1
438, 2, 862, 243, 128, 87, 1, 7, 1
439, 2, 862, 243, 128, 87, 1, 7, 1
440, 2, 862, 243, 128, 87, 1, 7, 1
441, 2, 862, 243, 128, 87, 1, 7, 1
442, 2, 862, 243, 128, 87, 1, 7, 1
443, 2, 862, 243, 128, 87, 1, 7, 1
444, 2, 862, 243, 128, 87, 1, 7, 1
445, 2, 862, 243, 128, 87, 1, 7, 1
446, 2, 862, 243, 128, 87, 1, 7, 1
447, 2, 862, 243, 128, 87, 1, 7, 1
448, 2, 862, 243, 128, 87, 1, 7, 1
449, 2, 862, 243, 128, 87, 1, 7, 1
450, 2, 862, 243, 128, 87, 1, 7, 1
451, 2, 862, 243, 128, 87, 1, 7, 1
452, 2, 862, 243, 128, 87, 1, 7, 1
453, 2, 862, 243, 128, 87, 1, 7, 1
454, 2, 862, 243, 128, 87, 1, 7, 1
455, 2, 862, 243, 128, 87, 1, 7, 1
456, 2, 862, 243, 128, 87, 1, 7, 1
457, 2, 862, 243, 128, 87, 1, 7, 1
458, 2, 862, 243, 128, 87, 1, 7, 1
459, 2, 862, 243, 128, 87, 1, 7, 1
460, 2, 862, 243, 128, 87, 1, 7, 1
461, 2, 862, 243, 128, 87, 1, 7, 1
462, 2, 862, 243, 128, 87, 1, 7, 1
463, 2, 862, 243, 128, 87, 1, 7, 1
464, 2, 862, 243, 128, 87, 1, 7, 1
465, 2, 862, 243, 128, 87, 1, 7, 1
466, 2, 862, 243, 128, 87, 1, 7, 1
467, 2, 862, 243, 128, 87, 1, 7, 1
468, 2, 862, 243, 128, 87, 1, 7, 1
469, 2, 862, 243, 128, 87, 1, 7, 1
470, 2, 862, 243, 128, 87, 1, 7, 1
471, 2, 862, 243, 128, 87, 1, 7, 1
472, 2, 862, 243, 128, 87, 1, 7, 1
473, 2, 862, 243, 128, 87, 1, 7, 1
474, 2, 862, 243, 128, 87, 1, 7, 1
475, 2, 862, 243, 128, 87, 1, 7, 1
476, 2, 862, 243, 128, 87, 1, 7, 1
477, 2, 862, 243, 128, 87, 1, 7, 1
478, 2, 862, 243, 128, 87, 1, 7, 1
479, 2, 862, 243, 128, 87, 1, 7, 1
480, 2, 862, 243, 128, 87, 1, 7, 1
481, 2, 862, 243, 128, 87, 1, 7, 1
482, 2, 862, 243, 128, 87, 1, 7, 1
483, 2, 862, 243, 128, 87, 1, 7, 1
484, 2, 862, 243, 128, 87, 1, 7, 1
485, 2, 862, 243, 128, 87, 1, 7, 1
486, 2, 862, 243, 128, 87, 1, 7, 1
487, 2, 862, 243, 128, 87, 1, 7, 1
488, 2, 862, 243, 128, 87, 1, 7, 1
489, 2, 862, 243, 128, 87, 1, 7, 1
490, 2, 862, 243, 128, 87, 1, 7, 1
491, 2, 862, 243, 128, 87, 1, 7, 1
492, 2, 862, 243, 128, 87, 1, 7, 1
493, 2, 862, 243, 128, 87, 1, 7, 1
494, 2, 862, 243, 128, 87, 1, 7, 1
495, 2, 862, 243, 128, 87, 1, 7, 1
496, 2, 862, 243, 128, 87, 1, 7, 1
497, 2, 862, 243, 128, 87, 1, 7, 1
498, 2, 862, 243, 128, 87, 1, 7, 1
499, 2, 862, 243, 128, 87, 1, 7, 1
500, 2, 862, 243, 128, 87, 1, 7, 1
501, 2, 862, 243, 128, 87, 1, 7, 1
502, 2, 862, 243, 128, 87, 1, 7, 1
503, 2, 862, 243, 128, 87, 1, 7, 1
504, 2, 862, 243, 128, 87, 1, 7, 1
505, 2, 862, 243, 128, 87, 1, 7, 1
506, 2, 862, 243, 128, 87, 1, 7, 1
507, 2, 862, 243, 128, 87, 1, 7, 1
508, 2, 862, 243, 128, 87, 1, 7, 1
509, 2, 862, 243, 128, 87, 1, 7, 1
510, 2, 862, 243, 128, 87, 1, 7, 1
511, 2, 862, 243, 128, 87, 1, 7, 1
512, 2, 862, 243, 128, 87, 1, 7, 1
513, 2, 862, 243, 128, 87, 1, 7, 1
514, 2, 862, 243, 128, 87, 1, 7, 1
515, 2, 862, 243, 128, 87, 1, 7, 1
516, 2, 862, 243, 128, 87, 1, 7, 1
517, 2, 862, 243, 128, 87, 1, 7, 1
518, 2, 862, 243, 128, 87, 1, 7, 1
519, 2, 862, 243, 128, 87, 1, 7, 1
520, 2, 862, 243, 128, 87, 1, 7, 1
521, 2, 862, 243, 128, 87, 1, 7, 1
522, 2, 862, 243, 128, 87, 1, 7, 1
523, 2, 862, 243, 128, 87, 1, 7, 1
524, 2, 862, 243, 128, 87, 1, 7, 1
525, 2, 862, 243, 128, 87, 1, 7, 1
526, 2, 862, 243, 128, 87, 1, 7, 1
527, 2, 862, 243, 128, 87, 1, 7, 1
528, 2, 862, 243, 128, 87, 1, 7, 1
529, 2, 862, 243, 128, 87, 1, 7, 1
530, 2, 862, 243, 128, 87, 1, 7, 1
531, 2, 862, 243, 128, 87, 1, 7, 1
532, 2, 862, 243, 128, 87, 1, 7, 1
533, 2, 862, 243, 128, 87, 1, 7, 1
534, 2, 862, 243, 128, 87, 1, 7, 1
535, 2, 862, 243, 128, 87, 1, 7, 1
536, 2, 862, 243, 128, 87, 1, 7, 1
537, 2, 862, 243, 128, 87, 1, 7, 1
538, 2, 862, 243, 128, 87, 1, 7, 1
539, 2, 862, 243, 128, 87, 1, 7, 1
540, 2, 862, 243, 128, 87, 1, 7, 1
541, 2, 862, 243, 128, 87, 1, 7, 1
542, 2, 862, 243, 128, 87, 1, 7, 1
543, 2, 862, 243, 128, 87, 1, 7, 1
544, 2, 862, 243, 128, 87, 1, 7, 1
545, 2, 862, 243, 128, 87, 1, 7, 1
546, 2, 862, 243, 128, 87, 1, 7, 1
547, 2, 862, 243, 128, 87, 1, 7, 1
548, 2, 862, 243, 128, 87, 1, 7, 1
549, 2, 862, 243, 128, 87, 1, 7, 1
550, 2, 862, 243, 128, 87, 1, 7, 1
551, 2, 862, 243, 128, 87, 1, 7, 1
552, 2, 862, 243, 128, 87, 1, 7, 1
553, 2, 862, 243, 128, 87, 1, 7, 1
554, 2, 862, 243, 128, 87, 1, 7, 1
555, 2, 862, 243, 128, 87, 1, 7, 1
556, 2, 862, 243, 128, 87, 1, 7, 1
557, 2, 862, 243, 128, 87, 1, 7, 1
558, 2, 862, 243, 128, 87, 1, 7, 1
559, 2, 862, 243, 128, 87, 1, 7, 1
560, 2, 862, 243, 128, 87, 1, 7, 1
561, 2, 862, 243, 128, 87, 1, 7, 1
562, 2, 862, 243, 128, 87, 1, 7, 1
563, 2, 862, 243, 128, 87, 1, 7, 1
564, 2, 862, 243, 128, 87, 1, 7, 1
565, 2, 862, 243, 128, 87, 1, 7, 1
566, 2, 862, 243, 128, 87, 1, 7, 1
567, 2, 862, 243, 128, 87, 1, 7, 1
568, 2, 862, 243, 128, 87, 1, 7, 1
569, 2, 862, 243, 128, 87, 1, 7, 1
570, 2, 862, 243, 128, 87, 1, 7, 1
571, 2, 862, 243, 128, 87, 1, 7, 1
572, 2, 862, 243, 128, 87, 1, 7, 1
573, 2, 862, 243, 128, 87, 1, 7, 1
574, 2, 862, 243, 128, 87, 1, 7, 1
575, 2, 862, 243, 128, 87, 1, 7, 1
576, 2, 862, 243, 128, 87, 1, 7, 1
577, 2, 862, 243, 128, 87, 1, 7, 1
578, 2, 862, 243, 128, 87, 1, 7, 1
579, 2, 862, 243, 128, 87, 1, 7, 1
580, 2, 862, 243, 128, 87, 1, 7, 1
581, 2, 862, 243, 128, 87, 1, 7, 1
582, 2, 862, 243, 128, 87, 1, 7, 1
583, 2, 862, 243, 128, 87, 1, 7, 1
584, 2, 862, 243, 128, 87, 1, 7, 1
585, 2, 862, 243, 128, 87, 1, 7, 1
586, 2, 862, 243, 128, 87, 1, 7, 1
587, 2, 862, 243, 128, 87, 1, 7, 1
588, 2, 862, 243, 128, 87, 1, 7, 1
589, 2, 862, 243, 128, 87, 1, 7, 1
590, 2, 862, 243, 128, 87, 1, 7, 1
591, 2, 862, 243, 128, 87, 1, 7, 1
592, 2, 862, 243, 128, 87, 1, 7, 1
593, 2, 862, 243, 128, 87, 1, 7, 1
594, 2, 862, 243, 128, 87, 1, 7, 1
595, 2, 862, 243, 128, 87, 1, 7, 1
596, 2, 862, 243, 128, 87, 1, 7, 1
597, 2, 862, 243, 128, 87, 1, 7, 1
598, 2, 862, 243, 128, 87, 1, 7, 1
599, 2, 862, 243, 128, 87, 1, 7, 1
600, 2, 862, 243, 128, 87, 1, 7, 1
601, 2, 862, 243, 128, 87, 1, 7, 1
602, 2, 862, 243, 128, 87, 1, 7, 1
603, 2, 862, 243, 128, 87, 1, 7, 1
604, 2, 862, 243, 128, 87, 1, 7, 1
605, 2, 862, 243, 128, 87, 1, 7, 1
606, 2, 862, 243, 128, 87, 1, 7, 1
607, 2, 862, 243, 128, 87, 1, 7, 1
608, 2, 862, 243, 128, 87, 1, 7, 1
609, 2, 862, 243, 128, 87, 1, 7, 1
610, 2, 862, 243, 128, 87, 1, 7, 1
611, 2, 862, 243, 128, 87, 1, 7, 1
612, 2, 862, 243, 128, 87, 1, 7, 1
613, 2, 862, 243, 128, 87, 1, 7, 1
614, 2, 862, 243, 128, 87, 1, 7, 1
615, 2, 862, 243, 128, 87, 1, 7, 1
616, 2, 862, 243, 128, 87, 1, 7, 1
617, 2, 862, 243, 128, 87, 1, 7, 1
618, 2, 862, 243, 128, 87, 1, 7, 1
619, 2, 862, 243, 128, 87, 1, 7, 1
620, 2, 862, 243, 128, 87, 1, 7, 1
621, 2, 862, 243, 128, 87, 1, 7, 1
622, 2, 862, 243, 128, 87, 1, 7, 1
623, 2, 862, 243, 128, 87, 1, 7, 1
624, 2, 862, 243, 128, 87, 1, 7, 1
625, 2, 862, 243, 128, 87, 1, 7, 1
626, 2, 862, 243, 128, 87, 1, 7, 1
627, 2, 862, 243, 128, 87, 1, 7, 1
628, 2, 862, 243, 128, 87, 1, 7, 1
629, 2, 862, 243, 128, 87, 1, 7, 1
630, 2, 862, 243, 128, 87, 1, 7, 1
631, 2, 862, 243, 128, 87, 1, 7, 1
632, 2, 862, 243, 128, 87, 1, 7, 1
633, 2, 862, 243, 128, 87, 1, 7, 1
634, 2, 862, 243, 128, 87, 1, 7, 1
635, 2, 862, 243, 128, 87, 1, 7, 1
636, 2, 862, 243, 128, 87, 1, 7, 1
637, 2, 862, 243, 128, 87, 1, 7, 1
638, 2, 862, 243, 128, 87, 1, 7, 1
639, 2, 862, 243, 128, 87, 1, 7, 1
640, 2, 862, 243, 128, 87, 1, 7, 1
641, 2, 862, 243, 128, 87, 1, 7, 1
642, 2, 862, 243, 128, 87, 1, 7, 1
643, 2, 862, 243, 128, 87, 1, 7, 1
644, 2, 862, 243, 128, 87, 1, 7, 1
645, 2, 862, 243, 128, 87, 1, 7, 1
646, 2, 862, 243, 128, 87, 1, 7, 1
647, 2, 862, 243, 128, 87, 1, 7, 1
648, 2, 862, 243, 128, 87, 1, 7, 1
649, 2, 862, 243, 128, 87, 1, 7, 1
650, 2, 862, 243, 128, 87, 1, 7, 1
651, 2, 862, 243, 128, 87, 1, 7, 1
652, 2, 862, 243, 128, 87, 1, 7, 1
653, 2, 862, 243, 128, 87, 1, 7, 1
654, 2, 862, 243, 128, 87, 1, 7, 1
655, 2, 862, 243, 128, 87, 1, 7, 1
656, 2, 862, 243, 128, 87, 1, 7, 1
657, 2, 862, 243, 128, 87, 1, 7, 1
658, 2, 862, 243, 128, 87, 1, 7, 1
659, 2, 862, 243, 128, 87, 1, 7, 1
660, 2, 862, 243, 128, 87, 1, 7, 1
661, 2, 862, 243, 128, 87, 1, 7, 1
662, 2, 862, 243, 128, 87, 1, 7, 1
663, 2, 862, 243, 128, 87, 1, 7, 1
664, 2, 862, 243, 128, 87, 1, 7, 1
665, 2, 862, 243, 128, 87, 1, 7, 1
666, 2, 862, 243, 128, 87, 1, 7, 1
667, 2, 862, 243, 128, 87, 1, 7, 1
668, 2, 862, 243, 128, 87, 1, 7, 1
669, 2, 862, 243, 128, 87, 1, 7, 1
670, 2, 862, 243, 128, 87, 1, 7, 1
671, 2, 862, 243, 128, 87, 1, 7, 1
672, 2, 862, 243, 128, 87, 1, 7, 1
673, 2, 862, 243, 128, 87, 1, 7, 1
674, 2, 862, 243, 128, 87, 1, 7, 1
675, 2, 862, 243, 128, 87, 1, 7, 1
676, 2, 862, 243, 128, 87, 1, 7, 1
677, 2, 862, 243, 128, 87, 1, 7, 1
678, 2, 862, 243, 128, 87, 1, 7, 1
679, 2, 862, 243, 128, 87, 1, 7, 1
680, 2, 862, 243, 128, 87, 1, 7, 1
681, 2, 862, 243, 128, 87, 1, 7, 1
682, 2, 862, 243, 128, 87, 1, 7, 1
683, 2, 862, 243, 128, 87, 1, 7, 1
684, 2, 862, 243, 128, 87, 1, 7, 1
685, 2, 862, 243, 128, 87, 1, 7, 1
686, 2, 862, 243, 128, 87, 1, 7, 1
687, 2, 862, 243, 128, 87, 1, 7, 1
688, 2, 862, 243, 128, 87, 1, 7, 1
689, 2, 862, 243, 128, 87, 1, 7, 1
690, 2, 862, 243, 128, 87, 1, 7, 1
691, 2, 862, 243, 128, 87, 1, 7, 1
692, 2, 862, 243, 128, 87, 1, 7, 1
693, 2, 862, 243, 128, 87, 1, 7, 1
694, 2, 862, 243, 128, 87, 1, 7, 1
695, 2, 862, 243, 128, 87, 1, 7, 1
696, 2, 862, 243, 128, 87, 1, 7, 1
697, 2, 862, 243, 128, 87, 1, 7, 1
698, 2, 862, 243, 128, 87, 1, 7, 1
699, 2, 862, 243, 128, 87, 1, 7, 1
700, 2, 862, 243, 128, 87, 1, 7, 1
701, 2, 862, 243, 128, 87, 1, 7, 1
702, 2, 862, 243, 128, 87, 1, 7, 1
703, 2, 862, 243, 128, 87, 1, 7, 1
704, 2, 862, 243, 128, 87, 1, 7, 1
705, 2, 862, 243, 128, 87, 1, 7, 1
706, 2, 862, 243, 128, 87, 1, 7, 1
707, 2, 862, 243, 128, 87, 1, 7, 1
708, 2, 862, 243, 128, 87, 1, 7, 1
709, 2, 862, 243, 128, 87, 1, 7, 1
710, 2, 862, 243, 128, 87, 1, 7, 1
711, 2, 862, 243, 128, 87, 1, 7, 1
712, 2, 862, 243, 128, 87, 1, 7, 1
713, 2, 862, 243, 128, 87, 1, 7, 1
714, 2, 862, 243, 128, 87, 1, 7, 1
715, 2, 862, 243, 128, 87, 1, 7, 1
716, 2, 862, 243, 128, 87, 1, 7, 1
717, 2, 862, 243, 128, 87, 1, 7, 1
718, 2, 862, 243, 128, 87, 1, 7, 1
719, 2, 862, 243, 128, 87, 1, 7, 1
720, 2, 862, 243, 128, 87, 1, 7, 1
721, 2, 862, 243, 128, 87, 1, 7, 1
722, 2, 862, 243, 128, 87, 1, 7, 1
723, 2, 862, 243, 128, 87, 1, 7, 1
724, 2, 862, 243, 128, 87, 1, 7, 1
725, 2, 862, 243, 128, 87, 1, 7, 1
726, 2, 862, 243, 128, 87, 1, 7, 1
727, 2, 862, 243, 128, 87, 1, 7, 1
728, 2, 862, 243, 128, 87, 1, 7, 1
729, 2, 862, 243, 128, 87, 1, 7, 1
730, 2, 862, 243, 128, 87, 1, 7, 1
731, 2, 862, 243, 128, 87, 1, 7, 1
732, 2, 862, 243, 128, 87, 1, 7, 1
733, 2, 862, 243, 128, 87, 1, 7, 1
734, 2, 862, 243, 128, 87, 1, 7, 1
735, 2, 862, 243, 128, 87, 1, 7, 1
736, 2, 862, 243, 128, 87, 1, 7, 1
737, 2, 862, 243, 128, 87, 1, 7, 1
738, 2, 862, 243, 128, 87, 1, 7, 1
739, 2, 862, 243, 128, 87, 1, 7, 1
740, 2, 862, 243, 128, 87, 1, 7, 1
741, 2, 862, 243, 128, 87, 1, 7, 1
742, 2, 862, 243, 128, 87, 1, 7, 1
743, 2, 862, 243, 128, 87, 1, 7, 1
744, 2, 862, 243, 128, 87, 1, 7, 1
745, 2, 862, 243, 128, 87, 1, 7, 1
746, 2, 862, 243, 128, 87, 1, 7, 1
747, 2, 862, 243, 128, 87, 1, 7, 1
748, 2, 862, 243, 128, 87, 1, 7, 1
749, 2, 862, 243, 128, 87, 1, 7, 1
750, 2, 862, 243, 128, 87, 1, 7, 1
1, 3, 1053, 272, 307, 133, 1, 7, 1
2, 3, 1053, 272, 307, 133, 1, 7, 1
3, 3, 1053, 272, 307, 133, 1, 7, 1
4, 3, 1053, 272, 307, 133, 1, 7, 1
5, 3, 1053, 272, 307, 133, 1, 7, 1
6, 3, 1053, 272, 307, 133, 1, 7, 1
7, 3, 1053, 272, 307, 133, 1, 7, 1
8, 3, 1053, 272, 307, 133, 1, 7, 1
9, 3, 1053, 272, 307, 133, 1, 7, 1
10, 3, 1053, 272, 307, 133, 1, 7, 1
11, 3, 1053, 272, 307, 133, 1, 7, 1
12, 3, 1053, 272, 307, 133, 1, 7, 1
13, 3, 1053, 272, 307, 133, 1, 7, 1
14, 3, 1053, 272, 307, 133, 1, 7, 1
15, 3, 1053, 272, 307, 133, 1, 7, 1
16, 3, 1053, 272, 307, 133, 1, 7, 1
17, 3, 1053, 272, 307, 133, 1, 7, 1
18, 3, 1053, 272, 307, 133, 1, 7, 1
19, 3, 1053, 272, 307, 133, 1, 7, 1
20, 3, 1053, 272, 307, 133, 1, 7, 1
21, 3, 1053, 272, 307, 133, 1, 7, 1
22, 3, 1053, 272, 307, 133, 1, 7, 1
23, 3, 1053, 272, 307, 133, 1, 7, 1
24, 3, 1053, 272, 307, 133, 1, 7, 1
25, 3, 1053, 272, 307, 133, 1, 7, 1
26, 3, 1053, 272, 307, 133, 1, 7, 1
27, 3, 1053, 272, 307, 133, 1, 7, 1
28, 3, 1053, 272, 307, 133, 1, 7, 1
29, 3, 1053, 272, 307, 133, 1, 7, 1
30, 3, 1053, 272, 307, 133, 1, 7, 1
31, 3, 1053, 272, 307, 133, 1, 7, 1
32, 3, 1053, 272, 307, 133, 1, 7, 1
33, 3, 1053, 272, 307, 133, 1, 7, 1
34, 3, 1053, 272, 307, 133, 1, 7, 1
35, 3, 1053, 272, 307, 133, 1, 7, 1
36, 3, 1053, 272, 307, 133, 1, 7, 1
37, 3, 1053, 272, 307, 133, 1, 7, 1
38, 3, 1053, 272, 307, 133, 1, 7, 1
39, 3, 1053, 272, 307, 133, 1, 7, 1
40, 3, 1053, 272, 307, 133, 1, 7, 1
41, 3, 1053, 272, 307, 133, 1, 7, 1
42, 3, 1053, 272, 307, 133, 1, 7, 1
43, 3, 1053, 272, 307, 133, 1, 7, 1
44, 3, 1053, 272, 307, 133, 1, 7, 1
45, 3, 1053, 272, 307, 133, 1, 7, 1
46, 3, 1053, 272, 307, 133, 1, 7, 1
47, 3, 1053, 272, 307, 133, 1, 7, 1
48, 3, 1053, 272, 307, 133, 1, 7, 1
49, 3, 1053, 272, 307, 133, 1, 7, 1
50, 3, 1053, 272, 307, 133, 1, 7, 1
51, 3, 1053, 272, 307, 133, 1, 7, 1
52, 3, 1053, 272, 307, 133, 1, 7, 1
53, 3, 1053, 272, 307, 133, 1, 7, 1
54, 3, 1053, 272, 307, 133, 1, 7, 1
55, 3, 1053, 272, 307, 133, 1, 7, 1
56, 3, 1053, 272, 307, 133, 1, 7, 1
57, 3, 1053, 272, 307, 133, 1, 7, 1
58, 3, 1053, 272, 307, 133, 1, 7, 1
59, 3, 1053, 272, 307, 133, 1, 7, 1
60, 3, 1053, 272, 307, 133, 1, 7, 1
61, 3, 1053, 272, 307, 133, 1, 7, 1
62, 3, 1053, 272, 307, 133, 1, 7, 1
63, 3, 1053, 272, 307, 133, 1, 7, 1
64, 3, 1053, 272, 307, 133, 1, 7, 1
65, 3, 1053, 272, 307, 133, 1, 7, 1
66, 3, 1053, 272, 307, 133, 1, 7, 1
67, 3, 1053, 272, 307, 133, 1, 7, 1
68, 3, 1053, 272, 307, 133, 1, 7, 1
69, 3, 1053, 272, 307, 133, 1, 7, 1
70, 3, 1053, 272, 307, 133, 1, 7, 1
71, 3, 1053, 272, 307, 133, 1, 7, 1
72, 3, 1053, 272, 307, 133, 1, 7, 1
73, 3, 1053, 272, 307, 133, 1, 7, 1
74, 3, 1053, 272, 307, 133, 1, 7, 1
75, 3, 1053, 272, 307, 133, 1, 7, 1
76, 3, 1053, 272, 307, 133, 1, 7, 1
77, 3, 1053, 272, 307, 133, 1, 7, 1
78, 3, 1053, 272, 307, 133, 1, 7, 1
79, 3, 1053, 272, 307, 133, 1, 7, 1
80, 3, 1053, 272, 307, 133, 1, 7, 1
81, 3, 1053, 272, 307, 133, 1, 7, 1
82, 3, 1053, 272, 307, 133, 1, 7, 1
83, 3, 1053, 272, 307, 133, 1, 7, 1
84, 3, 1053, 272, 307, 133, 1, 7, 1
85, 3, 1053, 272, 307, 133, 1, 7, 1
86, 3, 1053, 272, 307, 133, 1, 7, 1
87, 3, 1053, 272, 307, 133, 1, 7, 1
88, 3, 1053, 272, 307, 133, 1, 7, 1
89, 3, 1053, 272, 307, 133, 1, 7, 1
90, 3, 1053, 272, 307, 133, 1, 7, 1
91, 3, 1053, 272, 307, 133, 1, 7, 1
92, 3, 1053, 272, 307, 133, 1, 7, 1
93, 3, 1053, 272, 307, 133, 1, 7, 1
94, 3, 1053, 272, 307, 133, 1, 7, 1
95, 3, 1053, 272, 307, 133, 1, 7, 1
96, 3, 1053, 272, 307, 133, 1, 7, 1
97, 3, 1053, 272, 307, 133, 1, 7, 1
98, 3, 1053, 272, 307, 133, 1, 7, 1
99, 3, 1053, 272, 307, 133, 1, 7, 1
100, 3, 1053, 272, 307, 133, 1, 7, 1
101, 3, 1053, 272, 307, 133, 1, 7, 1
102, 3, 1053, 272, 307, 133, 1, 7, 1
103, 3, 1053, 272, 307, 133, 1, 7, 1
104, 3, 1053, 272, 307, 133, 1, 7, 1
105, 3, 1053, 272, 307, 133, 1, 7, 1
106, 3, 1053, 272, 307, 133, 1, 7, 1
107, 3, 1053, 272, 307, 133, 1, 7, 1
108, 3, 1053, 272, 307, 133, 1, 7, 1
109, 3, 1053, 272, 307, 133, 1, 7, 1
110, 3, 1053, 272, 307, 133, 1, 7, 1
111, 3, 1053, 272, 307, 133, 1, 7, 1
112, 3, 1053, 272, 307, 133, 1, 7, 1
113, 3, 1053, 272, 307, 133, 1, 7, 1
114, 3, 1053, 272, 307, 133, 1, 7, 1
115, 3, 1053, 272, 307, 133, 1, 7, 1
116, 3, 1053, 272, 307, 133, 1, 7, 1
117, 3, 1053, 272, 307, 133, 1, 7, 1
118, 3, 1053, 272, 307, 133, 1, 7, 1
119, 3, 1053, 272, 307, 133, 1, 7, 1
120, 3, 1053, 272, 307, 133, 1, 7, 1
121, 3, 1053, 272, 307, 133, 1, 7, 1
122, 3, 1053, 272, 307, 133, 1, 7, 1
123, 3, 1053, 272, 307, 133, 1, 7, 1
124, 3, 1053, 272, 307, 133, 1, 7, 1
125, 3, 1053, 272, 307, 133, 1, 7, 1
126, 3, 1053, 272, 307, 133, 1, 7, 1
127, 3, 1053, 272, 307, 133, 1, 7, 1
128, 3, 1053, 272, 307, 133, 1, 7, 1
129, 3, 1053, 272, 307, 133, 1, 7, 1
130, 3, 1053, 272, 307, 133, 1, 7, 1
131, 3, 1053, 272, 307, 133, 1, 7, 1
132, 3, 1053, 272, 307, 133, 1, 7, 1
133, 3, 1053, 272, 307, 133, 1, 7, 1
134, 3, 1053, 272, 307, 133, 1, 7, 1
135, 3, 1053, 272, 307, 133, 1, 7, 1
136, 3, 1053, 272, 307, 133, 1, 7, 1
137, 3, 1053, 272, 307, 133, 1, 7, 1
138, 3, 1053, 272, 307, 133, 1, 7, 1
139, 3, 1053, 272, 307, 133, 1, 7, 1
140, 3, 1053, 272, 307, 133, 1, 7, 1
141, 3, 1053, 272, 307, 133, 1, 7, 1
142, 3, 1053, 272, 307, 133, 1, 7, 1
143, 3, 1053, 272, 307, 133, 1, 7, 1
144, 3, 1053, 272, 307, 133, 1, 7, 1
145, 3, 1053, 272, 307, 133, 1, 7, 1
146, 3, 1053, 272, 307, 133, 1, 7, 1
147, 3, 1053, 272, 307, 133, 1, 7, 1
148, 3, 1053, 272, 307, 133, 1, 7, 1
149, 3, 1053, 272, 307, 133, 1, 7, 1
150, 3, 1053, 272, 307, 133, 1, 7, 1
151, 3, 1053, 272, 307, 133, 1, 7, 1
152, 3, 1053, 272, 307, 133, 1, 7, 1
153, 3, 1053, 272, 307, 133, 1, 7, 1
154, 3, 1053, 272, 307, 133, 1, 7, 1
155, 3, 1053, 272, 307, 133, 1, 7, 1
156, 3, 1053, 272, 307, 133, 1, 7, 1
157, 3, 1053, 272, 307, 133, 1, 7, 1
158, 3, 1053, 272, 307, 133, 1, 7, 1
159, 3, 1053, 272, 307, 133, 1, 7, 1
160, 3, 1053, 272, 307, 133, 1, 7, 1
161, 3, 1053, 272, 307, 133, 1, 7, 1
162, 3, 1053, 272, 307, 133, 1, 7, 1
163, 3, 1053, 272, 307, 133, 1, 7, 1
164, 3, 1053, 272, 307, 133, 1, 7, 1
165, 3, 1053, 272, 307, 133, 1, 7, 1
166, 3, 1053, 272, 307, 133, 1, 7, 1
167, 3, 1053, 272, 307, 133, 1, 7, 1
168, 3, 1053, 272, 307, 133, 1, 7, 1
169, 3, 1053, 272, 307, 133, 1, 7, 1
170, 3, 1053, 272, 307, 133, 1, 7, 1
171, 3, 1053, 272, 307, 133, 1, 7, 1
172, 3, 1053, 272, 307, 133, 1, 7, 1
173, 3, 1053, 272, 307, 133, 1, 7, 1
174, 3, 1053, 272, 307, 133, 1, 7, 1
175, 3, 1053, 272, 307, 133, 1, 7, 1
176, 3, 1053, 272, 307, 133, 1, 7, 1
177, 3, 1053, 272, 307, 133, 1, 7, 1
178, 3, 1053, 272, 307, 133, 1, 7, 1
179, 3, 1053, 272, 307, 133, 1, 7, 1
180, 3, 1053, 272, 307, 133, 1, 7, 1
181, 3, 1053, 272, 307, 133, 1, 7, 1
182, 3, 1053, 272, 307, 133, 1, 7, 1
183, 3, 1053, 272, 307, 133, 1, 7, 1
184, 3, 1053, 272, 307, 133, 1, 7, 1
185, 3, 1053, 272, 307, 133, 1, 7, 1
186, 3, 1053, 272, 307, 133, 1, 7, 1
187, 3, 1053, 272, 307, 133, 1, 7, 1
188, 3, 1053, 272, 307, 133, 1, 7, 1
189, 3, 1053, 272, 307, 133, 1, 7, 1
190, 3, 1053, 272, 307, 133, 1, 7, 1
191, 3, 1053, 272, 307, 133, 1, 7, 1
192, 3, 1053, 272, 307, 133, 1, 7, 1
193, 3, 1053, 272, 307, 133, 1, 7, 1
194, 3, 1053, 272, 307, 133, 1, 7, 1
195, 3, 1053, 272, 307, 133, 1, 7, 1
196, 3, 1053, 272, 307, 133, 1, 7, 1
197, 3, 1053, 272, 307, 133, 1, 7, 1
198, 3, 1053, 272, 307, 133, 1, 7, 1
199, 3, 1053, 272, 307, 133, 1, 7, 1
200, 3, 1053, 272, 307, 133, 1, 7, 1
201, 3, 1053, 272, 307, 133, 1, 7, 1
202, 3, 1053, 272, 307, 133, 1, 7, 1
203, 3, 1053, 272, 307, 133, 1, 7, 1
204, 3, 1053, 272, 307, 133, 1, 7, 1
205, 3, 1053, 272, 307, 133, 1, 7, 1
206, 3, 1053, 272, 307, 133, 1, 7, 1
207, 3, 1053, 272, 307, 133, 1, 7, 1
208, 3, 1053, 272, 307, 133, 1, 7, 1
209, 3, 1053, 272, 307, 133, 1, 7, 1
210, 3, 1053, 272, 307, 133, 1, 7, 1
211, 3, 1053, 272, 307, 133, 1, 7, 1
212, 3, 1053, 272, 307, 133, 1, 7, 1
213, 3, 1053, 272, 307, 133, 1, 7, 1
214, 3, 1053, 272, 307, 133, 1, 7, 1
215, 3, 1053, 272, 307, 133, 1, 7, 1
216, 3, 1053, 272, 307, 133, 1, 7, 1
217, 3, 1053, 272, 307, 133, 1, 7, 1
218, 3, 1053, 272, 307, 133, 1, 7, 1
219, 3, 1053, 272, 307, 133, 1, 7, 1
220, 3, 1053, 272, 307, 133, 1, 7, 1
221, 3, 1053, 272, 307, 133, 1, 7, 1
222, 3, 1053, 272, 307, 133, 1, 7, 1
223, 3, 1053, 272, 307, 133, 1, 7, 1
224, 3, 1053, 272, 307, 133, 1, 7, 1
225, 3, 1053, 272, 307, 133, 1, 7, 1
226, 3, 1053, 272, 307, 133, 1, 7, 1
227, 3, 1053, 272, 307, 133, 1, 7, 1
228, 3, 1053, 272, 307, 133, 1, 7, 1
229, 3, 1053, 272, 307, 133, 1, 7, 1
230, 3, 1053, 272, 307, 133, 1, 7, 1
231, 3, 1053, 272, 307, 133, 1, 7, 1
232, 3, 1053, 272, 307, 133, 1, 7, 1
233, 3, 1053, 272, 307, 133, 1, 7, 1
234, 3, 1053, 272, 307, 133, 1, 7, 1
235, 3, 1053, 272, 307, 133, 1, 7, 1
236, 3, 1053, 272, 307, 133, 1, 7, 1
237, 3, 1053, 272, 307, 133, 1, 7, 1
238, 3, 1053, 272, 307, 133, 1, 7, 1
239, 3, 1053, 272, 307, 133, 1, 7, 1
240, 3, 1053, 272, 307, 133, 1, 7, 1
241, 3, 1053, 272, 307, 133, 1, 7, 1
242, 3, 1053, 272, 307, 133, 1, 7, 1
243, 3, 1053, 272, 307, 133, 1, 7, 1
244, 3, 1053, 272, 307, 133, 1, 7, 1
245, 3, 1053, 272, 307, 133, 1, 7, 1
246, 3, 1053, 272, 307, 133, 1, 7, 1
247, 3, 1053, 272, 307, 133, 1, 7, 1
248, 3, 1053, 272, 307, 133, 1, 7, 1
249, 3, 1053, 272, 307, 133, 1, 7, 1
250, 3, 1053, 272, 307, 133, 1, 7, 1
251, 3, 1053, 272, 307, 133, 1, 7, 1
252, 3, 1053, 272, 307, 133, 1, 7, 1
253, 3, 1053, 272, 307, 133, 1, 7, 1
254, 3, 1053, 272, 307, 133, 1, 7, 1
255, 3, 1053, 272, 307, 133, 1, 7, 1
256, 3, 1053, 272, 307, 133, 1, 7, 1
257, 3, 1053, 272, 307, 133, 1, 7, 1
258, 3, 1053, 272, 307, 133, 1, 7, 1
259, 3, 1053, 272, 307, 133, 1, 7, 1
260, 3, 1053, 272, 307, 133, 1, 7, 1
261, 3, 1053, 272, 307, 133, 1, 7, 1
262, 3, 1053, 272, 307, 133, 1, 7, 1
263, 3, 1053, 272, 307, 133, 1, 7, 1
264, 3, 1053, 272, 307, 133, 1, 7, 1
265, 3, 1053, 272, 307, 133, 1, 7, 1
266, 3, 1053, 272, 307, 133, 1, 7, 1
267, 3, 1053, 272, 307, 133, 1, 7, 1
268, 3, 1053, 272, 307, 133, 1, 7, 1
269, 3, 1053, 272, 307, 133, 1, 7, 1
270, 3, 1053, 272, 307, 133, 1, 7, 1
271, 3, 1053, 272, 307, 133, 1, 7, 1
272, 3, 1053, 272, 307, 133, 1, 7, 1
273, 3, 1053, 272, 307, 133, 1, 7, 1
274, 3, 1053, 272, 307, 133, 1, 7, 1
275, 3, 1053, 272, 307, 133, 1, 7, 1
276, 3, 1053, 272, 307, 133, 1, 7, 1
277, 3, 1053, 272, 307, 133, 1, 7, 1
278, 3, 1053, 272, 307, 133, 1, 7, 1
279, 3, 1053, 272, 307, 133, 1, 7, 1
280, 3, 1053, 272, 307, 133, 1, 7, 1
281, 3, 1053, 272, 307, 133, 1, 7, 1
282, 3, 1053, 272, 307, 133, 1, 7, 1
283, 3, 1053, 272, 307, 133, 1, 7, 1
284, 3, 1053, 272, 307, 133, 1, 7, 1
285, 3, 1053, 272, 307, 133, 1, 7, 1
286, 3, 1053, 272, 307, 133, 1, 7, 1
287, 3, 1053, 272, 307, 133, 1, 7, 1
288, 3, 1053, 272, 307, 133, 1, 7, 1
289, 3, 1053, 272, 307, 133, 1, 7, 1
290, 3, 1053, 272, 307, 133, 1, 7, 1
291, 3, 1053, 272, 307, 133, 1, 7, 1
292, 3, 1053, 272, 307, 133, 1, 7, 1
293, 3, 1053, 272, 307, 133, 1, 7, 1
294, 3, 1053, 272, 307, 133, 1, 7, 1
295, 3, 1053, 272, 307, 133, 1, 7, 1
296, 3, 1053, 272, 307, 133, 1, 7, 1
297, 3, 1053, 272, 307, 133, 1, 7, 1
298, 3, 1053, 272, 307, 133, 1, 7, 1
299, 3, 1053, 272, 307, 133, 1, 7, 1
300, 3, 1053, 272, 307, 133, 1, 7, 1
301, 3, 1053, 272, 307, 133, 1, 7, 1
302, 3, 1053, 272, 307, 133, 1, 7, 1
303, 3, 1053, 272, 307, 133, 1, 7, 1
304, 3, 1053, 272, 307, 133, 1, 7, 1
305, 3, 1053, 272, 307, 133, 1, 7, 1
306, 3, 1053, 272, 307, 133, 1, 7, 1
307, 3, 1053, 272, 307, 133, 1, 7, 1
308, 3, 1053, 272, 307, 133, 1, 7, 1
309, 3, 1053, 272, 307, 133, 1, 7, 1
310, 3, 1053, 272, 307, 133, 1, 7, 1
311, 3, 1053, 272, 307, 133, 1, 7, 1
312, 3, 1053, 272, 307, 133, 1, 7, 1
313, 3, 1053, 272, 307, 133, 1, 7, 1
314, 3, 1053, 272, 307, 133, 1, 7, 1
315, 3, 1053, 272, 307, 133, 1, 7, 1
316, 3, 1053, 272, 307, 133, 1, 7, 1
317, 3, 1053, 272, 307, 133, 1, 7, 1
318, 3, 1053, 272, 307, 133, 1, 7, 1
319, 3, 1053, 272, 307, 133, 1, 7, 1
320, 3, 1053, 272, 307, 133, 1, 7, 1
321, 3, 1053, 272, 307, 133, 1, 7, 1
322, 3, 1053, 272, 307, 133, 1, 7, 1
323, 3, 1053, 272, 307, 133, 1, 7, 1
324, 3, 1053, 272, 307, 133, 1, 7, 1
325, 3, 1053, 272, 307, 133, 1, 7, 1
326, 3, 1053, 272, 307, 133, 1, 7, 1
327, 3, 1053, 272, 307, 133, 1, 7, 1
328, 3, 1053, 272, 307, 133, 1, 7, 1
329, 3, 1053, 272, 307, 133, 1, 7, 1
330, 3, 1053, 272, 307, 133, 1, 7, 1
331, 3, 1053, 272, 307, 133, 1, 7, 1
332, 3, 1053, 272, 307, 133, 1, 7, 1
333, 3, 1053, 272, 307, 133, 1, 7, 1
334, 3, 1053, 272, 307, 133, 1, 7, 1
335, 3, 1053, 272, 307, 133, 1, 7, 1
336, 3, 1053, 272, 307, 133, 1, 7, 1
337, 3, 1053, 272, 307, 133, 1, 7, 1
338, 3, 1053, 272, 307, 133, 1, 7, 1
339, 3, 1053, 272, 307, 133, 1, 7, 1
340, 3, 1053, 272, 307, 133, 1, 7, 1
341, 3, 1053, 272, 307, 133, 1, 7, 1
342, 3, 1053, 272, 307, 133, 1, 7, 1
343, 3, 1053, 272, 307, 133, 1, 7, 1
344, 3, 1053, 272, 307, 133, 1, 7, 1
345, 3, 1053, 272, 307, 133, 1, 7, 1
346, 3, 1053, 272, 307, 133, 1, 7, 1
347, 3, 1053, 272, 307, 133, 1, 7, 1
348, 3, 1053, 272, 307, 133, 1, 7, 1
349, 3, 1053, 272, 307, 133, 1, 7, 1
350, 3, 1053, 272, 307, 133, 1, 7, 1
351, 3, 1053, 272, 307, 133, 1, 7, 1
352, 3, 1053, 272, 307, 133, 1, 7, 1
353, 3, 1053, 272, 307, 133, 1, 7, 1
354, 3, 1053, 272, 307, 133, 1, 7, 1
355, 3, 1053, 272, 307, 133, 1, 7, 1
356, 3, 1053, 272, 307, 133, 1, 7, 1
357, 3, 1053, 272, 307, 133, 1, 7, 1
358, 3, 1053, 272, 307, 133, 1, 7, 1
359, 3, 1053, 272, 307, 133, 1, 7, 1
360, 3, 1053, 272, 307, 133, 1, 7, 1
361, 3, 1053, 272, 307, 133, 1, 7, 1
362, 3, 1053, 272, 307, 133, 1, 7, 1
363, 3, 1053, 272, 307, 133, 1, 7, 1
364, 3, 1053, 272, 307, 133, 1, 7, 1
365, 3, 1053, 272, 307, 133, 1, 7, 1
366, 3, 1053, 272, 307, 133, 1, 7, 1
367, 3, 1053, 272, 307, 133, 1, 7, 1
368, 3, 1053, 272, 307, 133, 1, 7, 1
369, 3, 1053, 272, 307, 133, 1, 7, 1
370, 3, 1053, 272, 307, 133, 1, 7, 1
371, 3, 1053, 272, 307, 133, 1, 7, 1
372, 3, 1053, 272, 307, 133, 1, 7, 1
373, 3, 1053, 272, 307, 133, 1, 7, 1
374, 3, 1053, 272, 307, 133, 1, 7, 1
375, 3, 1053, 272, 307, 133, 1, 7, 1
376, 3, 1053, 272, 307, 133, 1, 7, 1
377, 3, 1053, 272, 307, 133, 1, 7, 1
378, 3, 1053, 272, 307, 133, 1, 7, 1
379, 3, 1053, 272, 307, 133, 1, 7, 1
380, 3, 1053, 272, 307, 133, 1, 7, 1
381, 3, 1053, 272, 307, 133, 1, 7, 1
382, 3, 1053, 272, 307, 133, 1, 7, 1
383, 3, 1053, 272, 307, 133, 1, 7, 1
384, 3, 1053, 272, 307, 133, 1, 7, 1
385, 3, 1053, 272, 307, 133, 1, 7, 1
386, 3, 1053, 272, 307, 133, 1, 7, 1
387, 3, 1053, 272, 307, 133, 1, 7, 1
388, 3, 1053, 272, 307, 133, 1, 7, 1
389, 3, 1053, 272, 307, 133, 1, 7, 1
390, 3, 1053, 272, 307, 133, 1, 7, 1
391, 3, 1053, 272, 307, 133, 1, 7, 1
392, 3, 1053, 272, 307, 133, 1, 7, 1
393, 3, 1053, 272, 307, 133, 1, 7, 1
394, 3, 1053, 272, 307, 133, 1, 7, 1
395, 3, 1053, 272, 307, 133, 1, 7, 1
396, 3, 1053, 272, 307, 133, 1, 7, 1
397, 3, 1053, 272, 307, 133, 1, 7, 1
398, 3, 1053, 272, 307, 133, 1, 7, 1
399, 3, 1053, 272, 307, 133, 1, 7, 1
400, 3, 1053, 272, 307, 133, 1, 7, 1
401, 3, 1053, 272, 307, 133, 1, 7, 1
402, 3, 1053, 272, 307, 133, 1, 7, 1
403, 3, 1053, 272, 307, 133, 1, 7, 1
404, 3, 1053, 272, 307, 133, 1, 7, 1
405, 3, 1053, 272, 307, 133, 1, 7, 1
406, 3, 1053, 272, 307, 133, 1, 7, 1
407, 3, 1053, 272, 307, 133, 1, 7, 1
408, 3, 1053, 272, 307, 133, 1, 7, 1
409, 3, 1053, 272, 307, 133, 1, 7, 1
410, 3, 1053, 272, 307, 133, 1, 7, 1
411, 3, 1053, 272, 307, 133, 1, 7, 1
412, 3, 1053, 272, 307, 133, 1, 7, 1
413, 3, 1053, 272, 307, 133, 1, 7, 1
414, 3, 1053, 272, 307, 133, 1, 7, 1
415, 3, 1053, 272, 307, 133, 1, 7, 1
416, 3, 1053, 272, 307, 133, 1, 7, 1
417, 3, 1053, 272, 307, 133, 1, 7, 1
418, 3, 1053, 272, 307, 133, 1, 7, 1
419, 3, 1053, 272, 307, 133, 1, 7, 1
420, 3, 1053, 272, 307, 133, 1, 7, 1
421, 3, 1053, 272, 307, 133, 1, 7, 1
422, 3, 1053, 272, 307, 133, 1, 7, 1
423, 3, 1053, 272, 307, 133, 1, 7, 1
424, 3, 1053, 272, 307, 133, 1, 7, 1
425, 3, 1053, 272, 307, 133, 1, 7, 1
426, 3, 1053, 272, 307, 133, 1, 7, 1
427, 3, 1053, 272, 307, 133, 1, 7, 1
428, 3, 1053, 272, 307, 133, 1, 7, 1
429, 3, 1053, 272, 307, 133, 1, 7, 1
430, 3, 1053, 272, 307, 133, 1, 7, 1
431, 3, 1053, 272, 307, 133, 1, 7, 1
432, 3, 1053, 272, 307, 133, 1, 7, 1
433, 3, 1053, 272, 307, 133, 1, 7, 1
434, 3, 1053, 272, 307, 133, 1, 7, 1
435, 3, 1053, 272, 307, 133, 1, 7, 1
436, 3, 1053, 272, 307, 133, 1, 7, 1
437, 3, 1053, 272, 307, 133, 1, 7, 1
438, 3, 1053, 272, 307, 133, 1, 7, 1
439, 3, 1053, 272, 307, 133, 1, 7, 1
440, 3, 1053, 272, 307, 133, 1, 7, 1
441, 3, 1053, 272, 307, 133, 1, 7, 1
442, 3, 1053, 272, 307, 133, 1, 7, 1
443, 3, 1053, 272, 307, 133, 1, 7, 1
444, 3, 1053, 272, 307, 133, 1, 7, 1
445, 3, 1053, 272, 307, 133, 1, 7, 1
446, 3, 1053, 272, 307, 133, 1, 7, 1
447, 3, 1053, 272, 307, 133, 1, 7, 1
448, 3, 1053, 272, 307, 133, 1, 7, 1
449, 3, 1053, 272, 307, 133, 1, 7, 1
450, 3, 1053, 272, 307, 133, 1, 7, 1
451, 3, 1053, 272, 307, 133, 1, 7, 1
452, 3, 1053, 272, 307, 133, 1, 7, 1
453, 3, 1053, 272, 307, 133, 1, 7, 1
454, 3, 1053, 272, 307, 133, 1, 7, 1
455, 3, 1053, 272, 307, 133, 1, 7, 1
456, 3, 1053, 272, 307, 133, 1, 7, 1
457, 3, 1053, 272, 307, 133, 1, 7, 1
458, 3, 1053, 272, 307, 133, 1, 7, 1
459, 3, 1053, 272, 307, 133, 1, 7, 1
460, 3, 1053, 272, 307, 133, 1, 7, 1
461, 3, 1053, 272, 307, 133, 1, 7, 1
462, 3, 1053, 272, 307, 133, 1, 7, 1
463, 3, 1053, 272, 307, 133, 1, 7, 1
464, 3, 1053, 272, 307, 133, 1, 7, 1
465, 3, 1053, 272, 307, 133, 1, 7, 1
466, 3, 1053, 272, 307, 133, 1, 7, 1
467, 3, 1053, 272, 307, 133, 1, 7, 1
468, 3, 1053, 272, 307, 133, 1, 7, 1
469, 3, 1053, 272, 307, 133, 1, 7, 1
470, 3, 1053, 272, 307, 133, 1, 7, 1
471, 3, 1053, 272, 307, 133, 1, 7, 1
472, 3, 1053, 272, 307, 133, 1, 7, 1
473, 3, 1053, 272, 307, 133, 1, 7, 1
474, 3, 1053, 272, 307, 133, 1, 7, 1
475, 3, 1053, 272, 307, 133, 1, 7, 1
476, 3, 1053, 272, 307, 133, 1, 7, 1
477, 3, 1053, 272, 307, 133, 1, 7, 1
478, 3, 1053, 272, 307, 133, 1, 7, 1
479, 3, 1053, 272, 307, 133, 1, 7, 1
480, 3, 1053, 272, 307, 133, 1, 7, 1
481, 3, 1053, 272, 307, 133, 1, 7, 1
482, 3, 1053, 272, 307, 133, 1, 7, 1
483, 3, 1053, 272, 307, 133, 1, 7, 1
484, 3, 1053, 272, 307, 133, 1, 7, 1
485, 3, 1053, 272, 307, 133, 1, 7, 1
486, 3, 1053, 272, 307, 133, 1, 7, 1
487, 3, 1053, 272, 307, 133, 1, 7, 1
488, 3, 1053, 272, 307, 133, 1, 7, 1
489, 3, 1053, 272, 307, 133, 1, 7, 1
490, 3, 1053, 272, 307, 133, 1, 7, 1
491, 3, 1053, 272, 307, 133, 1, 7, 1
492, 3, 1053, 272, 307, 133, 1, 7, 1
493, 3, 1053, 272, 307, 133, 1, 7, 1
494, 3, 1053, 272, 307, 133, 1, 7, 1
495, 3, 1053, 272, 307, 133, 1, 7, 1
496, 3, 1053, 272, 307, 133, 1, 7, 1
497, 3, 1053, 272, 307, 133, 1, 7, 1
498, 3, 1053, 272, 307, 133, 1, 7, 1
499, 3, 1053, 272, 307, 133, 1, 7, 1
500, 3, 1053, 272, 307, 133, 1, 7, 1
501, 3, 1053, 272, 307, 133, 1, 7, 1
502, 3, 1053, 272, 307, 133, 1, 7, 1
503, 3, 1053, 272, 307, 133, 1, 7, 1
504, 3, 1053, 272, 307, 133, 1, 7, 1
505, 3, 1053, 272, 307, 133, 1, 7, 1
506, 3, 1053, 272, 307, 133, 1, 7, 1
507, 3, 1053, 272, 307, 133, 1, 7, 1
508, 3, 1053, 272, 307, 133, 1, 7, 1
509, 3, 1053, 272, 307, 133, 1, 7, 1
510, 3, 1053, 272, 307, 133, 1, 7, 1
511, 3, 1053, 272, 307, 133, 1, 7, 1
512, 3, 1053, 272, 307, 133, 1, 7, 1
513, 3, 1053, 272, 307, 133, 1, 7, 1
514, 3, 1053, 272, 307, 133, 1, 7, 1
515, 3, 1053, 272, 307, 133, 1, 7, 1
516, 3, 1053, 272, 307, 133, 1, 7, 1
517, 3, 1053, 272, 307, 133, 1, 7, 1
518, 3, 1053, 272, 307, 133, 1, 7, 1
519, 3, 1053, 272, 307, 133, 1, 7, 1
520, 3, 1053, 272, 307, 133, 1, 7, 1
521, 3, 1053, 272, 307, 133, 1, 7, 1
522, 3, 1053, 272, 307, 133, 1, 7, 1
523, 3, 1053, 272, 307, 133, 1, 7, 1
524, 3, 1053, 272, 307, 133, 1, 7, 1
525, 3, 1053, 272, 307, 133, 1, 7, 1
526, 3, 1053, 272, 307, 133, 1, 7, 1
527, 3, 1053, 272, 307, 133, 1, 7, 1
528, 3, 1053, 272, 307, 133, 1, 7, 1
529, 3, 1053, 272, 307, 133, 1, 7, 1
530, 3, 1053, 272, 307, 133, 1, 7, 1
531, 3, 1053, 272, 307, 133, 1, 7, 1
532, 3, 1053, 272, 307, 133, 1, 7, 1
533, 3, 1053, 272, 307, 133, 1, 7, 1
534, 3, 1053, 272, 307, 133, 1, 7, 1
535, 3, 1053, 272, 307, 133, 1, 7, 1
536, 3, 1053, 272, 307, 133, 1, 7, 1
537, 3, 1053, 272, 307, 133, 1, 7, 1
538, 3, 1053, 272, 307, 133, 1, 7, 1
539, 3, 1053, 272, 307, 133, 1, 7, 1
540, 3, 1053, 272, 307, 133, 1, 7, 1
541, 3, 1053, 272, 307, 133, 1, 7, 1
542, 3, 1053, 272, 307, 133, 1, 7, 1
543, 3, 1053, 272, 307, 133, 1, 7, 1
544, 3, 1053, 272, 307, 133, 1, 7, 1
545, 3, 1053, 272, 307, 133, 1, 7, 1
546, 3, 1053, 272, 307, 133, 1, 7, 1
547, 3, 1053, 272, 307, 133, 1, 7, 1
548, 3, 1053, 272, 307, 133, 1, 7, 1
549, 3, 1053, 272, 307, 133, 1, 7, 1
550, 3, 1053, 272, 307, 133, 1, 7, 1
551, 3, 1053, 272, 307, 133, 1, 7, 1
552, 3, 1053, 272, 307, 133, 1, 7, 1
553, 3, 1053, 272, 307, 133, 1, 7, 1
554, 3, 1053, 272, 307, 133, 1, 7, 1
555, 3, 1053, 272, 307, 133, 1, 7, 1
556, 3, 1053, 272, 307, 133, 1, 7, 1
557, 3, 1053, 272, 307, 133, 1, 7, 1
558, 3, 1053, 272, 307, 133, 1, 7, 1
559, 3, 1053, 272, 307, 133, 1, 7, 1
560, 3, 1053, 272, 307, 133, 1, 7, 1
561, 3, 1053, 272, 307, 133, 1, 7, 1
562, 3, 1053, 272, 307, 133, 1, 7, 1
563, 3, 1053, 272, 307, 133, 1, 7, 1
564, 3, 1053, 272, 307, 133, 1, 7, 1
565, 3, 1053, 272, 307, 133, 1, 7, 1
566, 3, 1053, 272, 307, 133, 1, 7, 1
567, 3, 1053, 272, 307, 133, 1, 7, 1
568, 3, 1053, 272, 307, 133, 1, 7, 1
569, 3, 1053, 272, 307, 133, 1, 7, 1
570, 3, 1053, 272, 307, 133, 1, 7, 1
571, 3, 1053, 272, 307, 133, 1, 7, 1
572, 3, 1053, 272, 307, 133, 1, 7, 1
573, 3, 1053, 272, 307, 133, 1, 7, 1
574, 3, 1053, 272, 307, 133, 1, 7, 1
575, 3, 1053, 272, 307, 133, 1, 7, 1
576, 3, 1053, 272, 307, 133, 1, 7, 1
577, 3, 1053, 272, 307, 133, 1, 7, 1
578, 3, 1053, 272, 307, 133, 1, 7, 1
579, 3, 1053, 272, 307, 133, 1, 7, 1
580, 3, 1053, 272, 307, 133, 1, 7, 1
581, 3, 1053, 272, 307, 133, 1, 7, 1
582, 3, 1053, 272, 307, 133, 1, 7, 1
583, 3, 1053, 272, 307, 133, 1, 7, 1
584, 3, 1053, 272, 307, 133, 1, 7, 1
585, 3, 1053, 272, 307, 133, 1, 7, 1
586, 3, 1053, 272, 307, 133, 1, 7, 1
587, 3, 1053, 272, 307, 133, 1, 7, 1
588, 3, 1053, 272, 307, 133, 1, 7, 1
589, 3, 1053, 272, 307, 133, 1, 7, 1
590, 3, 1053, 272, 307, 133, 1, 7, 1
591, 3, 1053, 272, 307, 133, 1, 7, 1
592, 3, 1053, 272, 307, 133, 1, 7, 1
593, 3, 1053, 272, 307, 133, 1, 7, 1
594, 3, 1053, 272, 307, 133, 1, 7, 1
595, 3, 1053, 272, 307, 133, 1, 7, 1
596, 3, 1053, 272, 307, 133, 1, 7, 1
597, 3, 1053, 272, 307, 133, 1, 7, 1
598, 3, 1053, 272, 307, 133, 1, 7, 1
599, 3, 1053, 272, 307, 133, 1, 7, 1
600, 3, 1053, 272, 307, 133, 1, 7, 1
601, 3, 1053, 272, 307, 133, 1, 7, 1
602, 3, 1053, 272, 307, 133, 1, 7, 1
603, 3, 1053, 272, 307, 133, 1, 7, 1
604, 3, 1053, 272, 307, 133, 1, 7, 1
605, 3, 1053, 272, 307, 133, 1, 7, 1
606, 3, 1053, 272, 307, 133, 1, 7, 1
607, 3, 1053, 272, 307, 133, 1, 7, 1
608, 3, 1053, 272, 307, 133, 1, 7, 1
609, 3, 1053, 272, 307, 133, 1, 7, 1
610, 3, 1053, 272, 307, 133, 1, 7, 1
611, 3, 1053, 272, 307, 133, 1, 7, 1
612, 3, 1053, 272, 307, 133, 1, 7, 1
613, 3, 1053, 272, 307, 133, 1, 7, 1
614, 3, 1053, 272, 307, 133, 1, 7, 1
615, 3, 1053, 272, 307, 133, 1, 7, 1
616, 3, 1053, 272, 307, 133, 1, 7, 1
617, 3, 1053, 272, 307, 133, 1, 7, 1
618, 3, 1053, 272, 307, 133, 1, 7, 1
619, 3, 1053, 272, 307, 133, 1, 7, 1
620, 3, 1053, 272, 307, 133, 1, 7, 1
621, 3, 1053, 272, 307, 133, 1, 7, 1
622, 3, 1053, 272, 307, 133, 1, 7, 1
623, 3, 1053, 272, 307, 133, 1, 7, 1
624, 3, 1053, 272, 307, 133, 1, 7, 1
625, 3, 1053, 272, 307, 133, 1, 7, 1
626, 3, 1053, 272, 307, 133, 1, 7, 1
627, 3, 1053, 272, 307, 133, 1, 7, 1
628, 3, 1053, 272, 307, 133, 1, 7, 1
629, 3, 1053, 272, 307, 133, 1, 7, 1
630, 3, 1053, 272, 307, 133, 1, 7, 1
631, 3, 1053, 272, 307, 133, 1, 7, 1
632, 3, 1053, 272, 307, 133, 1, 7, 1
633, 3, 1053, 272, 307, 133, 1, 7, 1
634, 3, 1053, 272, 307, 133, 1, 7, 1
635, 3, 1053, 272, 307, 133, 1, 7, 1
636, 3, 1053, 272, 307, 133, 1, 7, 1
637, 3, 1053, 272, 307, 133, 1, 7, 1
638, 3, 1053, 272, 307, 133, 1, 7, 1
639, 3, 1053, 272, 307, 133, 1, 7, 1
640, 3, 1053, 272, 307, 133, 1, 7, 1
641, 3, 1053, 272, 307, 133, 1, 7, 1
642, 3, 1053, 272, 307, 133, 1, 7, 1
643, 3, 1053, 272, 307, 133, 1, 7, 1
644, 3, 1053, 272, 307, 133, 1, 7, 1
645, 3, 1053, 272, 307, 133, 1, 7, 1
646, 3, 1053, 272, 307, 133, 1, 7, 1
647, 3, 1053, 272, 307, 133, 1, 7, 1
648, 3, 1053, 272, 307, 133, 1, 7, 1
649, 3, 1053, 272, 307, 133, 1, 7, 1
650, 3, 1053, 272, 307, 133, 1, 7, 1
651, 3, 1053, 272, 307, 133, 1, 7, 1
652, 3, 1053, 272, 307, 133, 1, 7, 1
653, 3, 1053, 272, 307, 133, 1, 7, 1
654, 3, 1053, 272, 307, 133, 1, 7, 1
655, 3, 1053, 272, 307, 133, 1, 7, 1
656, 3, 1053, 272, 307, 133, 1, 7, 1
657, 3, 1053, 272, 307, 133, 1, 7, 1
658, 3, 1053, 272, 307, 133, 1, 7, 1
659, 3, 1053, 272, 307, 133, 1, 7, 1
660, 3, 1053, 272, 307, 133, 1, 7, 1
661, 3, 1053, 272, 307, 133, 1, 7, 1
662, 3, 1053, 272, 307, 133, 1, 7, 1
663, 3, 1053, 272, 307, 133, 1, 7, 1
664, 3, 1053, 272, 307, 133, 1, 7, 1
665, 3, 1053, 272, 307, 133, 1, 7, 1
666, 3, 1053, 272, 307, 133, 1, 7, 1
667, 3, 1053, 272, 307, 133, 1, 7, 1
668, 3, 1053, 272, 307, 133, 1, 7, 1
669, 3, 1053, 272, 307, 133, 1, 7, 1
670, 3, 1053, 272, 307, 133, 1, 7, 1
671, 3, 1053, 272, 307, 133, 1, 7, 1
672, 3, 1053, 272, 307, 133, 1, 7, 1
673, 3, 1053, 272, 307, 133, 1, 7, 1
674, 3, 1053, 272, 307, 133, 1, 7, 1
675, 3, 1053, 272, 307, 133, 1, 7, 1
676, 3, 1053, 272, 307, 133, 1, 7, 1
677, 3, 1053, 272, 307, 133, 1, 7, 1
678, 3, 1053, 272, 307, 133, 1, 7, 1
679, 3, 1053, 272, 307, 133, 1, 7, 1
680, 3, 1053, 272, 307, 133, 1, 7, 1
681, 3, 1053, 272, 307, 133, 1, 7, 1
682, 3, 1053, 272, 307, 133, 1, 7, 1
683, 3, 1053, 272, 307, 133, 1, 7, 1
684, 3, 1053, 272, 307, 133, 1, 7, 1
685, 3, 1053, 272, 307, 133, 1, 7, 1
686, 3, 1053, 272, 307, 133, 1, 7, 1
687, 3, 1053, 272, 307, 133, 1, 7, 1
688, 3, 1053, 272, 307, 133, 1, 7, 1
689, 3, 1053, 272, 307, 133, 1, 7, 1
690, 3, 1053, 272, 307, 133, 1, 7, 1
691, 3, 1053, 272, 307, 133, 1, 7, 1
692, 3, 1053, 272, 307, 133, 1, 7, 1
693, 3, 1053, 272, 307, 133, 1, 7, 1
694, 3, 1053, 272, 307, 133, 1, 7, 1
695, 3, 1053, 272, 307, 133, 1, 7, 1
696, 3, 1053, 272, 307, 133, 1, 7, 1
697, 3, 1053, 272, 307, 133, 1, 7, 1
698, 3, 1053, 272, 307, 133, 1, 7, 1
699, 3, 1053, 272, 307, 133, 1, 7, 1
700, 3, 1053, 272, 307, 133, 1, 7, 1
701, 3, 1053, 272, 307, 133, 1, 7, 1
702, 3, 1053, 272, 307, 133, 1, 7, 1
703, 3, 1053, 272, 307, 133, 1, 7, 1
704, 3, 1053, 272, 307, 133, 1, 7, 1
705, 3, 1053, 272, 307, 133, 1, 7, 1
706, 3, 1053, 272, 307, 133, 1, 7, 1
707, 3, 1053, 272, 307, 133, 1, 7, 1
708, 3, 1053, 272, 307, 133, 1, 7, 1
709, 3, 1053, 272, 307, 133, 1, 7, 1
710, 3, 1053, 272, 307, 133, 1, 7, 1
711, 3, 1053, 272, 307, 133, 1, 7, 1
712, 3, 1053, 272, 307, 133, 1, 7, 1
713, 3, 1053, 272, 307, 133, 1, 7, 1
714, 3, 1053, 272, 307, 133, 1, 7, 1
715, 3, 1053, 272, 307, 133, 1, 7, 1
716, 3, 1053, 272, 307, 133, 1, 7, 1
717, 3, 1053, 272, 307, 133, 1, 7, 1
718, 3, 1053, 272, 307, 133, 1, 7, 1
719, 3, 1053, 272, 307, 133, 1, 7, 1
720, 3, 1053, 272, 307, 133, 1, 7, 1
721, 3, 1053, 272, 307, 133, 1, 7, 1
722, 3, 1053, 272, 307, 133, 1, 7, 1
723, 3, 1053, 272, 307, 133, 1, 7, 1
724, 3, 1053, 272, 307, 133, 1, 7, 1
725, 3, 1053, 272, 307, 133, 1, 7, 1
726, 3, 1053, 272, 307, 133, 1, 7, 1
727, 3, 1053, 272, 307, 133, 1, 7, 1
728, 3, 1053, 272, 307, 133, 1, 7, 1
729, 3, 1053, 272, 307, 133, 1, 7, 1
730, 3, 1053, 272, 307, 133, 1, 7, 1
731, 3, 1053, 272, 307, 133, 1, 7, 1
732, 3, 1053, 272, 307, 133, 1, 7, 1
733, 3, 1053, 272, 307, 133, 1, 7, 1
734, 3, 1053, 272, 307, 133, 1, 7, 1
735, 3, 1053, 272, 307, 133, 1, 7, 1
736, 3, 1053, 272, 307, 133, 1, 7, 1
737, 3, 1053, 272, 307, 133, 1, 7, 1
738, 3, 1053, 272, 307, 133, 1, 7, 1
739, 3, 1053, 272, 307, 133, 1, 7, 1
740, 3, 1053, 272, 307, 133, 1, 7, 1
741, 3, 1053, 272, 307, 133, 1, 7, 1
742, 3, 1053, 272, 307, 133, 1, 7, 1
743, 3, 1053, 272, 307, 133, 1, 7, 1
744, 3, 1053, 272, 307, 133, 1, 7, 1
745, 3, 1053, 272, 307, 133, 1, 7, 1
746, 3, 1053, 272, 307, 133, 1, 7, 1
747, 3, 1053, 272, 307, 133, 1, 7, 1
748, 3, 1053, 272, 307, 133, 1, 7, 1
749, 3, 1053, 272, 307, 133, 1, 7, 1
750, 3, 1053, 272, 307, 133, 1, 7, 1