1, 1, 759, 107, 35, 98, 1, 1, 1
2, 1, 758, 107, 35, 98, 1, 1, 1
3, 1, 756, 108, 36, 97, 1, 1, 1
4, 1, 755, 108, 36, 96, 1, 1, 1
5, 1, 753, 108, 36, 97, 1, 1, 1
6, 1, 753, 107, 36, 98, 1, 1, 1
7, 1, 752, 107, 35, 96, 1, 1, 1
8, 1, 751, 108, 36, 97, 1, 1, 1
9, 1, 749, 108, 37, 96, 1, 1, 1
10, 1, 748, 108, 37, 96, 1, 1, 1
11, 1, 746, 107, 38, 96, 1, 1, 1
12, 1, 746, 107, 37, 95, 1, 1, 1
13, 1, 744, 106, 36, 98, 1, 1, 1
14, 1, 742, 106, 37, 98, 1, 1, 1
15, 1, 742, 106, 35, 98, 1, 1, 1
16, 1, 740, 105, 36, 99, 1, 1, 1
17, 1, 739, 106, 36, 99, 1, 1, 1
18, 1, 738, 106, 36, 100, 1, 1, 1
19, 1, 738, 105, 35, 102, 1, 1, 1
20, 1, 737, 104, 35, 103, 1, 1, 1
21, 1, 736, 105, 35, 102, 1, 1, 1
22, 1, 735, 106, 34, 100, 1, 1, 1
23, 1, 733, 105, 35, 101, 1, 1, 1
24, 1, 732, 105, 34, 100, 1, 1, 1
25, 1, 729, 105, 37, 102, 1, 1, 1
26, 1, 725, 106, 40, 101, 1, 1, 1
27, 1, 720, 106, 42, 102, 1, 1, 1
28, 1, 720, 107, 40, 101, 1, 1, 1
29, 1, 722, 108, 38, 99, 1, 1, 1
30, 1, 721, 108, 38, 98, 1, 1, 1
31, 1, 721, 108, 39, 100, 1, 1, 1
32, 1, 721, 108, 39, 98, 1, 1, 1
33, 1, 720, 109, 39, 98, 1, 1, 1
34, 1, 718, 109, 41, 99, 1, 1, 1
35, 1, 716, 110, 41, 97, 1, 1, 1
36, 1, 715, 110, 40, 95, 1, 1, 1
37, 1, 715, 109, 38, 99, 1, 1, 1
38, 1, 713, 110, 39, 97, 1, 1, 1
39, 1, 712, 110, 38, 97, 1, 1, 1
40, 1, 711, 110, 36, 97, 1, 1, 1
41, 1, 709, 110, 33, 96, 1, 1, 1
42, 1, 708, 110, 32, 97, 1, 1, 1
43, 1, 708, 110, 32, 98, 1, 1, 1
44, 1, 706, 110, 33, 98, 1, 1, 1
45, 1, 705, 111, 33, 97, 1, 1, 1
46, 1, 704, 111, 32, 97, 1, 1, 1
47, 1, 704, 111, 31, 96, 1, 1, 1
48, 1, 702, 111, 31, 96, 1, 1, 1
49, 1, 701, 112, 31, 95, 1, 1, 1
50, 1, 699, 112, 32, 93, 1, 1, 1
51, 1, 698, 113, 32, 93, 1, 1, 1
52, 1, 695, 112, 35, 95, 1, 1, 1
53, 1, 694, 113, 36, 94, 1, 1, 1
54, 1, 692, 113, 37, 94, 1, 1, 1
55, 1, 692, 112, 37, 95, 1, 1, 1
56, 1, 691, 112, 38, 95, 1, 1, 1
57, 1, 690, 113, 38, 94, 1, 1, 1
58, 1, 688, 113, 40, 94, 1, 1, 1
59, 1, 686, 112, 41, 94, 1, 1, 1
60, 1, 684, 111, 41, 95, 1, 1, 1
61, 1, 683, 111, 39, 94, 1, 1, 1
62, 1, 682, 111, 39, 96, 1, 1, 1
63, 1, 681, 111, 36, 96, 1, 1, 1
64, 1, 680, 111, 35, 96, 1, 1, 1
65, 1, 680, 111, 32, 96, 1, 1, 1
66, 1, 678, 111, 30, 97, 1, 1, 1
67, 1, 678, 112, 28, 98, 1, 1, 1
68, 1, 677, 112, 28, 99, 1, 1, 1
69, 1, 676, 112, 28, 100, 1, 1, 1
70, 1, 676, 114, 27, 98, 1, 1, 1
71, 1, 675, 114, 27, 99, 1, 1, 1
72, 1, 674, 114, 28, 100, 1, 1, 1
73, 1, 674, 114, 27, 100, 1, 1, 1
74, 1, 673, 114, 28, 100, 1, 1, 1
75, 1, 671, 115, 29, 100, 1, 1, 1
76, 1, 670, 115, 31, 100, 1, 1, 1
77, 1, 669, 116, 32, 99, 1, 1, 1
78, 1, 667, 115, 34, 99, 1, 1, 1
79, 1, 666, 115, 35, 99, 1, 1, 1
80, 1, 664, 115, 36, 99, 1, 1, 1
81, 1, 662, 116, 38, 98, 1, 1, 1
82, 1, 663, 116, 37, 98, 1, 1, 1
83, 1, 661, 116, 40, 99, 1, 1, 1
84, 1, 662, 117, 38, 96, 1, 1, 1
85, 1, 660, 117, 40, 98, 1, 1, 1
86, 1, 660, 117, 38, 98, 1, 1, 1
87, 1, 660, 117, 38, 98, 1, 1, 1
88, 1, 659, 117, 39, 96, 1, 1, 1
89, 1, 659, 117, 38, 97, 1, 1, 1
90, 1, 659, 118, 38, 97, 1, 1, 1
91, 1, 658, 118, 38, 97, 1, 1, 1
92, 1, 659, 118, 38, 97, 1, 1, 1
93, 1, 658, 118, 39, 97, 1, 1, 1
94, 1, 659, 118, 39, 97, 1, 1, 1
95, 1, 659, 119, 38, 96, 1, 1, 1
96, 1, 659, 118, 39, 97, 1, 1, 1
97, 1, 660, 119, 38, 97, 1, 1, 1
98, 1, 660, 119, 37, 98, 1, 1, 1
99, 1, 660, 120, 36, 98, 1, 1, 1
100, 1, 660, 120, 35, 100, 1, 1, 1
101, 1, 660, 119, 36, 101, 1, 1, 1
102, 1, 660, 120, 35, 101, 1, 1, 1
103, 1, 660, 121, 34, 102, 1, 1, 1
104, 1, 660, 121, 33, 103, 1, 1, 1
105, 1, 661, 122, 32, 101, 1, 1, 1
106, 1, 662, 123, 31, 100, 1, 1, 1
107, 1, 663, 124, 30, 100, 1, 1, 1
108, 1, 663, 124, 31, 100, 1, 1, 1
109, 1, 664, 124, 30, 100, 1, 1, 1
110, 1, 665, 125, 29, 99, 1, 1, 1
111, 1, 665, 125, 29, 99, 1, 1, 1
112, 1, 666, 127, 28, 98, 1, 1, 1
113, 1, 667, 127, 27, 98, 1, 1, 1
114, 1, 667, 127, 27, 98, 1, 1, 1
115, 1, 667, 127, 27, 99, 1, 1, 1
116, 1, 667, 127, 27, 99, 1, 1, 1
117, 1, 668, 129, 26, 95, 1, 1, 1
118, 1, 668, 130, 26, 94, 1, 1, 1
119, 1, 669, 130, 25, 94, 1, 1, 1
120, 1, 669, 130, 25, 94, 1, 1, 1
121, 1, 669, 130, 25, 95, 1, 1, 1
122, 1, 669, 130, 25, 96, 1, 1, 1
123, 1, 669, 130, 25, 97, 1, 1, 1
124, 1, 669, 129, 25, 99, 1, 1, 1
125, 1, 670, 130, 24, 100, 1, 1, 1
126, 1, 670, 130, 24, 101, 1, 1, 1
127, 1, 670, 130, 24, 102, 1, 1, 1
128, 1, 670, 131, 23, 101, 1, 1, 1
129, 1, 669, 131, 24, 101, 1, 1, 1
130, 1, 669, 131, 24, 102, 1, 1, 1
131, 1, 669, 131, 24, 102, 1, 1, 1
132, 1, 669, 132, 24, 101, 1, 1, 1
133, 1, 669, 132, 24, 101, 1, 1, 1
134, 1, 668, 132, 25, 101, 1, 1, 1
135, 1, 668, 133, 25, 100, 1, 1, 1
136, 1, 668, 133, 25, 100, 1, 1, 1
137, 1, 668, 133, 25, 100, 1, 1, 1
138, 1, 668, 134, 25, 99, 1, 1, 1
139, 1, 668, 134, 25, 100, 1, 1, 1
140, 1, 667, 134, 26, 100, 1, 1, 1
141, 1, 667, 135, 26, 99, 1, 1, 1
142, 1, 667, 135, 26, 99, 1, 1, 1
143, 1, 666, 135, 28, 99, 1, 1, 1
144, 1, 666, 135, 28, 99, 1, 1, 1
145, 1, 666, 136, 28, 98, 1, 1, 1
146, 1, 665, 136, 30, 98, 1, 1, 1
147, 1, 665, 136, 30, 98, 1, 1, 1
148, 1, 665, 136, 30, 98, 1, 1, 1
149, 1, 665, 136, 31, 98, 1, 1, 1
150, 1, 665, 136, 32, 98, 1, 1, 1
151, 1, 665, 137, 33, 96, 1, 1, 1
152, 1, 665, 137, 34, 96, 1, 1, 1
153, 1, 665, 137, 36, 96, 1, 1, 1
154, 1, 665, 137, 37, 96, 1, 1, 1
155, 1, 665, 137, 39, 97, 1, 1, 1
156, 1, 666, 138, 40, 95, 1, 1, 1
157, 1, 667, 137, 40, 97, 1, 1, 1
158, 1, 666, 138, 41, 95, 1, 1, 1
159, 1, 667, 138, 41, 96, 1, 1, 1
160, 1, 668, 137, 41, 97, 1, 1, 1
161, 1, 670, 139, 40, 95, 1, 1, 1
162, 1, 669, 139, 43, 96, 1, 1, 1
163, 1, 670, 139, 40, 97, 1, 1, 1
164, 1, 673, 139, 38, 96, 1, 1, 1
165, 1, 674, 139, 36, 96, 1, 1, 1
166, 1, 673, 139, 38, 97, 1, 1, 1
167, 1, 677, 140, 36, 96, 1, 1, 1
168, 1, 678, 140, 35, 97, 1, 1, 1
169, 1, 678, 139, 35, 98, 1, 1, 1
170, 1, 680, 140, 33, 97, 1, 1, 1
171, 1, 681, 141, 32, 97, 1, 1, 1
172, 1, 683, 140, 30, 98, 1, 1, 1
173, 1, 684, 141, 29, 98, 1, 1, 1
174, 1, 684, 141, 30, 97, 1, 1, 1
175, 1, 685, 141, 29, 98, 1, 1, 1
176, 1, 685, 141, 29, 98, 1, 1, 1
177, 1, 685, 142, 29, 97, 1, 1, 1
178, 1, 687, 142, 27, 97, 1, 1, 1
179, 1, 690, 142, 24, 97, 1, 1, 1
180, 1, 691, 142, 23, 96, 1, 1, 1
181, 1, 692, 143, 22, 95, 1, 1, 1
182, 1, 692, 143, 23, 96, 1, 1, 1
183, 1, 693, 142, 22, 98, 1, 1, 1
184, 1, 693, 143, 23, 97, 1, 1, 1
185, 1, 694, 143, 23, 99, 1, 1, 1
186, 1, 694, 144, 25, 98, 1, 1, 1
187, 1, 695, 143, 27, 101, 1, 1, 1
188, 1, 695, 143, 30, 102, 1, 1, 1
189, 1, 696, 144, 30, 102, 1, 1, 1
190, 1, 696, 144, 30, 103, 1, 1, 1
191, 1, 696, 145, 32, 102, 1, 1, 1
192, 1, 697, 145, 32, 102, 1, 1, 1
193, 1, 698, 146, 31, 101, 1, 1, 1
194, 1, 698, 146, 32, 102, 1, 1, 1
195, 1, 699, 147, 31, 101, 1, 1, 1
196, 1, 699, 148, 31, 100, 1, 1, 1
197, 1, 700, 147, 30, 101, 1, 1, 1
198, 1, 700, 148, 30, 100, 1, 1, 1
199, 1, 702, 150, 28, 98, 1, 1, 1
200, 1, 701, 150, 29, 98, 1, 1, 1
201, 1, 702, 150, 28, 98, 1, 1, 1
202, 1, 703, 150, 27, 97, 1, 1, 1
203, 1, 703, 150, 27, 98, 1, 1, 1
204, 1, 704, 150, 27, 98, 1, 1, 1
205, 1, 704, 150, 28, 98, 1, 1, 1
206, 1, 704, 149, 29, 100, 1, 1, 1
207, 1, 704, 150, 30, 99, 1, 1, 1
208, 1, 704, 150, 31, 99, 1, 1, 1
209, 1, 704, 149, 32, 100, 1, 1, 1
210, 1, 704, 150, 33, 98, 1, 1, 1
211, 1, 705, 149, 35, 99, 1, 1, 1
212, 1, 707, 150, 34, 99, 1, 1, 1
213, 1, 706, 150, 37, 99, 1, 1, 1
214, 1, 708, 150, 37, 99, 1, 1, 1
215, 1, 707, 150, 40, 99, 1, 1, 1
216, 1, 708, 151, 40, 98, 1, 1, 1
217, 1, 709, 151, 40, 99, 1, 1, 1
218, 1, 710, 151, 39, 99, 1, 1, 1
219, 1, 712, 151, 36, 100, 1, 1, 1
220, 1, 711, 151, 38, 101, 1, 1, 1
221, 1, 712, 151, 36, 101, 1, 1, 1
222, 1, 712, 151, 36, 101, 1, 1, 1
223, 1, 714, 151, 33, 101, 1, 1, 1
224, 1, 713, 151, 35, 101, 1, 1, 1
225, 1, 714, 150, 35, 103, 1, 1, 1
226, 1, 716, 150, 34, 103, 1, 1, 1
227, 1, 717, 150, 33, 102, 1, 1, 1
228, 1, 716, 150, 36, 102, 1, 1, 1
229, 1, 717, 150, 36, 103, 1, 1, 1
230, 1, 717, 150, 37, 100, 1, 1, 1
231, 1, 718, 151, 37, 102, 1, 1, 1
232, 1, 720, 151, 36, 101, 1, 1, 1
233, 1, 721, 151, 35, 101, 1, 1, 1
234, 1, 720, 151, 36, 101, 1, 1, 1
235, 1, 722, 151, 36, 102, 1, 1, 1
236, 1, 721, 151, 38, 101, 1, 1, 1
237, 1, 722, 151, 37, 101, 1, 1, 1
238, 1, 723, 151, 37, 101, 1, 1, 1
239, 1, 722, 151, 39, 102, 1, 1, 1
240, 1, 722, 151, 39, 100, 1, 1, 1
241, 1, 722, 151, 40, 101, 1, 1, 1
242, 1, 722, 151, 41, 100, 1, 1, 1
243, 1, 722, 151, 42, 99, 1, 1, 1
244, 1, 722, 151, 41, 101, 1, 1, 1
245, 1, 720, 152, 45, 99, 1, 1, 1
246, 1, 720, 151, 45, 100, 1, 1, 1
247, 1, 722, 151, 43, 101, 1, 1, 1
248, 1, 722, 151, 42, 101, 1, 1, 1
249, 1, 722, 152, 43, 98, 1, 1, 1
250, 1, 723, 151, 42, 100, 1, 1, 1
251, 1, 723, 151, 43, 100, 1, 1, 1
252, 1, 724, 151, 42, 100, 1, 1, 1
253, 1, 724, 151, 42, 99, 1, 1, 1
254, 1, 726, 151, 42, 100, 1, 1, 1
255, 1, 725, 151, 43, 99, 1, 1, 1
256, 1, 724, 150, 44, 100, 1, 1, 1
257, 1, 723, 150, 44, 101, 1, 1, 1
258, 1, 722, 150, 46, 102, 1, 1, 1
259, 1, 722, 150, 45, 102, 1, 1, 1
260, 1, 722, 150, 45, 103, 1, 1, 1
261, 1, 722, 150, 43, 104, 1, 1, 1
262, 1, 723, 150, 43, 104, 1, 1, 1
263, 1, 723, 150, 42, 104, 1, 1, 1
264, 1, 724, 150, 42, 104, 1, 1, 1
265, 1, 723, 150, 41, 103, 1, 1, 1
266, 1, 724, 149, 42, 105, 1, 1, 1
267, 1, 725, 149, 41, 103, 1, 1, 1
268, 1, 726, 149, 39, 104, 1, 1, 1
269, 1, 725, 149, 40, 104, 1, 1, 1
270, 1, 725, 148, 40, 105, 1, 1, 1
271, 1, 726, 148, 38, 105, 1, 1, 1
272, 1, 727, 148, 39, 104, 1, 1, 1
273, 1, 727, 147, 40, 105, 1, 1, 1
274, 1, 727, 146, 41, 107, 1, 1, 1
275, 1, 728, 146, 41, 107, 1, 1, 1
276, 1, 728, 146, 41, 106, 1, 1, 1
277, 1, 729, 145, 41, 107, 1, 1, 1
278, 1, 731, 145, 38, 107, 1, 1, 1
279, 1, 732, 144, 38, 108, 1, 1, 1
280, 1, 731, 143, 40, 109, 1, 1, 1
281, 1, 734, 143, 39, 108, 1, 1, 1
282, 1, 733, 143, 41, 108, 1, 1, 1
283, 1, 734, 142, 40, 108, 1, 1, 1
284, 1, 734, 142, 40, 108, 1, 1, 1
285, 1, 736, 142, 38, 106, 1, 1, 1
286, 1, 735, 141, 41, 107, 1, 1, 1
287, 1, 736, 141, 40, 106, 1, 1, 1
288, 1, 737, 141, 39, 106, 1, 1, 1
289, 1, 739, 140, 38, 105, 1, 1, 1
290, 1, 738, 140, 40, 105, 1, 1, 1
291, 1, 738, 140, 39, 104, 1, 1, 1
292, 1, 739, 140, 38, 103, 1, 1, 1
293, 1, 740, 140, 41, 103, 1, 1, 1
294, 1, 741, 140, 44, 103, 1, 1, 1
295, 1, 742, 140, 45, 103, 1, 1, 1
296, 1, 742, 140, 48, 103, 1, 1, 1
297, 1, 744, 140, 47, 103, 1, 1, 1
298, 1, 744, 139, 47, 104, 1, 1, 1
299, 1, 746, 139, 46, 103, 1, 1, 1
300, 1, 746, 139, 46, 104, 1, 1, 1
301, 1, 748, 138, 43, 103, 1, 1, 1
302, 1, 748, 138, 45, 104, 1, 1, 1
303, 1, 751, 139, 42, 102, 1, 1, 1
304, 1, 751, 138, 42, 104, 1, 1, 1
305, 1, 753, 137, 40, 105, 1, 1, 1
306, 1, 755, 137, 38, 103, 1, 1, 1
307, 1, 756, 137, 37, 103, 1, 1, 1
308, 1, 756, 137, 37, 105, 1, 1, 1
309, 1, 757, 137, 37, 105, 1, 1, 1
310, 1, 757, 136, 38, 104, 1, 1, 1
311, 1, 758, 137, 38, 105, 1, 1, 1
312, 1, 757, 136, 41, 106, 1, 1, 1
313, 1, 760, 135, 38, 102, 1, 1, 1
314, 1, 761, 135, 38, 101, 1, 1, 1
315, 1, 763, 135, 37, 102, 1, 1, 1
316, 1, 766, 134, 35, 102, 1, 1, 1
317, 1, 767, 134, 34, 102, 1, 1, 1
318, 1, 768, 133, 34, 101, 1, 1, 1
319, 1, 769, 133, 35, 102, 1, 1, 1
320, 1, 770, 133, 35, 103, 1, 1, 1
321, 1, 771, 133, 34, 104, 1, 1, 1
322, 1, 771, 132, 36, 104, 1, 1, 1
323, 1, 773, 132, 35, 104, 1, 1, 1
324, 1, 773, 132, 36, 104, 1, 1, 1
325, 1, 774, 133, 36, 103, 1, 1, 1
326, 1, 775, 133, 35, 102, 1, 1, 1
327, 1, 776, 133, 35, 102, 1, 1, 1
328, 1, 778, 133, 34, 101, 1, 1, 1
329, 1, 779, 132, 35, 103, 1, 1, 1
330, 1, 779, 132, 35, 104, 1, 1, 1
331, 1, 780, 131, 35, 103, 1, 1, 1
332, 1, 781, 131, 35, 104, 1, 1, 1
333, 1, 782, 130, 37, 104, 1, 1, 1
334, 1, 783, 129, 36, 105, 1, 1, 1
335, 1, 784, 129, 40, 104, 1, 1, 1
336, 1, 785, 128, 39, 104, 1, 1, 1
337, 1, 786, 127, 37, 105, 1, 1, 1
338, 1, 788, 127, 36, 105, 1, 1, 1
339, 1, 788, 127, 37, 104, 1, 1, 1
340, 1, 789, 127, 33, 104, 1, 1, 1
341, 1, 790, 127, 32, 103, 1, 1, 1
342, 1, 791, 127, 31, 102, 1, 1, 1
343, 1, 792, 126, 30, 103, 1, 1, 1
344, 1, 793, 126, 29, 103, 1, 1, 1
345, 1, 794, 126, 29, 104, 1, 1, 1
346, 1, 794, 126, 30, 102, 1, 1, 1
347, 1, 794, 126, 33, 103, 1, 1, 1
348, 1, 795, 126, 36, 102, 1, 1, 1
349, 1, 796, 126, 39, 101, 1, 1, 1
350, 1, 796, 126, 43, 100, 1, 1, 1
351, 1, 798, 126, 43, 100, 1, 1, 1
352, 1, 798, 126, 46, 100, 1, 1, 1
353, 1, 799, 126, 48, 98, 1, 1, 1
354, 1, 800, 126, 47, 99, 1, 1, 1
355, 1, 801, 126, 48, 99, 1, 1, 1
356, 1, 802, 126, 47, 98, 1, 1, 1
357, 1, 805, 127, 42, 98, 1, 1, 1
358, 1, 806, 127, 41, 97, 1, 1, 1
359, 1, 807, 127, 40, 98, 1, 1, 1
360, 1, 808, 126, 39, 98, 1, 1, 1
361, 1, 808, 127, 40, 97, 1, 1, 1
362, 1, 808, 126, 42, 98, 1, 1, 1
363, 1, 808, 126, 42, 98, 1, 1, 1
364, 1, 809, 125, 39, 99, 1, 1, 1
365, 1, 810, 125, 38, 99, 1, 1, 1
366, 1, 811, 125, 38, 99, 1, 1, 1
367, 1, 812, 125, 36, 99, 1, 1, 1
368, 1, 812, 124, 35, 100, 1, 1, 1
369, 1, 814, 124, 34, 99, 1, 1, 1
370, 1, 815, 124, 33, 98, 1, 1, 1
371, 1, 817, 124, 31, 97, 1, 1, 1
372, 1, 821, 124, 28, 99, 1, 1, 1
373, 1, 823, 124, 27, 99, 1, 1, 1
374, 1, 826, 124, 24, 99, 1, 1, 1
375, 1, 826, 124, 25, 100, 1, 1, 1
376, 1, 827, 124, 24, 99, 1, 1, 1
377, 1, 829, 124, 23, 99, 1, 1, 1
378, 1, 829, 124, 24, 100, 1, 1, 1
379, 1, 830, 124, 26, 100, 1, 1, 1
380, 1, 830, 123, 30, 100, 1, 1, 1
381, 1, 830, 123, 33, 101, 1, 1, 1
382, 1, 831, 122, 36, 102, 1, 1, 1
383, 1, 831, 122, 36, 101, 1, 1, 1
384, 1, 833, 122, 33, 101, 1, 1, 1
385, 1, 833, 122, 34, 101, 1, 1, 1
386, 1, 834, 121, 35, 102, 1, 1, 1
387, 1, 835, 121, 33, 101, 1, 1, 1
388, 1, 837, 121, 31, 103, 1, 1, 1
389, 1, 837, 121, 30, 103, 1, 1, 1
390, 1, 838, 121, 30, 101, 1, 1, 1
391, 1, 838, 120, 26, 102, 1, 1, 1
392, 1, 839, 120, 30, 103, 1, 1, 1
393, 1, 839, 120, 29, 103, 1, 1, 1
394, 1, 838, 118, 30, 104, 1, 1, 1
395, 1, 839, 118, 30, 104, 1, 1, 1
396, 1, 840, 118, 29, 104, 1, 1, 1
397, 1, 841, 119, 28, 104, 1, 1, 1
398, 1, 840, 119, 30, 103, 1, 1, 1
399, 1, 841, 118, 31, 104, 1, 1, 1
400, 1, 840, 117, 32, 105, 1, 1, 1
401, 1, 840, 117, 33, 105, 1, 1, 1
402, 1, 840, 117, 33, 105, 1, 1, 1
403, 1, 840, 117, 31, 105, 1, 1, 1
404, 1, 841, 117, 33, 105, 1, 1, 1
405, 1, 841, 117, 33, 105, 1, 1, 1
406, 1, 841, 117, 34, 105, 1, 1, 1
407, 1, 840, 117, 34, 105, 1, 1, 1
408, 1, 841, 117, 35, 105, 1, 1, 1
409, 1, 840, 117, 38, 105, 1, 1, 1
410, 1, 840, 117, 38, 104, 1, 1, 1
411, 1, 840, 117, 40, 105, 1, 1, 1
412, 1, 840, 117, 42, 104, 1, 1, 1
413, 1, 840, 117, 40, 105, 1, 1, 1
414, 1, 841, 116, 40, 104, 1, 1, 1
415, 1, 841, 117, 40, 105, 1, 1, 1
416, 1, 841, 118, 43, 104, 1, 1, 1
417, 1, 840, 118, 43, 103, 1, 1, 1
418, 1, 840, 117, 44, 104, 1, 1, 1
419, 1, 840, 117, 43, 104, 1, 1, 1
420, 1, 840, 117, 42, 104, 1, 1, 1
421, 1, 841, 117, 41, 103, 1, 1, 1
422, 1, 841, 118, 42, 104, 1, 1, 1
423, 1, 841, 118, 41, 103, 1, 1, 1
424, 1, 841, 118, 42, 103, 1, 1, 1
425, 1, 840, 117, 43, 103, 1, 1, 1
426, 1, 841, 116, 42, 105, 1, 1, 1
427, 1, 840, 116, 43, 103, 1, 1, 1
428, 1, 841, 117, 43, 104, 1, 1, 1
429, 1, 841, 118, 41, 103, 1, 1, 1
430, 1, 840, 118, 43, 103, 1, 1, 1
431, 1, 840, 118, 45, 102, 1, 1, 1
432, 1, 840, 118, 46, 101, 1, 1, 1
433, 1, 840, 118, 42, 103, 1, 1, 1
434, 1, 840, 118, 43, 103, 1, 1, 1
435, 1, 841, 118, 42, 103, 1, 1, 1
436, 1, 840, 118, 41, 103, 1, 1, 1
437, 1, 839, 119, 40, 101, 1, 1, 1
438, 1, 839, 119, 41, 101, 1, 1, 1
439, 1, 839, 119, 41, 100, 1, 1, 1
440, 1, 839, 118, 42, 102, 1, 1, 1
441, 1, 838, 119, 44, 102, 1, 1, 1
442, 1, 838, 120, 40, 102, 1, 1, 1
443, 1, 836, 120, 43, 101, 1, 1, 1
444, 1, 836, 120, 42, 101, 1, 1, 1
445, 1, 836, 119, 41, 102, 1, 1, 1
446, 1, 835, 121, 41, 101, 1, 1, 1
447, 1, 835, 121, 40, 101, 1, 1, 1
448, 1, 833, 121, 39, 101, 1, 1, 1
449, 1, 831, 121, 36, 99, 1, 1, 1
450, 1, 830, 121, 38, 98, 1, 1, 1
451, 1, 830, 122, 38, 99, 1, 1, 1
452, 1, 828, 123, 40, 99, 1, 1, 1
453, 1, 830, 123, 39, 99, 1, 1, 1
454, 1, 828, 123, 40, 99, 1, 1, 1
455, 1, 825, 123, 43, 98, 1, 1, 1
456, 1, 824, 123, 41, 98, 1, 1, 1
457, 1, 824, 123, 40, 97, 1, 1, 1
458, 1, 823, 123, 40, 98, 1, 1, 1
459, 1, 823, 124, 38, 99, 1, 1, 1
460, 1, 823, 125, 36, 99, 1, 1, 1
461, 1, 822, 123, 37, 99, 1, 1, 1
462, 1, 819, 122, 38, 99, 1, 1, 1
463, 1, 819, 121, 38, 98, 1, 1, 1
464, 1, 818, 123, 37, 99, 1, 1, 1
465, 1, 818, 124, 36, 99, 1, 1, 1
466, 1, 819, 125, 36, 98, 1, 1, 1
467, 1, 816, 123, 40, 100, 1, 1, 1
468, 1, 815, 123, 41, 100, 1, 1, 1
469, 1, 813, 123, 41, 100, 1, 1, 1
470, 1, 813, 124, 43, 100, 1, 1, 1
471, 1, 813, 123, 44, 101, 1, 1, 1
472, 1, 812, 124, 43, 102, 1, 1, 1
473, 1, 812, 126, 40, 102, 1, 1, 1
474, 1, 811, 126, 37, 102, 1, 1, 1
475, 1, 808, 124, 42, 101, 1, 1, 1
476, 1, 807, 124, 42, 101, 1, 1, 1
477, 1, 807, 126, 42, 100, 1, 1, 1
478, 1, 806, 127, 44, 101, 1, 1, 1
479, 1, 807, 127, 42, 100, 1, 1, 1
480, 1, 804, 125, 45, 99, 1, 1, 1
481, 1, 802, 125, 47, 100, 1, 1, 1
482, 1, 802, 127, 47, 98, 1, 1, 1
483, 1, 800, 127, 49, 100, 1, 1, 1
484, 1, 800, 127, 49, 99, 1, 1, 1
485, 1, 799, 127, 51, 99, 1, 1, 1
486, 1, 798, 127, 50, 100, 1, 1, 1
487, 1, 797, 127, 49, 98, 1, 1, 1
488, 1, 796, 126, 48, 99, 1, 1, 1
489, 1, 796, 126, 47, 99, 1, 1, 1
490, 1, 797, 127, 45, 99, 1, 1, 1
491, 1, 796, 127, 43, 99, 1, 1, 1
492, 1, 795, 127, 42, 99, 1, 1, 1
493, 1, 795, 125, 41, 102, 1, 1, 1
494, 1, 794, 125, 41, 100, 1, 1, 1
495, 1, 794, 127, 44, 100, 1, 1, 1
496, 1, 795, 127, 43, 101, 1, 1, 1
497, 1, 795, 127, 44, 101, 1, 1, 1
498, 1, 794, 127, 44, 101, 1, 1, 1
499, 1, 793, 126, 43, 102, 1, 1, 1
500, 1, 793, 127, 44, 101, 1, 1, 1
501, 1, 793, 127, 43, 102, 1, 1, 1
502, 1, 794, 127, 45, 103, 1, 1, 1
503, 1, 795, 128, 44, 101, 1, 1, 1
504, 1, 794, 128, 46, 101, 1, 1, 1
505, 1, 794, 128, 46, 101, 1, 1, 1
506, 1, 795, 127, 46, 101, 1, 1, 1
507, 1, 795, 127, 47, 102, 1, 1, 1
508, 1, 796, 128, 46, 101, 1, 1, 1
509, 1, 799, 129, 44, 100, 1, 1, 1
510, 1, 798, 129, 44, 100, 1, 1, 1
511, 1, 798, 128, 44, 101, 1, 1, 1
512, 1, 798, 127, 43, 102, 1, 1, 1
513, 1, 799, 129, 41, 100, 1, 1, 1
514, 1, 800, 129, 40, 102, 1, 1, 1
515, 1, 802, 130, 40, 100, 1, 1, 1
516, 1, 800, 128, 42, 101, 1, 1, 1
517, 1, 801, 129, 40, 97, 1, 1, 1
518, 1, 800, 130, 41, 99, 1, 1, 1
519, 1, 799, 129, 40, 99, 1, 1, 1
520, 1, 799, 129, 43, 99, 1, 1, 1
521, 1, 800, 130, 41, 96, 1, 1, 1
522, 1, 799, 130, 43, 99, 1, 1, 1
523, 1, 799, 131, 43, 98, 1, 1, 1
524, 1, 800, 129, 41, 99, 1, 1, 1
525, 1, 801, 129, 39, 97, 1, 1, 1
526, 1, 802, 129, 39, 98, 1, 1, 1
527, 1, 803, 131, 37, 99, 1, 1, 1
528, 1, 802, 130, 38, 101, 1, 1, 1
529, 1, 800, 129, 39, 101, 1, 1, 1
530, 1, 800, 129, 38, 101, 1, 1, 1
531, 1, 800, 130, 36, 101, 1, 1, 1
532, 1, 801, 131, 36, 102, 1, 1, 1
533, 1, 799, 131, 38, 100, 1, 1, 1
534, 1, 799, 129, 37, 101, 1, 1, 1
535, 1, 796, 130, 38, 101, 1, 1, 1
536, 1, 795, 131, 37, 101, 1, 1, 1
537, 1, 793, 131, 39, 99, 1, 1, 1
538, 1, 793, 130, 37, 100, 1, 1, 1
539, 1, 792, 132, 37, 100, 1, 1, 1
540, 1, 792, 133, 37, 100, 1, 1, 1
541, 1, 790, 133, 39, 100, 1, 1, 1
542, 1, 788, 132, 41, 98, 1, 1, 1
543, 1, 789, 131, 39, 98, 1, 1, 1
544, 1, 788, 132, 40, 100, 1, 1, 1
545, 1, 786, 134, 40, 99, 1, 1, 1
546, 1, 786, 134, 38, 99, 1, 1, 1
547, 1, 784, 132, 38, 98, 1, 1, 1
548, 1, 783, 131, 36, 99, 1, 1, 1
549, 1, 782, 133, 36, 98, 1, 1, 1
550, 1, 783, 133, 34, 99, 1, 1, 1
551, 1, 784, 132, 33, 101, 1, 1, 1
552, 1, 783, 132, 34, 100, 1, 1, 1
553, 1, 782, 134, 32, 98, 1, 1, 1
554, 1, 780, 133, 34, 98, 1, 1, 1
555, 1, 780, 133, 33, 97, 1, 1, 1
556, 1, 780, 132, 33, 96, 1, 1, 1
557, 1, 779, 132, 33, 98, 1, 1, 1
558, 1, 779, 133, 33, 98, 1, 1, 1
559, 1, 778, 133, 31, 98, 1, 1, 1
560, 1, 777, 131, 33, 97, 1, 1, 1
561, 1, 775, 130, 34, 100, 1, 1, 1
562, 1, 774, 131, 34, 98, 1, 1, 1
563, 1, 774, 133, 33, 99, 1, 1, 1
564, 1, 772, 132, 36, 97, 1, 1, 1
565, 1, 772, 129, 36, 100, 1, 1, 1
566, 1, 770, 129, 35, 99, 1, 1, 1
567, 1, 768, 131, 36, 97, 1, 1, 1
568, 1, 768, 130, 35, 98, 1, 1, 1
569, 1, 768, 129, 33, 96, 1, 1, 1
570, 1, 767, 128, 34, 98, 1, 1, 1
571, 1, 765, 130, 34, 97, 1, 1, 1
572, 1, 764, 130, 34, 100, 1, 1, 1
573, 1, 763, 129, 33, 100, 1, 1, 1
574, 1, 763, 129, 33, 100, 1, 1, 1
575, 1, 762, 129, 33, 101, 1, 1, 1
576, 1, 762, 131, 32, 102, 1, 1, 1
577, 1, 761, 131, 32, 100, 1, 1, 1
578, 1, 760, 129, 33, 100, 1, 1, 1
579, 1, 758, 129, 33, 100, 1, 1, 1
580, 1, 756, 131, 33, 99, 1, 1, 1
581, 1, 754, 130, 34, 102, 1, 1, 1
582, 1, 751, 130, 37, 101, 1, 1, 1
583, 1, 750, 131, 37, 100, 1, 1, 1
584, 1, 747, 132, 39, 100, 1, 1, 1
585, 1, 746, 131, 39, 101, 1, 1, 1
586, 1, 746, 132, 38, 100, 1, 1, 1
587, 1, 746, 133, 39, 98, 1, 1, 1
588, 1, 744, 132, 41, 98, 1, 1, 1
589, 1, 744, 132, 41, 100, 1, 1, 1
590, 1, 741, 133, 42, 98, 1, 1, 1
591, 1, 740, 134, 42, 97, 1, 1, 1
592, 1, 739, 132, 42, 99, 1, 1, 1
593, 1, 738, 133, 40, 98, 1, 1, 1
594, 1, 737, 132, 40, 99, 1, 1, 1
595, 1, 736, 133, 37, 99, 1, 1, 1
596, 1, 735, 133, 35, 98, 1, 1, 1
597, 1, 733, 131, 33, 101, 1, 1, 1
598, 1, 732, 132, 33, 99, 1, 1, 1
599, 1, 731, 133, 32, 99, 1, 1, 1
600, 1, 730, 133, 33, 99, 1, 1, 1
601, 1, 731, 132, 31, 99, 1, 1, 1
602, 1, 729, 133, 31, 97, 1, 1, 1
603, 1, 728, 133, 31, 99, 1, 1, 1
604, 1, 726, 134, 32, 98, 1, 1, 1
605, 1, 723, 133, 34, 97, 1, 1, 1
606, 1, 721, 134, 36, 97, 1, 1, 1
607, 1, 719, 134, 37, 97, 1, 1, 1
608, 1, 717, 134, 39, 97, 1, 1, 1
609, 1, 717, 134, 39, 96, 1, 1, 1
610, 1, 716, 134, 40, 96, 1, 1, 1
611, 1, 717, 134, 39, 96, 1, 1, 1
612, 1, 715, 134, 39, 98, 1, 1, 1
613, 1, 714, 134, 40, 97, 1, 1, 1
614, 1, 712, 133, 42, 96, 1, 1, 1
615, 1, 710, 132, 43, 97, 1, 1, 1
616, 1, 709, 132, 42, 98, 1, 1, 1
617, 1, 707, 133, 42, 97, 1, 1, 1
618, 1, 707, 132, 42, 97, 1, 1, 1
619, 1, 706, 132, 40, 98, 1, 1, 1
620, 1, 707, 132, 37, 97, 1, 1, 1
621, 1, 704, 132, 35, 98, 1, 1, 1
622, 1, 704, 132, 33, 99, 1, 1, 1
623, 1, 704, 131, 31, 100, 1, 1, 1
624, 1, 703, 131, 31, 101, 1, 1, 1
625, 1, 702, 131, 30, 103, 1, 1, 1
626, 1, 701, 131, 30, 103, 1, 1, 1
627, 1, 701, 132, 29, 99, 1, 1, 1
628, 1, 700, 131, 29, 100, 1, 1, 1
629, 1, 699, 131, 28, 101, 1, 1, 1
630, 1, 697, 132, 29, 100, 1, 1, 1
631, 1, 694, 131, 31, 102, 1, 1, 1
632, 1, 689, 131, 36, 102, 1, 1, 1
633, 1, 685, 131, 39, 103, 1, 1, 1
634, 1, 683, 132, 42, 101, 1, 1, 1
635, 1, 681, 133, 44, 102, 1, 1, 1
636, 1, 681, 133, 44, 102, 1, 1, 1
637, 1, 684, 133, 41, 102, 1, 1, 1
638, 1, 680, 133, 45, 102, 1, 1, 1
639, 1, 682, 134, 41, 101, 1, 1, 1
640, 1, 682, 135, 42, 100, 1, 1, 1
641, 1, 682, 135, 42, 100, 1, 1, 1
642, 1, 680, 135, 43, 97, 1, 1, 1
643, 1, 677, 136, 45, 99, 1, 1, 1
644, 1, 676, 136, 45, 98, 1, 1, 1
645, 1, 674, 137, 47, 97, 1, 1, 1
646, 1, 673, 137, 48, 97, 1, 1, 1
647, 1, 671, 137, 49, 96, 1, 1, 1
648, 1, 671, 138, 47, 96, 1, 1, 1
649, 1, 669, 138, 49, 97, 1, 1, 1
650, 1, 669, 138, 49, 97, 1, 1, 1
651, 1, 669, 138, 49, 95, 1, 1, 1
652, 1, 667, 139, 50, 95, 1, 1, 1
653, 1, 666, 140, 53, 94, 1, 1, 1
654, 1, 664, 139, 54, 95, 1, 1, 1
655, 1, 664, 140, 54, 95, 1, 1, 1
656, 1, 663, 140, 54, 94, 1, 1, 1
657, 1, 664, 140, 53, 96, 1, 1, 1
658, 1, 662, 140, 56, 95, 1, 1, 1
659, 1, 663, 140, 55, 94, 1, 1, 1
660, 1, 662, 140, 56, 94, 1, 1, 1
661, 1, 662, 140, 55, 93, 1, 1, 1
662, 1, 661, 140, 55, 94, 1, 1, 1
663, 1, 661, 141, 55, 92, 1, 1, 1
664, 1, 662, 141, 53, 93, 1, 1, 1
665, 1, 662, 141, 52, 93, 1, 1, 1
666, 1, 661, 141, 51, 95, 1, 1, 1
667, 1, 660, 142, 51, 93, 1, 1, 1
668, 1, 661, 142, 49, 93, 1, 1, 1
669, 1, 660, 142, 50, 92, 1, 1, 1
670, 1, 660, 142, 49, 93, 1, 1, 1
671, 1, 660, 143, 48, 91, 1, 1, 1
672, 1, 660, 143, 48, 92, 1, 1, 1
673, 1, 660, 143, 48, 92, 1, 1, 1
674, 1, 660, 142, 48, 93, 1, 1, 1
675, 1, 659, 142, 49, 93, 1, 1, 1
676, 1, 660, 142, 48, 93, 1, 1, 1
677, 1, 660, 142, 47, 93, 1, 1, 1
678, 1, 658, 142, 50, 91, 1, 1, 1
679, 1, 660, 143, 46, 93, 1, 1, 1
680, 1, 658, 143, 49, 92, 1, 1, 1
681, 1, 659, 142, 47, 92, 1, 1, 1
682, 1, 658, 142, 49, 92, 1, 1, 1
683, 1, 660, 143, 46, 92, 1, 1, 1
684, 1, 659, 143, 47, 92, 1, 1, 1
685, 1, 660, 143, 46, 92, 1, 1, 1
686, 1, 659, 142, 48, 93, 1, 1, 1
687, 1, 660, 142, 46, 92, 1, 1, 1
688, 1, 660, 141, 45, 95, 1, 1, 1
689, 1, 662, 142, 42, 94, 1, 1, 1
690, 1, 662, 142, 44, 92, 1, 1, 1
691, 1, 663, 141, 43, 94, 1, 1, 1
692, 1, 665, 141, 41, 96, 1, 1, 1
693, 1, 664, 142, 41, 95, 1, 1, 1
694, 1, 666, 141, 40, 96, 1, 1, 1
695, 1, 667, 141, 40, 95, 1, 1, 1
696, 1, 668, 142, 39, 95, 1, 1, 1
697, 1, 669, 142, 38, 96, 1, 1, 1
698, 1, 670, 142, 37, 96, 1, 1, 1
699, 1, 672, 142, 36, 95, 1, 1, 1
700, 1, 673, 142, 35, 95, 1, 1, 1
701, 1, 673, 142, 35, 96, 1, 1, 1
702, 1, 674, 143, 33, 95, 1, 1, 1
703, 1, 676, 143, 31, 95, 1, 1, 1
704, 1, 676, 143, 32, 94, 1, 1, 1
705, 1, 677, 144, 30, 93, 1, 1, 1
706, 1, 677, 143, 30, 95, 1, 1, 1
707, 1, 678, 144, 29, 94, 1, 1, 1
708, 1, 679, 143, 28, 95, 1, 1, 1
709, 1, 680, 144, 27, 95, 1, 1, 1
710, 1, 681, 144, 26, 96, 1, 1, 1
711, 1, 681, 144, 26, 95, 1, 1, 1
712, 1, 681, 144, 26, 96, 1, 1, 1
713, 1, 681, 144, 26, 97, 1, 1, 1
714, 1, 681, 144, 26, 100, 1, 1, 1
715, 1, 681, 145, 26, 103, 1, 1, 1
716, 1, 681, 145, 26, 105, 1, 1, 1
717, 1, 682, 145, 25, 106, 1, 1, 1
718, 1, 682, 146, 25, 106, 1, 1, 1
719, 1, 681, 146, 26, 105, 1, 1, 1
720, 1, 681, 147, 25, 104, 1, 1, 1
721, 1, 681, 146, 26, 105, 1, 1, 1
722, 1, 681, 148, 26, 102, 1, 1, 1
723, 1, 681, 148, 26, 104, 1, 1, 1
724, 1, 680, 149, 26, 103, 1, 1, 1
725, 1, 680, 149, 26, 103, 1, 1, 1
726, 1, 679, 150, 27, 102, 1, 1, 1
727, 1, 680, 150, 25, 101, 1, 1, 1
728, 1, 680, 150, 25, 102, 1, 1, 1
729, 1, 680, 151, 25, 101, 1, 1, 1
730, 1, 680, 151, 25, 101, 1, 1, 1
731, 1, 680, 152, 26, 100, 1, 1, 1
732, 1, 680, 152, 26, 100, 1, 1, 1
733, 1, 680, 152, 25, 101, 1, 1, 1
734, 1, 680, 152, 26, 102, 1, 1, 1
735, 1, 680, 153, 27, 100, 1, 1, 1
736, 1, 680, 154, 27, 98, 1, 1, 1
737, 1, 679, 153, 27, 99, 1, 1, 1
738, 1, 678, 154, 28, 98, 1, 1, 1
739, 1, 679, 154, 27, 98, 1, 1, 1
740, 1, 679, 156, 28, 97, 1, 1, 1
741, 1, 678, 156, 29, 98, 1, 1, 1
742, 1, 677, 159, 30, 97, 1, 1, 1
743, 1, 676, 159, 31, 98, 1, 1, 1
744, 1, 676, 160, 30, 97, 1, 1, 1
745, 1, 676, 158, 31, 98, 1, 1, 1
746, 1, 675, 159, 32, 100, 1, 1, 1
747, 1, 676, 158, 31, 102, 1, 1, 1
748, 1, 675, 159, 31, 101, 1, 1, 1
749, 1, 675, 160, 32, 101, 1, 1, 1
750, 1, 673, 161, 34, 100, 1, 1, 1
751, 1, 673, 161, 33, 99, 1, 1, 1
752, 1, 673, 161, 33, 101, 1, 1, 1
753, 1, 672, 162, 34, 99, 1, 1, 1
754, 1, 671, 163, 35, 98, 1, 1, 1
755, 1, 671, 163, 34, 98, 1, 1, 1
756, 1, 670, 163, 35, 98, 1, 1, 1
757, 1, 670, 164, 35, 98, 1, 1, 1
758, 1, 670, 164, 35, 97, 1, 1, 1
759, 1, 669, 166, 36, 96, 1, 1, 1
760, 1, 667, 167, 37, 95, 1, 1, 1
761, 1, 666, 166, 38, 96, 1, 1, 1
762, 1, 666, 166, 38, 94, 1, 1, 1
763, 1, 666, 166, 38, 95, 1, 1, 1
764, 1, 666, 167, 38, 96, 1, 1, 1
765, 1, 667, 169, 38, 94, 1, 1, 1
766, 1, 666, 168, 39, 94, 1, 1, 1
767, 1, 665, 167, 39, 94, 1, 1, 1
768, 1, 665, 167, 38, 94, 1, 1, 1
769, 1, 665, 167, 39, 95, 1, 1, 1
770, 1, 666, 168, 40, 93, 1, 1, 1
771, 1, 667, 168, 40, 93, 1, 1, 1
772, 1, 667, 168, 41, 92, 1, 1, 1
773, 1, 667, 168, 43, 92, 1, 1, 1
774, 1, 667, 167, 45, 93, 1, 1, 1
775, 1, 667, 166, 47, 92, 1, 1, 1
776, 1, 667, 166, 49, 93, 1, 1, 1
777, 1, 668, 166, 50, 93, 1, 1, 1
778, 1, 668, 166, 51, 93, 1, 1, 1
779, 1, 669, 166, 50, 93, 1, 1, 1
780, 1, 671, 166, 48, 92, 1, 1, 1
781, 1, 672, 165, 49, 93, 1, 1, 1
782, 1, 672, 165, 48, 95, 1, 1, 1
783, 1, 674, 167, 46, 93, 1, 1, 1
784, 1, 676, 166, 46, 93, 1, 1, 1
785, 1, 677, 166, 45, 92, 1, 1, 1
786, 1, 677, 165, 45, 94, 1, 1, 1
787, 1, 677, 165, 43, 93, 1, 1, 1
788, 1, 680, 166, 42, 93, 1, 1, 1
789, 1, 682, 166, 41, 93, 1, 1, 1
790, 1, 683, 166, 41, 94, 1, 1, 1
791, 1, 684, 166, 39, 94, 1, 1, 1
792, 1, 685, 165, 39, 95, 1, 1, 1
793, 1, 686, 165, 38, 97, 1, 1, 1
794, 1, 686, 164, 40, 98, 1, 1, 1
795, 1, 688, 164, 38, 97, 1, 1, 1
796, 1, 689, 165, 39, 95, 1, 1, 1
797, 1, 690, 165, 38, 95, 1, 1, 1
798, 1, 691, 164, 38, 93, 1, 1, 1
799, 1, 691, 163, 38, 96, 1, 1, 1
800, 1, 692, 164, 37, 96, 1, 1, 1
1, 2, 1064, 454, 65, 79, 1, 1, 1
2, 2, 1067, 453, 62, 80, 1, 1, 1
3, 2, 1067, 453, 62, 79, 1, 1, 1
4, 2, 1068, 452, 61, 80, 1, 1, 1
5, 2, 1069, 451, 60, 81, 1, 1, 1
6, 2, 1069, 450, 60, 83, 1, 1, 1
7, 2, 1069, 449, 60, 85, 1, 1, 1
8, 2, 1070, 449, 59, 84, 1, 1, 1
9, 2, 1071, 447, 58, 86, 1, 1, 1
10, 2, 1070, 446, 59, 87, 1, 1, 1
11, 2, 1071, 446, 58, 87, 1, 1, 1
12, 2, 1071, 446, 58, 87, 1, 1, 1
13, 2, 1072, 445, 57, 88, 1, 1, 1
14, 2, 1073, 445, 56, 90, 1, 1, 1
15, 2, 1075, 448, 54, 86, 1, 1, 1
16, 2, 1072, 447, 57, 87, 1, 1, 1
17, 2, 1071, 447, 57, 88, 1, 1, 1
18, 2, 1071, 447, 57, 87, 1, 1, 1
19, 2, 1074, 445, 53, 89, 1, 1, 1
20, 2, 1075, 445, 52, 89, 1, 1, 1
21, 2, 1075, 445, 53, 89, 1, 1, 1
22, 2, 1075, 445, 53, 89, 1, 1, 1
23, 2, 1074, 446, 54, 86, 1, 1, 1
24, 2, 1075, 446, 53, 87, 1, 1, 1
25, 2, 1075, 445, 52, 88, 1, 1, 1
26, 2, 1076, 445, 52, 87, 1, 1, 1
27, 2, 1078, 445, 52, 89, 1, 1, 1
28, 2, 1082, 444, 50, 90, 1, 1, 1
29, 2, 1091, 441, 42, 91, 1, 1, 1
30, 2, 1094, 438, 40, 93, 1, 1, 1
31, 2, 1097, 436, 38, 96, 1, 1, 1
32, 2, 1099, 435, 38, 97, 1, 1, 1
33, 2, 1100, 434, 38, 97, 1, 1, 1
34, 2, 1101, 431, 37, 99, 1, 1, 1
35, 2, 1102, 429, 37, 102, 1, 1, 1
36, 2, 1102, 428, 37, 102, 1, 1, 1
37, 2, 1103, 426, 36, 106, 1, 1, 1
38, 2, 1103, 425, 36, 106, 1, 1, 1
39, 2, 1103, 424, 36, 107, 1, 1, 1
40, 2, 1103, 422, 36, 109, 1, 1, 1
41, 2, 1103, 420, 36, 111, 1, 1, 1
42, 2, 1102, 418, 37, 113, 1, 1, 1
43, 2, 1102, 416, 37, 115, 1, 1, 1
44, 2, 1101, 416, 40, 115, 1, 1, 1
45, 2, 1102, 415, 40, 117, 1, 1, 1
46, 2, 1102, 414, 41, 117, 1, 1, 1
47, 2, 1101, 413, 41, 119, 1, 1, 1
48, 2, 1101, 412, 43, 119, 1, 1, 1
49, 2, 1099, 411, 45, 119, 1, 1, 1
50, 2, 1100, 411, 43, 121, 1, 1, 1
51, 2, 1100, 411, 43, 121, 1, 1, 1
52, 2, 1101, 411, 43, 119, 1, 1, 1
53, 2, 1099, 411, 44, 119, 1, 1, 1
54, 2, 1100, 411, 44, 119, 1, 1, 1
55, 2, 1100, 410, 44, 121, 1, 1, 1
56, 2, 1101, 410, 42, 119, 1, 1, 1
57, 2, 1101, 410, 43, 119, 1, 1, 1
58, 2, 1100, 410, 43, 121, 1, 1, 1
59, 2, 1100, 410, 44, 122, 1, 1, 1
60, 2, 1100, 410, 44, 123, 1, 1, 1
61, 2, 1100, 410, 45, 124, 1, 1, 1
62, 2, 1102, 411, 44, 124, 1, 1, 1
63, 2, 1104, 411, 42, 127, 1, 1, 1
64, 2, 1105, 411, 41, 129, 1, 1, 1
65, 2, 1108, 412, 37, 128, 1, 1, 1
66, 2, 1108, 412, 38, 128, 1, 1, 1
67, 2, 1106, 413, 40, 129, 1, 1, 1
68, 2, 1106, 412, 42, 131, 1, 1, 1
69, 2, 1105, 415, 42, 130, 1, 1, 1
70, 2, 1109, 418, 40, 128, 1, 1, 1
71, 2, 1112, 424, 40, 124, 1, 1, 1
72, 2, 1111, 425, 42, 124, 1, 1, 1
73, 2, 1113, 426, 40, 122, 1, 1, 1
74, 2, 1114, 429, 39, 119, 1, 1, 1
75, 2, 1115, 430, 38, 118, 1, 1, 1
76, 2, 1114, 432, 40, 116, 1, 1, 1
77, 2, 1115, 433, 38, 114, 1, 1, 1
78, 2, 1113, 434, 40, 114, 1, 1, 1
79, 2, 1112, 434, 42, 113, 1, 1, 1
80, 2, 1112, 435, 42, 111, 1, 1, 1
81, 2, 1112, 436, 42, 111, 1, 1, 1
82, 2, 1111, 436, 43, 110, 1, 1, 1
83, 2, 1111, 436, 44, 111, 1, 1, 1
84, 2, 1111, 437, 43, 107, 1, 1, 1
85, 2, 1110, 437, 43, 109, 1, 1, 1
86, 2, 1110, 438, 44, 108, 1, 1, 1
87, 2, 1109, 439, 45, 105, 1, 1, 1
88, 2, 1110, 440, 45, 111, 1, 1, 1
89, 2, 1111, 442, 45, 112, 1, 1, 1
90, 2, 1111, 443, 45, 112, 1, 1, 1
91, 2, 1112, 444, 44, 111, 1, 1, 1
92, 2, 1112, 445, 43, 112, 1, 1, 1
93, 2, 1111, 446, 45, 112, 1, 1, 1
94, 2, 1111, 449, 44, 110, 1, 1, 1
95, 2, 1112, 450, 43, 111, 1, 1, 1
96, 2, 1111, 451, 43, 111, 1, 1, 1
97, 2, 1110, 453, 43, 108, 1, 1, 1
98, 2, 1109, 454, 44, 108, 1, 1, 1
99, 2, 1109, 455, 43, 106, 1, 1, 1
100, 2, 1108, 457, 44, 106, 1, 1, 1
101, 2, 1108, 458, 44, 105, 1, 1, 1
102, 2, 1106, 458, 46, 105, 1, 1, 1
103, 2, 1104, 460, 46, 103, 1, 1, 1
104, 2, 1102, 460, 48, 103, 1, 1, 1
105, 2, 1101, 461, 50, 101, 1, 1, 1
106, 2, 1099, 462, 51, 102, 1, 1, 1
107, 2, 1096, 464, 55, 101, 1, 1, 1
108, 2, 1094, 466, 56, 102, 1, 1, 1
109, 2, 1091, 467, 60, 106, 1, 1, 1
110, 2, 1090, 469, 60, 109, 1, 1, 1
111, 2, 1086, 472, 64, 105, 1, 1, 1
112, 2, 1084, 474, 65, 106, 1, 1, 1
113, 2, 1083, 477, 65, 103, 1, 1, 1
114, 2, 1083, 480, 66, 103, 1, 1, 1
115, 2, 1083, 484, 66, 101, 1, 1, 1
116, 2, 1084, 488, 66, 95, 1, 1, 1
117, 2, 1083, 492, 70, 92, 1, 1, 1
118, 2, 1084, 495, 68, 90, 1, 1, 1
119, 2, 1089, 500, 62, 84, 1, 1, 1
120, 2, 1090, 503, 61, 82, 1, 1, 1
121, 2, 1097, 506, 51, 80, 1, 1, 1
122, 2, 1101, 509, 47, 76, 1, 1, 1
123, 2, 1103, 511, 45, 75, 1, 1, 1
124, 2, 1103, 514, 44, 73, 1, 1, 1
125, 2, 1103, 521, 43, 65, 1, 1, 1
126, 2, 1103, 521, 46, 67, 1, 1, 1
127, 2, 1102, 523, 47, 66, 1, 1, 1
128, 2, 1102, 524, 49, 66, 1, 1, 1
129, 2, 1101, 525, 48, 64, 1, 1, 1
130, 2, 1101, 527, 48, 62, 1, 1, 1
131, 2, 1100, 527, 49, 63, 1, 1, 1
132, 2, 1100, 529, 48, 59, 1, 1, 1
133, 2, 1100, 530, 47, 55, 1, 1, 1
134, 2, 1099, 529, 48, 58, 1, 1, 1
135, 2, 1099, 530, 48, 57, 1, 1, 1
136, 2, 1098, 531, 48, 56, 1, 1, 1
137, 2, 1098, 532, 46, 53, 1, 1, 1
138, 2, 1096, 531, 48, 54, 1, 1, 1
139, 2, 1092, 532, 52, 54, 1, 1, 1
140, 2, 1089, 532, 55, 55, 1, 1, 1
141, 2, 1083, 532, 62, 58, 1, 1, 1
142, 2, 1082, 532, 63, 56, 1, 1, 1
143, 2, 1080, 531, 64, 60, 1, 1, 1
144, 2, 1077, 532, 67, 58, 1, 1, 1
145, 2, 1073, 531, 70, 59, 1, 1, 1
146, 2, 1071, 530, 72, 58, 1, 1, 1
147, 2, 1067, 531, 76, 57, 1, 1, 1
148, 2, 1062, 530, 82, 56, 1, 1, 1
149, 2, 1062, 529, 82, 56, 1, 1, 1
150, 2, 1061, 529, 83, 56, 1, 1, 1
151, 2, 1059, 528, 85, 56, 1, 1, 1
152, 2, 1063, 526, 81, 59, 1, 1, 1
153, 2, 1065, 525, 79, 60, 1, 1, 1
154, 2, 1065, 525, 78, 60, 1, 1, 1
155, 2, 1067, 525, 76, 60, 1, 1, 1
156, 2, 1067, 524, 76, 62, 1, 1, 1
157, 2, 1074, 525, 68, 59, 1, 1, 1
158, 2, 1077, 524, 66, 61, 1, 1, 1
159, 2, 1080, 524, 62, 61, 1, 1, 1
160, 2, 1080, 523, 62, 62, 1, 1, 1
161, 2, 1079, 524, 64, 62, 1, 1, 1
162, 2, 1075, 524, 68, 62, 1, 1, 1
163, 2, 1074, 524, 68, 63, 1, 1, 1
164, 2, 1073, 524, 69, 63, 1, 1, 1
165, 2, 1075, 524, 67, 64, 1, 1, 1
166, 2, 1075, 525, 68, 63, 1, 1, 1
167, 2, 1075, 525, 69, 62, 1, 1, 1
168, 2, 1075, 526, 69, 61, 1, 1, 1
169, 2, 1074, 527, 71, 59, 1, 1, 1
170, 2, 1072, 527, 73, 60, 1, 1, 1
171, 2, 1072, 528, 73, 59, 1, 1, 1
172, 2, 1069, 530, 78, 57, 1, 1, 1
173, 2, 1066, 531, 82, 56, 1, 1, 1
174, 2, 1064, 532, 85, 54, 1, 1, 1
175, 2, 1062, 533, 87, 53, 1, 1, 1
176, 2, 1060, 533, 88, 53, 1, 1, 1
177, 2, 1058, 533, 88, 53, 1, 1, 1
178, 2, 1055, 534, 93, 51, 1, 1, 1
179, 2, 1056, 534, 94, 50, 1, 1, 1
180, 2, 1053, 535, 104, 49, 1, 1, 1
181, 2, 1057, 535, 96, 49, 1, 1, 1
182, 2, 1055, 535, 98, 50, 1, 1, 1
183, 2, 1057, 536, 102, 50, 1, 1, 1
184, 2, 1058, 537, 102, 52, 1, 1, 1
185, 2, 1061, 538, 98, 50, 1, 1, 1
186, 2, 1062, 538, 99, 56, 1, 1, 1
187, 2, 1069, 540, 93, 53, 1, 1, 1
188, 2, 1068, 540, 97, 56, 1, 1, 1
189, 2, 1070, 540, 95, 58, 1, 1, 1
190, 2, 1078, 540, 87, 53, 1, 1, 1
191, 2, 1082, 540, 84, 48, 1, 1, 1
192, 2, 1084, 541, 82, 48, 1, 1, 1
193, 2, 1086, 542, 80, 46, 1, 1, 1
194, 2, 1086, 542, 81, 47, 1, 1, 1
195, 2, 1090, 542, 76, 47, 1, 1, 1
196, 2, 1089, 543, 78, 47, 1, 1, 1
197, 2, 1092, 542, 73, 46, 1, 1, 1
198, 2, 1094, 542, 71, 47, 1, 1, 1
199, 2, 1094, 542, 72, 47, 1, 1, 1
200, 2, 1096, 541, 70, 48, 1, 1, 1
201, 2, 1095, 541, 68, 66, 1, 1, 1
202, 2, 1095, 540, 69, 68, 1, 1, 1
203, 2, 1097, 539, 66, 69, 1, 1, 1
204, 2, 1097, 538, 66, 69, 1, 1, 1
205, 2, 1099, 537, 62, 69, 1, 1, 1
206, 2, 1097, 536, 65, 69, 1, 1, 1
207, 2, 1097, 535, 61, 66, 1, 1, 1
208, 2, 1098, 534, 53, 66, 1, 1, 1
209, 2, 1098, 533, 60, 66, 1, 1, 1
210, 2, 1098, 532, 56, 64, 1, 1, 1
211, 2, 1099, 531, 49, 66, 1, 1, 1
212, 2, 1098, 530, 50, 64, 1, 1, 1
213, 2, 1099, 529, 49, 66, 1, 1, 1
214, 2, 1099, 528, 48, 65, 1, 1, 1
215, 2, 1099, 527, 48, 67, 1, 1, 1
216, 2, 1098, 526, 49, 66, 1, 1, 1
217, 2, 1098, 525, 48, 65, 1, 1, 1
218, 2, 1097, 525, 50, 65, 1, 1, 1
219, 2, 1096, 525, 50, 65, 1, 1, 1
220, 2, 1096, 525, 50, 65, 1, 1, 1
221, 2, 1096, 526, 51, 64, 1, 1, 1
222, 2, 1096, 526, 50, 65, 1, 1, 1
223, 2, 1096, 527, 51, 65, 1, 1, 1
224, 2, 1097, 527, 50, 65, 1, 1, 1
225, 2, 1099, 527, 48, 66, 1, 1, 1
226, 2, 1099, 527, 47, 65, 1, 1, 1
227, 2, 1100, 527, 46, 64, 1, 1, 1
228, 2, 1100, 528, 46, 62, 1, 1, 1
229, 2, 1100, 528, 46, 63, 1, 1, 1
230, 2, 1100, 527, 46, 63, 1, 1, 1
231, 2, 1100, 528, 46, 63, 1, 1, 1
232, 2, 1100, 528, 46, 63, 1, 1, 1
233, 2, 1100, 527, 46, 67, 1, 1, 1
234, 2, 1099, 528, 47, 68, 1, 1, 1
235, 2, 1099, 528, 47, 73, 1, 1, 1
236, 2, 1099, 528, 48, 72, 1, 1, 1
237, 2, 1099, 529, 47, 71, 1, 1, 1
238, 2, 1098, 529, 48, 72, 1, 1, 1
239, 2, 1095, 529, 51, 72, 1, 1, 1
240, 2, 1092, 529, 54, 73, 1, 1, 1
241, 2, 1091, 529, 54, 72, 1, 1, 1
242, 2, 1087, 529, 59, 71, 1, 1, 1
243, 2, 1085, 528, 61, 68, 1, 1, 1
244, 2, 1084, 528, 61, 66, 1, 1, 1
245, 2, 1079, 527, 66, 70, 1, 1, 1
246, 2, 1076, 526, 70, 66, 1, 1, 1
247, 2, 1079, 525, 67, 62, 1, 1, 1
248, 2, 1072, 525, 74, 64, 1, 1, 1
249, 2, 1068, 524, 74, 63, 1, 1, 1
250, 2, 1067, 522, 79, 64, 1, 1, 1
251, 2, 1064, 521, 79, 65, 1, 1, 1
252, 2, 1063, 520, 82, 66, 1, 1, 1
253, 2, 1063, 519, 81, 67, 1, 1, 1
254, 2, 1063, 518, 80, 67, 1, 1, 1
255, 2, 1066, 518, 77, 69, 1, 1, 1
256, 2, 1066, 518, 77, 69, 1, 1, 1
257, 2, 1069, 517, 72, 69, 1, 1, 1
258, 2, 1070, 517, 70, 69, 1, 1, 1
259, 2, 1073, 517, 69, 70, 1, 1, 1
260, 2, 1075, 517, 66, 69, 1, 1, 1
261, 2, 1079, 517, 61, 70, 1, 1, 1
262, 2, 1082, 517, 58, 70, 1, 1, 1
263, 2, 1083, 517, 57, 70, 1, 1, 1
264, 2, 1083, 517, 57, 69, 1, 1, 1
265, 2, 1082, 517, 59, 70, 1, 1, 1
266, 2, 1082, 517, 59, 69, 1, 1, 1
267, 2, 1081, 517, 60, 69, 1, 1, 1
268, 2, 1086, 518, 55, 68, 1, 1, 1
269, 2, 1086, 518, 55, 68, 1, 1, 1
270, 2, 1085, 518, 56, 68, 1, 1, 1
271, 2, 1080, 519, 61, 67, 1, 1, 1
272, 2, 1080, 519, 61, 67, 1, 1, 1
273, 2, 1079, 519, 63, 67, 1, 1, 1
274, 2, 1080, 519, 63, 67, 1, 1, 1
275, 2, 1082, 520, 62, 67, 1, 1, 1
276, 2, 1082, 520, 62, 67, 1, 1, 1
277, 2, 1079, 522, 64, 65, 1, 1, 1
278, 2, 1081, 523, 63, 64, 1, 1, 1
279, 2, 1081, 524, 64, 63, 1, 1, 1
280, 2, 1079, 524, 66, 64, 1, 1, 1
281, 2, 1080, 525, 66, 61, 1, 1, 1
282, 2, 1081, 526, 65, 61, 1, 1, 1
283, 2, 1080, 527, 65, 60, 1, 1, 1
284, 2, 1082, 528, 64, 59, 1, 1, 1
285, 2, 1083, 529, 62, 59, 1, 1, 1
286, 2, 1084, 530, 63, 58, 1, 1, 1
287, 2, 1088, 530, 59, 59, 1, 1, 1
288, 2, 1090, 530, 58, 60, 1, 1, 1
289, 2, 1092, 531, 56, 62, 1, 1, 1
290, 2, 1092, 531, 56, 63, 1, 1, 1
291, 2, 1095, 530, 53, 63, 1, 1, 1
292, 2, 1097, 530, 51, 63, 1, 1, 1
293, 2, 1097, 530, 51, 65, 1, 1, 1
294, 2, 1098, 530, 49, 66, 1, 1, 1
295, 2, 1099, 530, 49, 63, 1, 1, 1
296, 2, 1099, 529, 49, 65, 1, 1, 1
297, 2, 1099, 528, 49, 67, 1, 1, 1
298, 2, 1099, 528, 49, 66, 1, 1, 1
299, 2, 1099, 527, 49, 67, 1, 1, 1
300, 2, 1099, 527, 49, 65, 1, 1, 1
301, 2, 1099, 526, 49, 64, 1, 1, 1
302, 2, 1099, 526, 49, 63, 1, 1, 1
303, 2, 1097, 526, 50, 63, 1, 1, 1
304, 2, 1096, 526, 51, 63, 1, 1, 1
305, 2, 1096, 526, 50, 63, 1, 1, 1
306, 2, 1096, 527, 50, 62, 1, 1, 1
307, 2, 1096, 526, 51, 64, 1, 1, 1
308, 2, 1097, 526, 50, 65, 1, 1, 1
309, 2, 1097, 526, 50, 65, 1, 1, 1
310, 2, 1097, 526, 50, 64, 1, 1, 1
311, 2, 1097, 525, 50, 64, 1, 1, 1
312, 2, 1097, 526, 50, 64, 1, 1, 1
313, 2, 1096, 526, 50, 65, 1, 1, 1
314, 2, 1096, 525, 50, 66, 1, 1, 1
315, 2, 1095, 524, 51, 68, 1, 1, 1
316, 2, 1095, 523, 50, 68, 1, 1, 1
317, 2, 1095, 523, 50, 66, 1, 1, 1
318, 2, 1095, 522, 50, 67, 1, 1, 1
319, 2, 1095, 522, 49, 66, 1, 1, 1
320, 2, 1094, 522, 50, 65, 1, 1, 1
321, 2, 1094, 521, 49, 66, 1, 1, 1
322, 2, 1093, 521, 49, 66, 1, 1, 1
323, 2, 1092, 522, 49, 66, 1, 1, 1
324, 2, 1092, 522, 49, 65, 1, 1, 1
325, 2, 1090, 522, 52, 65, 1, 1, 1
326, 2, 1090, 522, 51, 64, 1, 1, 1
327, 2, 1090, 522, 51, 64, 1, 1, 1
328, 2, 1090, 523, 51, 63, 1, 1, 1
329, 2, 1091, 523, 50, 63, 1, 1, 1
330, 2, 1090, 524, 51, 62, 1, 1, 1
331, 2, 1090, 524, 51, 61, 1, 1, 1
332, 2, 1091, 525, 50, 60, 1, 1, 1
333, 2, 1093, 525, 49, 61, 1, 1, 1
334, 2, 1094, 526, 48, 59, 1, 1, 1
335, 2, 1094, 527, 48, 59, 1, 1, 1
336, 2, 1095, 527, 48, 58, 1, 1, 1
337, 2, 1096, 527, 47, 58, 1, 1, 1
338, 2, 1096, 527, 48, 57, 1, 1, 1
339, 2, 1096, 526, 47, 59, 1, 1, 1
340, 2, 1092, 524, 51, 60, 1, 1, 1
341, 2, 1085, 522, 59, 63, 1, 1, 1
342, 2, 1082, 520, 62, 65, 1, 1, 1
343, 2, 1081, 518, 63, 67, 1, 1, 1
344, 2, 1083, 515, 60, 69, 1, 1, 1
345, 2, 1085, 512, 57, 71, 1, 1, 1
346, 2, 1086, 509, 57, 74, 1, 1, 1
347, 2, 1086, 506, 55, 77, 1, 1, 1
348, 2, 1087, 504, 52, 78, 1, 1, 1
349, 2, 1087, 500, 54, 84, 1, 1, 1
350, 2, 1087, 496, 55, 88, 1, 1, 1
351, 2, 1087, 493, 53, 91, 1, 1, 1
352, 2, 1085, 490, 56, 93, 1, 1, 1
353, 2, 1087, 486, 56, 98, 1, 1, 1
354, 2, 1088, 483, 54, 100, 1, 1, 1
355, 2, 1090, 480, 53, 102, 1, 1, 1
356, 2, 1090, 477, 52, 104, 1, 1, 1
357, 2, 1090, 474, 54, 105, 1, 1, 1
358, 2, 1091, 472, 53, 104, 1, 1, 1
359, 2, 1091, 469, 53, 106, 1, 1, 1
360, 2, 1094, 467, 50, 106, 1, 1, 1
361, 2, 1096, 465, 51, 107, 1, 1, 1
362, 2, 1094, 463, 54, 109, 1, 1, 1
363, 2, 1098, 461, 51, 110, 1, 1, 1
364, 2, 1097, 460, 53, 110, 1, 1, 1
365, 2, 1100, 459, 52, 110, 1, 1, 1
366, 2, 1100, 458, 52, 112, 1, 1, 1
367, 2, 1103, 457, 47, 113, 1, 1, 1
368, 2, 1105, 456, 47, 110, 1, 1, 1
369, 2, 1105, 455, 48, 110, 1, 1, 1
370, 2, 1108, 455, 46, 110, 1, 1, 1
371, 2, 1110, 453, 45, 110, 1, 1, 1
372, 2, 1108, 451, 47, 110, 1, 1, 1
373, 2, 1113, 449, 43, 111, 1, 1, 1
374, 2, 1115, 449, 43, 111, 1, 1, 1
375, 2, 1123, 449, 36, 110, 1, 1, 1
376, 2, 1122, 447, 39, 113, 1, 1, 1
377, 2, 1125, 446, 36, 114, 1, 1, 1
378, 2, 1126, 445, 35, 114, 1, 1, 1
379, 2, 1124, 445, 39, 117, 1, 1, 1
380, 2, 1126, 444, 38, 116, 1, 1, 1
381, 2, 1129, 442, 34, 120, 1, 1, 1
382, 2, 1132, 440, 33, 122, 1, 1, 1
383, 2, 1133, 440, 31, 123, 1, 1, 1
384, 2, 1133, 438, 31, 125, 1, 1, 1
385, 2, 1132, 436, 32, 127, 1, 1, 1
386, 2, 1130, 434, 34, 128, 1, 1, 1
387, 2, 1129, 433, 35, 129, 1, 1, 1
388, 2, 1129, 431, 34, 128, 1, 1, 1
389, 2, 1127, 428, 35, 129, 1, 1, 1
390, 2, 1126, 427, 37, 127, 1, 1, 1
391, 2, 1129, 426, 35, 126, 1, 1, 1
392, 2, 1123, 425, 42, 123, 1, 1, 1
393, 2, 1120, 424, 45, 120, 1, 1, 1
394, 2, 1120, 423, 45, 120, 1, 1, 1
395, 2, 1119, 421, 46, 119, 1, 1, 1
396, 2, 1118, 421, 47, 118, 1, 1, 1
397, 2, 1120, 421, 45, 116, 1, 1, 1
398, 2, 1120, 420, 45, 117, 1, 1, 1
399, 2, 1121, 420, 44, 117, 1, 1, 1
400, 2, 1121, 418, 42, 119, 1, 1, 1
401, 2, 1121, 418, 42, 118, 1, 1, 1
402, 2, 1121, 418, 42, 118, 1, 1, 1
403, 2, 1121, 417, 42, 119, 1, 1, 1
404, 2, 1120, 417, 43, 117, 1, 1, 1
405, 2, 1119, 416, 43, 120, 1, 1, 1
406, 2, 1117, 416, 43, 122, 1, 1, 1
407, 2, 1118, 415, 40, 123, 1, 1, 1
408, 2, 1116, 414, 41, 122, 1, 1, 1
409, 2, 1118, 414, 41, 121, 1, 1, 1
410, 2, 1118, 414, 40, 117, 1, 1, 1
411, 2, 1117, 414, 39, 116, 1, 1, 1
412, 2, 1117, 413, 39, 115, 1, 1, 1
413, 2, 1117, 411, 38, 113, 1, 1, 1
414, 2, 1117, 410, 37, 114, 1, 1, 1
415, 2, 1117, 411, 37, 109, 1, 1, 1
416, 2, 1117, 409, 37, 112, 1, 1, 1
417, 2, 1117, 408, 36, 112, 1, 1, 1
418, 2, 1116, 405, 37, 115, 1, 1, 1
419, 2, 1116, 405, 36, 116, 1, 1, 1
420, 2, 1116, 404, 36, 117, 1, 1, 1
421, 2, 1116, 403, 36, 119, 1, 1, 1
422, 2, 1117, 402, 36, 120, 1, 1, 1
423, 2, 1116, 401, 36, 121, 1, 1, 1
424, 2, 1115, 399, 38, 123, 1, 1, 1
425, 2, 1116, 398, 37, 124, 1, 1, 1
426, 2, 1113, 396, 39, 126, 1, 1, 1
427, 2, 1117, 395, 37, 127, 1, 1, 1
428, 2, 1113, 394, 42, 129, 1, 1, 1
429, 2, 1107, 393, 48, 128, 1, 1, 1
430, 2, 1107, 392, 49, 126, 1, 1, 1
431, 2, 1108, 390, 48, 127, 1, 1, 1
432, 2, 1108, 389, 47, 126, 1, 1, 1
433, 2, 1108, 390, 48, 120, 1, 1, 1
434, 2, 1107, 389, 48, 120, 1, 1, 1
435, 2, 1106, 389, 50, 116, 1, 1, 1
436, 2, 1108, 388, 46, 116, 1, 1, 1
437, 2, 1106, 387, 48, 115, 1, 1, 1
438, 2, 1106, 387, 47, 113, 1, 1, 1
439, 2, 1104, 387, 49, 112, 1, 1, 1
440, 2, 1104, 387, 49, 110, 1, 1, 1
441, 2, 1105, 388, 47, 109, 1, 1, 1
442, 2, 1105, 387, 44, 110, 1, 1, 1
443, 2, 1102, 388, 46, 109, 1, 1, 1
444, 2, 1102, 388, 47, 108, 1, 1, 1
445, 2, 1101, 388, 47, 109, 1, 1, 1
446, 2, 1102, 389, 45, 108, 1, 1, 1
447, 2, 1102, 390, 44, 107, 1, 1, 1
448, 2, 1100, 388, 45, 108, 1, 1, 1
449, 2, 1100, 386, 45, 110, 1, 1, 1
450, 2, 1100, 386, 43, 111, 1, 1, 1
451, 2, 1098, 387, 46, 109, 1, 1, 1
452, 2, 1100, 387, 45, 109, 1, 1, 1
453, 2, 1100, 387, 44, 108, 1, 1, 1
454, 2, 1098, 386, 46, 107, 1, 1, 1
455, 2, 1096, 386, 45, 105, 1, 1, 1
456, 2, 1095, 385, 45, 106, 1, 1, 1
457, 2, 1095, 385, 43, 104, 1, 1, 1
458, 2, 1095, 385, 43, 106, 1, 1, 1
459, 2, 1095, 386, 41, 104, 1, 1, 1
460, 2, 1095, 387, 38, 105, 1, 1, 1
461, 2, 1093, 386, 36, 104, 1, 1, 1
462, 2, 1090, 383, 37, 106, 1, 1, 1
463, 2, 1090, 383, 35, 106, 1, 1, 1
464, 2, 1091, 384, 35, 105, 1, 1, 1
465, 2, 1090, 386, 36, 105, 1, 1, 1
466, 2, 1089, 385, 37, 105, 1, 1, 1
467, 2, 1086, 383, 39, 105, 1, 1, 1
468, 2, 1084, 383, 39, 105, 1, 1, 1
469, 2, 1082, 382, 40, 108, 1, 1, 1
470, 2, 1081, 382, 41, 108, 1, 1, 1
471, 2, 1080, 381, 43, 108, 1, 1, 1
472, 2, 1079, 381, 43, 109, 1, 1, 1
473, 2, 1078, 380, 42, 111, 1, 1, 1
474, 2, 1079, 379, 40, 111, 1, 1, 1
475, 2, 1078, 376, 39, 113, 1, 1, 1
476, 2, 1077, 374, 41, 115, 1, 1, 1
477, 2, 1078, 376, 40, 110, 1, 1, 1
478, 2, 1077, 376, 42, 113, 1, 1, 1
479, 2, 1077, 374, 42, 111, 1, 1, 1
480, 2, 1076, 372, 42, 111, 1, 1, 1
481, 2, 1076, 371, 41, 108, 1, 1, 1
482, 2, 1076, 371, 40, 107, 1, 1, 1
483, 2, 1077, 371, 40, 106, 1, 1, 1
484, 2, 1078, 371, 41, 105, 1, 1, 1
485, 2, 1078, 370, 40, 105, 1, 1, 1
486, 2, 1078, 371, 40, 104, 1, 1, 1
487, 2, 1079, 371, 36, 104, 1, 1, 1
488, 2, 1079, 370, 38, 105, 1, 1, 1
489, 2, 1080, 369, 38, 105, 1, 1, 1
490, 2, 1082, 370, 37, 105, 1, 1, 1
491, 2, 1082, 371, 37, 106, 1, 1, 1
492, 2, 1083, 370, 36, 106, 1, 1, 1
493, 2, 1083, 368, 35, 106, 1, 1, 1
494, 2, 1084, 368, 36, 106, 1, 1, 1
495, 2, 1086, 369, 35, 107, 1, 1, 1
496, 2, 1087, 370, 34, 107, 1, 1, 1
497, 2, 1088, 369, 34, 106, 1, 1, 1
498, 2, 1087, 368, 35, 106, 1, 1, 1
499, 2, 1087, 369, 34, 105, 1, 1, 1
500, 2, 1087, 369, 35, 106, 1, 1, 1
501, 2, 1088, 369, 34, 107, 1, 1, 1
502, 2, 1088, 369, 35, 106, 1, 1, 1
503, 2, 1089, 368, 35, 107, 1, 1, 1
504, 2, 1088, 368, 35, 108, 1, 1, 1
505, 2, 1088, 368, 35, 107, 1, 1, 1
506, 2, 1088, 367, 35, 107, 1, 1, 1
507, 2, 1088, 367, 36, 108, 1, 1, 1
508, 2, 1089, 367, 35, 109, 1, 1, 1
509, 2, 1089, 367, 35, 110, 1, 1, 1
510, 2, 1089, 367, 35, 109, 1, 1, 1
511, 2, 1088, 365, 36, 109, 1, 1, 1
512, 2, 1088, 364, 36, 110, 1, 1, 1
513, 2, 1088, 366, 36, 109, 1, 1, 1
514, 2, 1089, 367, 35, 110, 1, 1, 1
515, 2, 1090, 365, 35, 111, 1, 1, 1
516, 2, 1089, 364, 36, 111, 1, 1, 1
517, 2, 1089, 364, 35, 112, 1, 1, 1
518, 2, 1089, 364, 34, 113, 1, 1, 1
519, 2, 1089, 364, 35, 112, 1, 1, 1
520, 2, 1089, 363, 35, 112, 1, 1, 1
521, 2, 1090, 364, 34, 112, 1, 1, 1
522, 2, 1089, 365, 35, 112, 1, 1, 1
523, 2, 1089, 365, 35, 113, 1, 1, 1
524, 2, 1089, 363, 35, 112, 1, 1, 1
525, 2, 1089, 363, 35, 112, 1, 1, 1
526, 2, 1090, 364, 35, 112, 1, 1, 1
527, 2, 1089, 365, 36, 113, 1, 1, 1
528, 2, 1091, 364, 34, 114, 1, 1, 1
529, 2, 1090, 363, 35, 111, 1, 1, 1
530, 2, 1090, 362, 34, 112, 1, 1, 1
531, 2, 1090, 364, 34, 113, 1, 1, 1
532, 2, 1090, 364, 34, 114, 1, 1, 1
533, 2, 1091, 364, 34, 113, 1, 1, 1
534, 2, 1091, 363, 35, 112, 1, 1, 1
535, 2, 1091, 363, 34, 114, 1, 1, 1
536, 2, 1089, 364, 36, 114, 1, 1, 1
537, 2, 1089, 364, 36, 111, 1, 1, 1
538, 2, 1090, 363, 36, 112, 1, 1, 1
539, 2, 1091, 363, 36, 112, 1, 1, 1
540, 2, 1091, 365, 36, 112, 1, 1, 1
541, 2, 1090, 365, 37, 113, 1, 1, 1
542, 2, 1090, 363, 37, 112, 1, 1, 1
543, 2, 1090, 363, 36, 111, 1, 1, 1
544, 2, 1091, 364, 36, 113, 1, 1, 1
545, 2, 1093, 366, 35, 111, 1, 1, 1
546, 2, 1092, 365, 36, 112, 1, 1, 1
547, 2, 1092, 363, 37, 113, 1, 1, 1
548, 2, 1091, 364, 37, 112, 1, 1, 1
549, 2, 1091, 365, 36, 113, 1, 1, 1
550, 2, 1091, 365, 37, 113, 1, 1, 1
551, 2, 1091, 365, 38, 112, 1, 1, 1
552, 2, 1092, 365, 38, 112, 1, 1, 1
553, 2, 1092, 366, 37, 111, 1, 1, 1
554, 2, 1091, 366, 38, 112, 1, 1, 1
555, 2, 1091, 366, 38, 110, 1, 1, 1
556, 2, 1091, 365, 38, 110, 1, 1, 1
557, 2, 1091, 366, 39, 111, 1, 1, 1
558, 2, 1092, 368, 37, 109, 1, 1, 1
559, 2, 1091, 367, 39, 111, 1, 1, 1
560, 2, 1091, 366, 39, 110, 1, 1, 1
561, 2, 1091, 365, 38, 111, 1, 1, 1
562, 2, 1091, 367, 39, 110, 1, 1, 1
563, 2, 1091, 368, 38, 111, 1, 1, 1
564, 2, 1091, 368, 39, 109, 1, 1, 1
565, 2, 1093, 366, 37, 109, 1, 1, 1
566, 2, 1091, 367, 39, 109, 1, 1, 1
567, 2, 1091, 369, 38, 106, 1, 1, 1
568, 2, 1090, 369, 39, 106, 1, 1, 1
569, 2, 1091, 367, 39, 107, 1, 1, 1
570, 2, 1091, 367, 39, 108, 1, 1, 1
571, 2, 1091, 368, 39, 108, 1, 1, 1
572, 2, 1090, 369, 39, 107, 1, 1, 1
573, 2, 1090, 368, 39, 107, 1, 1, 1
574, 2, 1090, 367, 40, 107, 1, 1, 1
575, 2, 1090, 368, 39, 107, 1, 1, 1
576, 2, 1090, 369, 39, 107, 1, 1, 1
577, 2, 1089, 369, 39, 107, 1, 1, 1
578, 2, 1087, 367, 41, 107, 1, 1, 1
579, 2, 1086, 368, 40, 106, 1, 1, 1
580, 2, 1084, 369, 43, 106, 1, 1, 1
581, 2, 1083, 369, 44, 106, 1, 1, 1
582, 2, 1082, 369, 45, 106, 1, 1, 1
583, 2, 1084, 369, 42, 105, 1, 1, 1
584, 2, 1082, 370, 45, 104, 1, 1, 1
585, 2, 1079, 371, 48, 103, 1, 1, 1
586, 2, 1079, 371, 47, 102, 1, 1, 1
587, 2, 1078, 370, 49, 103, 1, 1, 1
588, 2, 1078, 370, 51, 102, 1, 1, 1
589, 2, 1078, 371, 49, 102, 1, 1, 1
590, 2, 1079, 371, 49, 104, 1, 1, 1
591, 2, 1078, 370, 49, 103, 1, 1, 1
592, 2, 1078, 369, 50, 103, 1, 1, 1
593, 2, 1077, 370, 50, 102, 1, 1, 1
594, 2, 1078, 371, 46, 102, 1, 1, 1
595, 2, 1078, 371, 45, 101, 1, 1, 1
596, 2, 1076, 369, 46, 103, 1, 1, 1
597, 2, 1075, 369, 45, 101, 1, 1, 1
598, 2, 1075, 371, 44, 100, 1, 1, 1
599, 2, 1072, 371, 43, 100, 1, 1, 1
600, 2, 1072, 371, 44, 101, 1, 1, 1
601, 2, 1069, 370, 46, 101, 1, 1, 1
602, 2, 1068, 369, 44, 101, 1, 1, 1
603, 2, 1067, 370, 46, 101, 1, 1, 1
604, 2, 1067, 370, 46, 101, 1, 1, 1
605, 2, 1067, 370, 45, 100, 1, 1, 1
606, 2, 1065, 373, 47, 97, 1, 1, 1
607, 2, 1064, 375, 45, 96, 1, 1, 1
608, 2, 1062, 376, 45, 96, 1, 1, 1
609, 2, 1062, 375, 45, 96, 1, 1, 1
610, 2, 1061, 373, 45, 96, 1, 1, 1
611, 2, 1062, 375, 44, 95, 1, 1, 1
612, 2, 1061, 376, 43, 97, 1, 1, 1
613, 2, 1062, 376, 43, 96, 1, 1, 1
614, 2, 1062, 375, 43, 97, 1, 1, 1
615, 2, 1060, 375, 44, 95, 1, 1, 1
616, 2, 1061, 375, 42, 97, 1, 1, 1
617, 2, 1059, 376, 44, 97, 1, 1, 1
618, 2, 1060, 374, 43, 99, 1, 1, 1
619, 2, 1061, 374, 42, 99, 1, 1, 1
620, 2, 1061, 373, 43, 100, 1, 1, 1
621, 2, 1060, 375, 44, 99, 1, 1, 1
622, 2, 1060, 374, 45, 101, 1, 1, 1
623, 2, 1062, 373, 44, 101, 1, 1, 1
624, 2, 1061, 373, 45, 101, 1, 1, 1
625, 2, 1061, 374, 45, 99, 1, 1, 1
626, 2, 1060, 374, 46, 98, 1, 1, 1
627, 2, 1061, 374, 44, 97, 1, 1, 1
628, 2, 1062, 374, 44, 99, 1, 1, 1
629, 2, 1064, 376, 39, 96, 1, 1, 1
630, 2, 1062, 377, 41, 95, 1, 1, 1
631, 2, 1062, 376, 43, 97, 1, 1, 1
632, 2, 1061, 377, 44, 95, 1, 1, 1
633, 2, 1059, 377, 46, 94, 1, 1, 1
634, 2, 1060, 377, 46, 95, 1, 1, 1
635, 2, 1059, 377, 48, 93, 1, 1, 1
636, 2, 1061, 377, 48, 94, 1, 1, 1
637, 2, 1059, 377, 52, 94, 1, 1, 1
638, 2, 1061, 377, 51, 92, 1, 1, 1
639, 2, 1061, 377, 53, 93, 1, 1, 1
640, 2, 1063, 377, 53, 93, 1, 1, 1
641, 2, 1063, 378, 53, 91, 1, 1, 1
642, 2, 1066, 378, 51, 92, 1, 1, 1
643, 2, 1067, 378, 49, 92, 1, 1, 1
644, 2, 1070, 377, 47, 94, 1, 1, 1
645, 2, 1073, 377, 45, 91, 1, 1, 1
646, 2, 1074, 376, 44, 93, 1, 1, 1
647, 2, 1077, 377, 42, 93, 1, 1, 1
648, 2, 1077, 377, 43, 93, 1, 1, 1
649, 2, 1077, 376, 43, 94, 1, 1, 1
650, 2, 1078, 375, 43, 95, 1, 1, 1
651, 2, 1078, 375, 44, 94, 1, 1, 1
652, 2, 1080, 375, 42, 96, 1, 1, 1
653, 2, 1080, 375, 43, 94, 1, 1, 1
654, 2, 1081, 374, 43, 95, 1, 1, 1
655, 2, 1080, 374, 44, 95, 1, 1, 1
656, 2, 1080, 374, 45, 96, 1, 1, 1
657, 2, 1082, 374, 43, 96, 1, 1, 1
658, 2, 1082, 374, 44, 95, 1, 1, 1
659, 2, 1079, 373, 46, 96, 1, 1, 1
660, 2, 1079, 374, 46, 92, 1, 1, 1
661, 2, 1078, 376, 46, 94, 1, 1, 1
662, 2, 1078, 376, 45, 93, 1, 1, 1
663, 2, 1076, 375, 45, 94, 1, 1, 1
664, 2, 1075, 376, 44, 92, 1, 1, 1
665, 2, 1075, 377, 42, 92, 1, 1, 1
666, 2, 1073, 379, 43, 91, 1, 1, 1
667, 2, 1073, 379, 43, 91, 1, 1, 1
668, 2, 1069, 379, 47, 91, 1, 1, 1
669, 2, 1068, 380, 48, 90, 1, 1, 1
670, 2, 1066, 381, 49, 89, 1, 1, 1
671, 2, 1065, 381, 50, 88, 1, 1, 1
672, 2, 1063, 381, 52, 88, 1, 1, 1
673, 2, 1063, 382, 52, 88, 1, 1, 1
674, 2, 1063, 383, 50, 87, 1, 1, 1
675, 2, 1061, 384, 51, 86, 1, 1, 1
676, 2, 1060, 384, 49, 86, 1, 1, 1
677, 2, 1061, 384, 47, 86, 1, 1, 1
678, 2, 1061, 385, 46, 85, 1, 1, 1
679, 2, 1060, 385, 47, 84, 1, 1, 1
680, 2, 1059, 385, 46, 86, 1, 1, 1
681, 2, 1059, 385, 44, 84, 1, 1, 1
682, 2, 1058, 386, 44, 84, 1, 1, 1
683, 2, 1058, 388, 43, 83, 1, 1, 1
684, 2, 1058, 389, 43, 86, 1, 1, 1
685, 2, 1058, 389, 43, 84, 1, 1, 1
686, 2, 1058, 390, 42, 84, 1, 1, 1
687, 2, 1057, 391, 44, 83, 1, 1, 1
688, 2, 1056, 391, 44, 84, 1, 1, 1
689, 2, 1056, 392, 45, 82, 1, 1, 1
690, 2, 1055, 392, 46, 82, 1, 1, 1
691, 2, 1055, 394, 46, 79, 1, 1, 1
692, 2, 1056, 395, 45, 78, 1, 1, 1
693, 2, 1055, 397, 46, 76, 1, 1, 1
694, 2, 1055, 397, 45, 77, 1, 1, 1
695, 2, 1056, 398, 43, 75, 1, 1, 1
696, 2, 1056, 401, 44, 71, 1, 1, 1
697, 2, 1056, 403, 43, 70, 1, 1, 1
698, 2, 1057, 403, 44, 71, 1, 1, 1
699, 2, 1058, 404, 45, 73, 1, 1, 1
700, 2, 1059, 406, 44, 71, 1, 1, 1
701, 2, 1060, 408, 54, 68, 1, 1, 1
702, 2, 1060, 407, 54, 69, 1, 1, 1
703, 2, 1059, 408, 55, 69, 1, 1, 1
704, 2, 1060, 410, 53, 68, 1, 1, 1
705, 2, 1062, 409, 54, 70, 1, 1, 1
706, 2, 1062, 410, 54, 74, 1, 1, 1
707, 2, 1062, 409, 54, 77, 1, 1, 1
708, 2, 1062, 412, 47, 75, 1, 1, 1
709, 2, 1061, 411, 54, 79, 1, 1, 1
710, 2, 1062, 415, 52, 75, 1, 1, 1
711, 2, 1061, 412, 54, 78, 1, 1, 1
712, 2, 1062, 422, 44, 66, 1, 1, 1
713, 2, 1061, 422, 46, 66, 1, 1, 1
714, 2, 1060, 410, 55, 81, 1, 1, 1
715, 2, 1062, 412, 52, 75, 1, 1, 1
716, 2, 1062, 431, 45, 58, 1, 1, 1
717, 2, 1059, 430, 49, 54, 1, 1, 1
718, 2, 1058, 432, 50, 54, 1, 1, 1
719, 2, 1057, 434, 50, 49, 1, 1, 1
720, 2, 1057, 435, 50, 48, 1, 1, 1
721, 2, 1057, 434, 50, 49, 1, 1, 1
722, 2, 1058, 434, 49, 50, 1, 1, 1
723, 2, 1059, 435, 48, 50, 1, 1, 1
724, 2, 1061, 434, 46, 50, 1, 1, 1
725, 2, 1061, 433, 46, 52, 1, 1, 1
726, 2, 1063, 433, 44, 50, 1, 1, 1
727, 2, 1063, 433, 44, 52, 1, 1, 1
728, 2, 1063, 434, 44, 54, 1, 1, 1
729, 2, 1063, 434, 45, 54, 1, 1, 1
730, 2, 1063, 432, 45, 55, 1, 1, 1
731, 2, 1063, 432, 45, 55, 1, 1, 1
732, 2, 1062, 432, 46, 55, 1, 1, 1
733, 2, 1063, 433, 45, 54, 1, 1, 1
734, 2, 1064, 434, 45, 53, 1, 1, 1
735, 2, 1064, 433, 46, 55, 1, 1, 1
736, 2, 1064, 433, 46, 56, 1, 1, 1
737, 2, 1063, 433, 46, 55, 1, 1, 1
738, 2, 1063, 433, 46, 54, 1, 1, 1
739, 2, 1063, 433, 46, 54, 1, 1, 1
740, 2, 1063, 432, 47, 54, 1, 1, 1
741, 2, 1064, 433, 46, 53, 1, 1, 1
742, 2, 1064, 434, 46, 53, 1, 1, 1
743, 2, 1063, 433, 47, 55, 1, 1, 1
744, 2, 1064, 432, 45, 56, 1, 1, 1
745, 2, 1064, 432, 46, 54, 1, 1, 1
746, 2, 1065, 433, 46, 56, 1, 1, 1
747, 2, 1064, 434, 48, 54, 1, 1, 1
748, 2, 1065, 434, 46, 53, 1, 1, 1
749, 2, 1064, 434, 48, 56, 1, 1, 1
750, 2, 1064, 434, 47, 55, 1, 1, 1
751, 2, 1064, 434, 47, 56, 1, 1, 1
752, 2, 1065, 434, 46, 55, 1, 1, 1
753, 2, 1065, 434, 47, 57, 1, 1, 1
754, 2, 1065, 434, 46, 57, 1, 1, 1
755, 2, 1064, 434, 48, 54, 1, 1, 1
756, 2, 1064, 434, 48, 55, 1, 1, 1
757, 2, 1065, 434, 47, 56, 1, 1, 1
758, 2, 1065, 434, 47, 55, 1, 1, 1
759, 2, 1066, 434, 45, 55, 1, 1, 1
760, 2, 1066, 434, 45, 55, 1, 1, 1
761, 2, 1065, 434, 45, 57, 1, 1, 1
762, 2, 1065, 433, 45, 58, 1, 1, 1
763, 2, 1065, 433, 45, 58, 1, 1, 1
764, 2, 1066, 434, 44, 57, 1, 1, 1
765, 2, 1066, 434, 44, 58, 1, 1, 1
766, 2, 1066, 433, 44, 59, 1, 1, 1
767, 2, 1067, 432, 42, 59, 1, 1, 1
768, 2, 1067, 432, 41, 58, 1, 1, 1
769, 2, 1067, 433, 42, 58, 1, 1, 1
770, 2, 1067, 433, 43, 58, 1, 1, 1
771, 2, 1067, 433, 43, 58, 1, 1, 1
772, 2, 1067, 433, 43, 60, 1, 1, 1
773, 2, 1066, 433, 43, 58, 1, 1, 1
774, 2, 1066, 433, 42, 57, 1, 1, 1
775, 2, 1066, 433, 42, 58, 1, 1, 1
776, 2, 1067, 433, 42, 58, 1, 1, 1
777, 2, 1067, 434, 42, 57, 1, 1, 1
778, 2, 1067, 434, 42, 55, 1, 1, 1
779, 2, 1067, 433, 41, 55, 1, 1, 1
780, 2, 1066, 432, 42, 55, 1, 1, 1
781, 2, 1066, 432, 42, 55, 1, 1, 1
782, 2, 1067, 433, 41, 56, 1, 1, 1
783, 2, 1067, 434, 42, 54, 1, 1, 1
784, 2, 1067, 434, 42, 56, 1, 1, 1
785, 2, 1067, 433, 42, 57, 1, 1, 1
786, 2, 1066, 433, 42, 58, 1, 1, 1
787, 2, 1066, 434, 42, 51, 1, 1, 1
788, 2, 1067, 434, 41, 52, 1, 1, 1
789, 2, 1067, 433, 42, 54, 1, 1, 1
790, 2, 1068, 433, 41, 54, 1, 1, 1
791, 2, 1067, 433, 42, 55, 1, 1, 1
792, 2, 1067, 433, 42, 54, 1, 1, 1
793, 2, 1067, 433, 41, 54, 1, 1, 1
794, 2, 1067, 432, 41, 56, 1, 1, 1
795, 2, 1067, 433, 42, 55, 1, 1, 1
796, 2, 1067, 435, 42, 53, 1, 1, 1
797, 2, 1067, 434, 42, 53, 1, 1, 1
798, 2, 1067, 433, 41, 56, 1, 1, 1
799, 2, 1067, 433, 41, 54, 1, 1, 1
800, 2, 1068, 433, 40, 54, 1, 1, 1