1, 1, 131, 301, 179, 257, 1, 5, 1
2, 1, 131, 301, 179, 257, 1, 5, 1
3, 1, 131, 301, 179, 257, 1, 5, 1
4, 1, 131, 301, 179, 257, 1, 5, 1
5, 1, 131, 301, 179, 257, 1, 5, 1
6, 1, 131, 301, 179, 257, 1, 5, 1
7, 1, 131, 301, 179, 257, 1, 5, 1
8, 1, 131, 301, 179, 257, 1, 5, 1
9, 1, 131, 301, 179, 257, 1, 5, 1
10, 1, 131, 301, 179, 257, 1, 5, 1
11, 1, 131, 301, 179, 257, 1, 5, 1
12, 1, 131, 301, 179, 257, 1, 5, 1
13, 1, 131, 301, 179, 257, 1, 5, 1
14, 1, 131, 301, 179, 257, 1, 5, 1
15, 1, 131, 301, 179, 257, 1, 5, 1
16, 1, 131, 301, 179, 257, 1, 5, 1
17, 1, 131, 301, 179, 257, 1, 5, 1
18, 1, 131, 301, 179, 257, 1, 5, 1
19, 1, 131, 301, 179, 257, 1, 5, 1
20, 1, 131, 301, 179, 257, 1, 5, 1
21, 1, 131, 301, 179, 257, 1, 5, 1
22, 1, 131, 301, 179, 257, 1, 5, 1
23, 1, 131, 301, 179, 257, 1, 5, 1
24, 1, 131, 301, 179, 257, 1, 5, 1
25, 1, 131, 301, 179, 257, 1, 5, 1
26, 1, 131, 301, 179, 257, 1, 5, 1
27, 1, 131, 301, 179, 257, 1, 5, 1
28, 1, 131, 301, 179, 257, 1, 5, 1
29, 1, 131, 301, 179, 257, 1, 5, 1
30, 1, 131, 301, 179, 257, 1, 5, 1
31, 1, 131, 301, 179, 257, 1, 5, 1
32, 1, 131, 301, 179, 257, 1, 5, 1
33, 1, 131, 301, 179, 257, 1, 5, 1
34, 1, 131, 301, 179, 257, 1, 5, 1
35, 1, 131, 301, 179, 257, 1, 5, 1
36, 1, 131, 301, 179, 257, 1, 5, 1
37, 1, 131, 301, 179, 257, 1, 5, 1
38, 1, 131, 301, 179, 257, 1, 5, 1
39, 1, 131, 301, 179, 257, 1, 5, 1
40, 1, 131, 301, 179, 257, 1, 5, 1
41, 1, 131, 301, 179, 257, 1, 5, 1
42, 1, 131, 301, 179, 257, 1, 5, 1
43, 1, 131, 301, 179, 257, 1, 5, 1
44, 1, 131, 301, 179, 257, 1, 5, 1
45, 1, 131, 301, 179, 257, 1, 5, 1
46, 1, 131, 301, 179, 257, 1, 5, 1
47, 1, 131, 301, 179, 257, 1, 5, 1
48, 1, 131, 301, 179, 257, 1, 5, 1
49, 1, 131, 301, 179, 257, 1, 5, 1
50, 1, 131, 301, 179, 257, 1, 5, 1
51, 1, 131, 301, 179, 257, 1, 5, 1
52, 1, 131, 301, 179, 257, 1, 5, 1
53, 1, 131, 301, 179, 257, 1, 5, 1
54, 1, 131, 301, 179, 257, 1, 5, 1
55, 1, 131, 301, 179, 257, 1, 5, 1
56, 1, 131, 301, 179, 257, 1, 5, 1
57, 1, 131, 301, 179, 257, 1, 5, 1
58, 1, 131, 301, 179, 257, 1, 5, 1
59, 1, 131, 301, 179, 257, 1, 5, 1
60, 1, 131, 301, 179, 257, 1, 5, 1
61, 1, 131, 301, 179, 257, 1, 5, 1
62, 1, 131, 301, 179, 257, 1, 5, 1
63, 1, 131, 301, 179, 257, 1, 5, 1
64, 1, 131, 301, 179, 257, 1, 5, 1
65, 1, 131, 301, 179, 257, 1, 5, 1
66, 1, 131, 301, 179, 257, 1, 5, 1
67, 1, 131, 301, 179, 257, 1, 5, 1
68, 1, 131, 301, 179, 257, 1, 5, 1
69, 1, 131, 301, 179, 257, 1, 5, 1
70, 1, 131, 301, 179, 257, 1, 5, 1
71, 1, 131, 301, 179, 257, 1, 5, 1
72, 1, 131, 301, 179, 257, 1, 5, 1
73, 1, 131, 301, 179, 257, 1, 5, 1
74, 1, 131, 301, 179, 257, 1, 5, 1
75, 1, 131, 301, 179, 257, 1, 5, 1
76, 1, 131, 301, 179, 257, 1, 5, 1
77, 1, 131, 301, 179, 257, 1, 5, 1
78, 1, 131, 301, 179, 257, 1, 5, 1
79, 1, 131, 301, 179, 257, 1, 5, 1
80, 1, 131, 301, 179, 257, 1, 5, 1
81, 1, 131, 301, 179, 257, 1, 5, 1
82, 1, 131, 301, 179, 257, 1, 5, 1
83, 1, 131, 301, 179, 257, 1, 5, 1
84, 1, 131, 301, 179, 257, 1, 5, 1
85, 1, 131, 301, 179, 257, 1, 5, 1
86, 1, 131, 301, 179, 257, 1, 5, 1
87, 1, 131, 301, 179, 257, 1, 5, 1
88, 1, 131, 301, 179, 257, 1, 5, 1
89, 1, 131, 301, 179, 257, 1, 5, 1
90, 1, 131, 301, 179, 257, 1, 5, 1
91, 1, 131, 301, 179, 257, 1, 5, 1
92, 1, 131, 301, 179, 257, 1, 5, 1
93, 1, 131, 301, 179, 257, 1, 5, 1
94, 1, 131, 301, 179, 257, 1, 5, 1
95, 1, 131, 301, 179, 257, 1, 5, 1
96, 1, 131, 301, 179, 257, 1, 5, 1
97, 1, 131, 301, 179, 257, 1, 5, 1
98, 1, 131, 301, 179, 257, 1, 5, 1
99, 1, 131, 301, 179, 257, 1, 5, 1
100, 1, 131, 301, 179, 257, 1, 5, 1
101, 1, 131, 301, 179, 257, 1, 5, 1
102, 1, 131, 301, 179, 257, 1, 5, 1
103, 1, 131, 301, 179, 257, 1, 5, 1
104, 1, 131, 301, 179, 257, 1, 5, 1
105, 1, 131, 301, 179, 257, 1, 5, 1
106, 1, 131, 301, 179, 257, 1, 5, 1
107, 1, 131, 301, 179, 257, 1, 5, 1
108, 1, 131, 301, 179, 257, 1, 5, 1
109, 1, 131, 301, 179, 257, 1, 5, 1
110, 1, 131, 301, 179, 257, 1, 5, 1
111, 1, 131, 301, 179, 257, 1, 5, 1
112, 1, 131, 301, 179, 257, 1, 5, 1
113, 1, 131, 301, 179, 257, 1, 5, 1
114, 1, 131, 301, 179, 257, 1, 5, 1
115, 1, 131, 301, 179, 257, 1, 5, 1
116, 1, 131, 301, 179, 257, 1, 5, 1
117, 1, 131, 301, 179, 257, 1, 5, 1
118, 1, 131, 301, 179, 257, 1, 5, 1
119, 1, 131, 301, 179, 257, 1, 5, 1
120, 1, 131, 301, 179, 257, 1, 5, 1
121, 1, 131, 301, 179, 257, 1, 5, 1
122, 1, 131, 301, 179, 257, 1, 5, 1
123, 1, 131, 301, 179, 257, 1, 5, 1
124, 1, 131, 301, 179, 257, 1, 5, 1
125, 1, 131, 301, 179, 257, 1, 5, 1
126, 1, 131, 301, 179, 257, 1, 5, 1
127, 1, 131, 301, 179, 257, 1, 5, 1
128, 1, 131, 301, 179, 257, 1, 5, 1
129, 1, 131, 301, 179, 257, 1, 5, 1
130, 1, 131, 301, 179, 257, 1, 5, 1
131, 1, 131, 301, 179, 257, 1, 5, 1
132, 1, 131, 301, 179, 257, 1, 5, 1
133, 1, 131, 301, 179, 257, 1, 5, 1
134, 1, 131, 301, 179, 257, 1, 5, 1
135, 1, 131, 301, 179, 257, 1, 5, 1
136, 1, 131, 301, 179, 257, 1, 5, 1
137, 1, 131, 301, 179, 257, 1, 5, 1
138, 1, 131, 301, 179, 257, 1, 5, 1
139, 1, 131, 301, 179, 257, 1, 5, 1
140, 1, 131, 301, 179, 257, 1, 5, 1
141, 1, 131, 301, 179, 257, 1, 5, 1
142, 1, 131, 301, 179, 257, 1, 5, 1
143, 1, 131, 301, 179, 257, 1, 5, 1
144, 1, 131, 301, 179, 257, 1, 5, 1
145, 1, 131, 301, 179, 257, 1, 5, 1
146, 1, 131, 301, 179, 257, 1, 5, 1
147, 1, 131, 301, 179, 257, 1, 5, 1
148, 1, 131, 301, 179, 257, 1, 5, 1
149, 1, 131, 301, 179, 257, 1, 5, 1
150, 1, 131, 301, 179, 257, 1, 5, 1
151, 1, 131, 301, 179, 257, 1, 5, 1
152, 1, 131, 301, 179, 257, 1, 5, 1
153, 1, 131, 301, 179, 257, 1, 5, 1
154, 1, 131, 301, 179, 257, 1, 5, 1
155, 1, 131, 301, 179, 257, 1, 5, 1
156, 1, 131, 301, 179, 257, 1, 5, 1
157, 1, 131, 301, 179, 257, 1, 5, 1
158, 1, 131, 301, 179, 257, 1, 5, 1
159, 1, 131, 301, 179, 257, 1, 5, 1
160, 1, 131, 301, 179, 257, 1, 5, 1
161, 1, 131, 301, 179, 257, 1, 5, 1
162, 1, 131, 301, 179, 257, 1, 5, 1
163, 1, 131, 301, 179, 257, 1, 5, 1
164, 1, 131, 301, 179, 257, 1, 5, 1
165, 1, 131, 301, 179, 257, 1, 5, 1
166, 1, 131, 301, 179, 257, 1, 5, 1
167, 1, 131, 301, 179, 257, 1, 5, 1
168, 1, 131, 301, 179, 257, 1, 5, 1
169, 1, 131, 301, 179, 257, 1, 5, 1
170, 1, 131, 301, 179, 257, 1, 5, 1
171, 1, 131, 301, 179, 257, 1, 5, 1
172, 1, 131, 301, 179, 257, 1, 5, 1
173, 1, 131, 301, 179, 257, 1, 5, 1
174, 1, 131, 301, 179, 257, 1, 5, 1
175, 1, 131, 301, 179, 257, 1, 5, 1
176, 1, 131, 301, 179, 257, 1, 5, 1
177, 1, 131, 301, 179, 257, 1, 5, 1
178, 1, 131, 301, 179, 257, 1, 5, 1
179, 1, 131, 301, 179, 257, 1, 5, 1
180, 1, 131, 301, 179, 257, 1, 5, 1
181, 1, 131, 301, 179, 257, 1, 5, 1
182, 1, 131, 301, 179, 257, 1, 5, 1
183, 1, 131, 301, 179, 257, 1, 5, 1
184, 1, 131, 301, 179, 257, 1, 5, 1
185, 1, 131, 301, 179, 257, 1, 5, 1
186, 1, 131, 301, 179, 257, 1, 5, 1
187, 1, 131, 301, 179, 257, 1, 5, 1
188, 1, 131, 301, 179, 257, 1, 5, 1
189, 1, 131, 301, 179, 257, 1, 5, 1
190, 1, 131, 301, 179, 257, 1, 5, 1
191, 1, 131, 301, 179, 257, 1, 5, 1
192, 1, 131, 301, 179, 257, 1, 5, 1
193, 1, 131, 301, 179, 257, 1, 5, 1
194, 1, 131, 301, 179, 257, 1, 5, 1
195, 1, 131, 301, 179, 257, 1, 5, 1
196, 1, 131, 301, 179, 257, 1, 5, 1
197, 1, 131, 301, 179, 257, 1, 5, 1
198, 1, 131, 301, 179, 257, 1, 5, 1
199, 1, 131, 301, 179, 257, 1, 5, 1
200, 1, 131, 301, 179, 257, 1, 5, 1
201, 1, 131, 301, 179, 257, 1, 5, 1
202, 1, 131, 301, 179, 257, 1, 5, 1
203, 1, 131, 301, 179, 257, 1, 5, 1
204, 1, 131, 301, 179, 257, 1, 5, 1
205, 1, 131, 301, 179, 257, 1, 5, 1
206, 1, 131, 301, 179, 257, 1, 5, 1
207, 1, 131, 301, 179, 257, 1, 5, 1
208, 1, 131, 301, 179, 257, 1, 5, 1
209, 1, 131, 301, 179, 257, 1, 5, 1
210, 1, 131, 301, 179, 257, 1, 5, 1
211, 1, 131, 301, 179, 257, 1, 5, 1
212, 1, 131, 301, 179, 257, 1, 5, 1
213, 1, 131, 301, 179, 257, 1, 5, 1
214, 1, 131, 301, 179, 257, 1, 5, 1
215, 1, 131, 301, 179, 257, 1, 5, 1
216, 1, 131, 301, 179, 257, 1, 5, 1
217, 1, 131, 301, 179, 257, 1, 5, 1
218, 1, 131, 301, 179, 257, 1, 5, 1
219, 1, 131, 301, 179, 257, 1, 5, 1
220, 1, 131, 301, 179, 257, 1, 5, 1
221, 1, 131, 301, 179, 257, 1, 5, 1
222, 1, 131, 301, 179, 257, 1, 5, 1
223, 1, 131, 301, 179, 257, 1, 5, 1
224, 1, 131, 301, 179, 257, 1, 5, 1
225, 1, 131, 301, 179, 257, 1, 5, 1
226, 1, 131, 301, 179, 257, 1, 5, 1
227, 1, 131, 301, 179, 257, 1, 5, 1
228, 1, 131, 301, 179, 257, 1, 5, 1
229, 1, 131, 301, 179, 257, 1, 5, 1
230, 1, 131, 301, 179, 257, 1, 5, 1
231, 1, 131, 301, 179, 257, 1, 5, 1
232, 1, 131, 301, 179, 257, 1, 5, 1
233, 1, 131, 301, 179, 257, 1, 5, 1
234, 1, 131, 301, 179, 257, 1, 5, 1
235, 1, 131, 301, 179, 257, 1, 5, 1
236, 1, 131, 301, 179, 257, 1, 5, 1
237, 1, 131, 301, 179, 257, 1, 5, 1
238, 1, 131, 301, 179, 257, 1, 5, 1
239, 1, 131, 301, 179, 257, 1, 5, 1
240, 1, 131, 301, 179, 257, 1, 5, 1
241, 1, 131, 301, 179, 257, 1, 5, 1
242, 1, 131, 301, 179, 257, 1, 5, 1
243, 1, 131, 301, 179, 257, 1, 5, 1
244, 1, 131, 301, 179, 257, 1, 5, 1
245, 1, 131, 301, 179, 257, 1, 5, 1
246, 1, 131, 301, 179, 257, 1, 5, 1
247, 1, 131, 301, 179, 257, 1, 5, 1
248, 1, 131, 301, 179, 257, 1, 5, 1
249, 1, 131, 301, 179, 257, 1, 5, 1
250, 1, 131, 301, 179, 257, 1, 5, 1
251, 1, 131, 301, 179, 257, 1, 5, 1
252, 1, 131, 301, 179, 257, 1, 5, 1
253, 1, 131, 301, 179, 257, 1, 5, 1
254, 1, 131, 301, 179, 257, 1, 5, 1
255, 1, 131, 301, 179, 257, 1, 5, 1
256, 1, 131, 301, 179, 257, 1, 5, 1
257, 1, 131, 301, 179, 257, 1, 5, 1
258, 1, 131, 301, 179, 257, 1, 5, 1
259, 1, 131, 301, 179, 257, 1, 5, 1
260, 1, 131, 301, 179, 257, 1, 5, 1
261, 1, 131, 301, 179, 257, 1, 5, 1
262, 1, 131, 301, 179, 257, 1, 5, 1
263, 1, 131, 301, 179, 257, 1, 5, 1
264, 1, 131, 301, 179, 257, 1, 5, 1
265, 1, 131, 301, 179, 257, 1, 5, 1
266, 1, 131, 301, 179, 257, 1, 5, 1
267, 1, 131, 301, 179, 257, 1, 5, 1
268, 1, 131, 301, 179, 257, 1, 5, 1
269, 1, 131, 301, 179, 257, 1, 5, 1
270, 1, 131, 301, 179, 257, 1, 5, 1
271, 1, 131, 301, 179, 257, 1, 5, 1
272, 1, 131, 301, 179, 257, 1, 5, 1
273, 1, 131, 301, 179, 257, 1, 5, 1
274, 1, 131, 301, 179, 257, 1, 5, 1
275, 1, 131, 301, 179, 257, 1, 5, 1
276, 1, 131, 301, 179, 257, 1, 5, 1
277, 1, 131, 301, 179, 257, 1, 5, 1
278, 1, 131, 301, 179, 257, 1, 5, 1
279, 1, 131, 301, 179, 257, 1, 5, 1
280, 1, 131, 301, 179, 257, 1, 5, 1
281, 1, 131, 301, 179, 257, 1, 5, 1
282, 1, 131, 301, 179, 257, 1, 5, 1
283, 1, 131, 301, 179, 257, 1, 5, 1
284, 1, 131, 301, 179, 257, 1, 5, 1
285, 1, 131, 301, 179, 257, 1, 5, 1
286, 1, 131, 301, 179, 257, 1, 5, 1
287, 1, 131, 301, 179, 257, 1, 5, 1
288, 1, 131, 301, 179, 257, 1, 5, 1
289, 1, 131, 301, 179, 257, 1, 5, 1
290, 1, 131, 301, 179, 257, 1, 5, 1
291, 1, 131, 301, 179, 257, 1, 5, 1
292, 1, 131, 301, 179, 257, 1, 5, 1
293, 1, 131, 301, 179, 257, 1, 5, 1
294, 1, 131, 301, 179, 257, 1, 5, 1
295, 1, 131, 301, 179, 257, 1, 5, 1
296, 1, 131, 301, 179, 257, 1, 5, 1
297, 1, 131, 301, 179, 257, 1, 5, 1
298, 1, 131, 301, 179, 257, 1, 5, 1
299, 1, 131, 301, 179, 257, 1, 5, 1
300, 1, 131, 301, 179, 257, 1, 5, 1
301, 1, 131, 301, 179, 257, 1, 5, 1
302, 1, 131, 301, 179, 257, 1, 5, 1
303, 1, 131, 301, 179, 257, 1, 5, 1
304, 1, 131, 301, 179, 257, 1, 5, 1
305, 1, 131, 301, 179, 257, 1, 5, 1
306, 1, 131, 301, 179, 257, 1, 5, 1
307, 1, 131, 301, 179, 257, 1, 5, 1
308, 1, 131, 301, 179, 257, 1, 5, 1
309, 1, 131, 301, 179, 257, 1, 5, 1
310, 1, 131, 301, 179, 257, 1, 5, 1
311, 1, 131, 301, 179, 257, 1, 5, 1
312, 1, 131, 301, 179, 257, 1, 5, 1
313, 1, 131, 301, 179, 257, 1, 5, 1
314, 1, 131, 301, 179, 257, 1, 5, 1
315, 1, 131, 301, 179, 257, 1, 5, 1
316, 1, 131, 301, 179, 257, 1, 5, 1
317, 1, 131, 301, 179, 257, 1, 5, 1
318, 1, 131, 301, 179, 257, 1, 5, 1
319, 1, 131, 301, 179, 257, 1, 5, 1
320, 1, 131, 301, 179, 257, 1, 5, 1
321, 1, 131, 301, 179, 257, 1, 5, 1
322, 1, 131, 301, 179, 257, 1, 5, 1
323, 1, 131, 301, 179, 257, 1, 5, 1
324, 1, 131, 301, 179, 257, 1, 5, 1
325, 1, 131, 301, 179, 257, 1, 5, 1
326, 1, 131, 301, 179, 257, 1, 5, 1
327, 1, 131, 301, 179, 257, 1, 5, 1
328, 1, 131, 301, 179, 257, 1, 5, 1
329, 1, 131, 301, 179, 257, 1, 5, 1
330, 1, 131, 301, 179, 257, 1, 5, 1
331, 1, 131, 301, 179, 257, 1, 5, 1
332, 1, 131, 301, 179, 257, 1, 5, 1
333, 1, 131, 301, 179, 257, 1, 5, 1
334, 1, 131, 301, 179, 257, 1, 5, 1
335, 1, 131, 301, 179, 257, 1, 5, 1
336, 1, 131, 301, 179, 257, 1, 5, 1
337, 1, 131, 301, 179, 257, 1, 5, 1
338, 1, 131, 301, 179, 257, 1, 5, 1
339, 1, 131, 301, 179, 257, 1, 5, 1
340, 1, 131, 301, 179, 257, 1, 5, 1
341, 1, 131, 301, 179, 257, 1, 5, 1
342, 1, 131, 301, 179, 257, 1, 5, 1
343, 1, 131, 301, 179, 257, 1, 5, 1
344, 1, 131, 301, 179, 257, 1, 5, 1
345, 1, 131, 301, 179, 257, 1, 5, 1
346, 1, 131, 301, 179, 257, 1, 5, 1
347, 1, 131, 301, 179, 257, 1, 5, 1
348, 1, 131, 301, 179, 257, 1, 5, 1
349, 1, 131, 301, 179, 257, 1, 5, 1
350, 1, 131, 301, 179, 257, 1, 5, 1
351, 1, 131, 301, 179, 257, 1, 5, 1
352, 1, 131, 301, 179, 257, 1, 5, 1
353, 1, 131, 301, 179, 257, 1, 5, 1
354, 1, 131, 301, 179, 257, 1, 5, 1
355, 1, 131, 301, 179, 257, 1, 5, 1
356, 1, 131, 301, 179, 257, 1, 5, 1
357, 1, 131, 301, 179, 257, 1, 5, 1
358, 1, 131, 301, 179, 257, 1, 5, 1
359, 1, 131, 301, 179, 257, 1, 5, 1
360, 1, 131, 301, 179, 257, 1, 5, 1
361, 1, 131, 301, 179, 257, 1, 5, 1
362, 1, 131, 301, 179, 257, 1, 5, 1
363, 1, 131, 301, 179, 257, 1, 5, 1
364, 1, 131, 301, 179, 257, 1, 5, 1
365, 1, 131, 301, 179, 257, 1, 5, 1
366, 1, 131, 301, 179, 257, 1, 5, 1
367, 1, 131, 301, 179, 257, 1, 5, 1
368, 1, 131, 301, 179, 257, 1, 5, 1
369, 1, 131, 301, 179, 257, 1, 5, 1
370, 1, 131, 301, 179, 257, 1, 5, 1
371, 1, 131, 301, 179, 257, 1, 5, 1
372, 1, 131, 301, 179, 257, 1, 5, 1
373, 1, 131, 301, 179, 257, 1, 5, 1
374, 1, 131, 301, 179, 257, 1, 5, 1
375, 1, 131, 301, 179, 257, 1, 5, 1
376, 1, 131, 301, 179, 257, 1, 5, 1
377, 1, 131, 301, 179, 257, 1, 5, 1
378, 1, 131, 301, 179, 257, 1, 5, 1
379, 1, 131, 301, 179, 257, 1, 5, 1
380, 1, 131, 301, 179, 257, 1, 5, 1
381, 1, 131, 301, 179, 257, 1, 5, 1
382, 1, 131, 301, 179, 257, 1, 5, 1
383, 1, 131, 301, 179, 257, 1, 5, 1
384, 1, 131, 301, 179, 257, 1, 5, 1
385, 1, 131, 301, 179, 257, 1, 5, 1
386, 1, 131, 301, 179, 257, 1, 5, 1
387, 1, 131, 301, 179, 257, 1, 5, 1
388, 1, 131, 301, 179, 257, 1, 5, 1
389, 1, 131, 301, 179, 257, 1, 5, 1
390, 1, 131, 301, 179, 257, 1, 5, 1
391, 1, 131, 301, 179, 257, 1, 5, 1
392, 1, 131, 301, 179, 257, 1, 5, 1
393, 1, 131, 301, 179, 257, 1, 5, 1
394, 1, 131, 301, 179, 257, 1, 5, 1
395, 1, 131, 301, 179, 257, 1, 5, 1
396, 1, 131, 301, 179, 257, 1, 5, 1
397, 1, 131, 301, 179, 257, 1, 5, 1
398, 1, 131, 301, 179, 257, 1, 5, 1
399, 1, 131, 301, 179, 257, 1, 5, 1
400, 1, 131, 301, 179, 257, 1, 5, 1
401, 1, 131, 301, 179, 257, 1, 5, 1
402, 1, 131, 301, 179, 257, 1, 5, 1
403, 1, 131, 301, 179, 257, 1, 5, 1
404, 1, 131, 301, 179, 257, 1, 5, 1
405, 1, 131, 301, 179, 257, 1, 5, 1
406, 1, 131, 301, 179, 257, 1, 5, 1
407, 1, 131, 301, 179, 257, 1, 5, 1
408, 1, 131, 301, 179, 257, 1, 5, 1
409, 1, 131, 301, 179, 257, 1, 5, 1
410, 1, 131, 301, 179, 257, 1, 5, 1
411, 1, 131, 301, 179, 257, 1, 5, 1
412, 1, 131, 301, 179, 257, 1, 5, 1
413, 1, 131, 301, 179, 257, 1, 5, 1
414, 1, 131, 301, 179, 257, 1, 5, 1
415, 1, 131, 301, 179, 257, 1, 5, 1
416, 1, 131, 301, 179, 257, 1, 5, 1
417, 1, 131, 301, 179, 257, 1, 5, 1
418, 1, 131, 301, 179, 257, 1, 5, 1
419, 1, 131, 301, 179, 257, 1, 5, 1
420, 1, 131, 301, 179, 257, 1, 5, 1
421, 1, 131, 301, 179, 257, 1, 5, 1
422, 1, 131, 301, 179, 257, 1, 5, 1
423, 1, 131, 301, 179, 257, 1, 5, 1
424, 1, 131, 301, 179, 257, 1, 5, 1
425, 1, 131, 301, 179, 257, 1, 5, 1
426, 1, 131, 301, 179, 257, 1, 5, 1
427, 1, 131, 301, 179, 257, 1, 5, 1
428, 1, 131, 301, 179, 257, 1, 5, 1
429, 1, 131, 301, 179, 257, 1, 5, 1
430, 1, 131, 301, 179, 257, 1, 5, 1
431, 1, 131, 301, 179, 257, 1, 5, 1
432, 1, 131, 301, 179, 257, 1, 5, 1
433, 1, 131, 301, 179, 257, 1, 5, 1
434, 1, 131, 301, 179, 257, 1, 5, 1
435, 1, 131, 301, 179, 257, 1, 5, 1
436, 1, 131, 301, 179, 257, 1, 5, 1
437, 1, 131, 301, 179, 257, 1, 5, 1
438, 1, 131, 301, 179, 257, 1, 5, 1
439, 1, 131, 301, 179, 257, 1, 5, 1
440, 1, 131, 301, 179, 257, 1, 5, 1
441, 1, 131, 301, 179, 257, 1, 5, 1
442, 1, 131, 301, 179, 257, 1, 5, 1
443, 1, 131, 301, 179, 257, 1, 5, 1
444, 1, 131, 301, 179, 257, 1, 5, 1
445, 1, 131, 301, 179, 257, 1, 5, 1
446, 1, 131, 301, 179, 257, 1, 5, 1
447, 1, 131, 301, 179, 257, 1, 5, 1
448, 1, 131, 301, 179, 257, 1, 5, 1
449, 1, 131, 301, 179, 257, 1, 5, 1
450, 1, 131, 301, 179, 257, 1, 5, 1
451, 1, 131, 301, 179, 257, 1, 5, 1
452, 1, 131, 301, 179, 257, 1, 5, 1
453, 1, 131, 301, 179, 257, 1, 5, 1
454, 1, 131, 301, 179, 257, 1, 5, 1
455, 1, 131, 301, 179, 257, 1, 5, 1
456, 1, 131, 301, 179, 257, 1, 5, 1
457, 1, 131, 301, 179, 257, 1, 5, 1
458, 1, 131, 301, 179, 257, 1, 5, 1
459, 1, 131, 301, 179, 257, 1, 5, 1
460, 1, 131, 301, 179, 257, 1, 5, 1
461, 1, 131, 301, 179, 257, 1, 5, 1
462, 1, 131, 301, 179, 257, 1, 5, 1
463, 1, 131, 301, 179, 257, 1, 5, 1
464, 1, 131, 301, 179, 257, 1, 5, 1
465, 1, 131, 301, 179, 257, 1, 5, 1
466, 1, 131, 301, 179, 257, 1, 5, 1
467, 1, 131, 301, 179, 257, 1, 5, 1
468, 1, 131, 301, 179, 257, 1, 5, 1
469, 1, 131, 301, 179, 257, 1, 5, 1
470, 1, 131, 301, 179, 257, 1, 5, 1
471, 1, 131, 301, 179, 257, 1, 5, 1
472, 1, 131, 301, 179, 257, 1, 5, 1
473, 1, 131, 301, 179, 257, 1, 5, 1
474, 1, 131, 301, 179, 257, 1, 5, 1
475, 1, 131, 301, 179, 257, 1, 5, 1
476, 1, 131, 301, 179, 257, 1, 5, 1
477, 1, 131, 301, 179, 257, 1, 5, 1
478, 1, 131, 301, 179, 257, 1, 5, 1
479, 1, 131, 301, 179, 257, 1, 5, 1
480, 1, 131, 301, 179, 257, 1, 5, 1
481, 1, 131, 301, 179, 257, 1, 5, 1
482, 1, 131, 301, 179, 257, 1, 5, 1
483, 1, 131, 301, 179, 257, 1, 5, 1
484, 1, 131, 301, 179, 257, 1, 5, 1
485, 1, 131, 301, 179, 257, 1, 5, 1
486, 1, 131, 301, 179, 257, 1, 5, 1
487, 1, 131, 301, 179, 257, 1, 5, 1
488, 1, 131, 301, 179, 257, 1, 5, 1
489, 1, 131, 301, 179, 257, 1, 5, 1
490, 1, 131, 301, 179, 257, 1, 5, 1
491, 1, 131, 301, 179, 257, 1, 5, 1
492, 1, 131, 301, 179, 257, 1, 5, 1
493, 1, 131, 301, 179, 257, 1, 5, 1
494, 1, 131, 301, 179, 257, 1, 5, 1
495, 1, 131, 301, 179, 257, 1, 5, 1
496, 1, 131, 301, 179, 257, 1, 5, 1
497, 1, 131, 301, 179, 257, 1, 5, 1
498, 1, 131, 301, 179, 257, 1, 5, 1
499, 1, 131, 301, 179, 257, 1, 5, 1
500, 1, 131, 301, 179, 257, 1, 5, 1
501, 1, 131, 301, 179, 257, 1, 5, 1
502, 1, 131, 301, 179, 257, 1, 5, 1
503, 1, 131, 301, 179, 257, 1, 5, 1
504, 1, 131, 301, 179, 257, 1, 5, 1
505, 1, 131, 301, 179, 257, 1, 5, 1
506, 1, 131, 301, 179, 257, 1, 5, 1
507, 1, 131, 301, 179, 257, 1, 5, 1
508, 1, 131, 301, 179, 257, 1, 5, 1
509, 1, 131, 301, 179, 257, 1, 5, 1
510, 1, 131, 301, 179, 257, 1, 5, 1
511, 1, 131, 301, 179, 257, 1, 5, 1
512, 1, 131, 301, 179, 257, 1, 5, 1
513, 1, 131, 301, 179, 257, 1, 5, 1
514, 1, 131, 301, 179, 257, 1, 5, 1
515, 1, 131, 301, 179, 257, 1, 5, 1
516, 1, 131, 301, 179, 257, 1, 5, 1
517, 1, 131, 301, 179, 257, 1, 5, 1
518, 1, 131, 301, 179, 257, 1, 5, 1
519, 1, 131, 301, 179, 257, 1, 5, 1
520, 1, 131, 301, 179, 257, 1, 5, 1
521, 1, 131, 301, 179, 257, 1, 5, 1
522, 1, 131, 301, 179, 257, 1, 5, 1
523, 1, 131, 301, 179, 257, 1, 5, 1
524, 1, 131, 301, 179, 257, 1, 5, 1
525, 1, 131, 301, 179, 257, 1, 5, 1
526, 1, 131, 301, 179, 257, 1, 5, 1
527, 1, 131, 301, 179, 257, 1, 5, 1
528, 1, 131, 301, 179, 257, 1, 5, 1
529, 1, 131, 301, 179, 257, 1, 5, 1
530, 1, 131, 301, 179, 257, 1, 5, 1
531, 1, 131, 301, 179, 257, 1, 5, 1
532, 1, 131, 301, 179, 257, 1, 5, 1
533, 1, 131, 301, 179, 257, 1, 5, 1
534, 1, 131, 301, 179, 257, 1, 5, 1
535, 1, 131, 301, 179, 257, 1, 5, 1
536, 1, 131, 301, 179, 257, 1, 5, 1
537, 1, 131, 301, 179, 257, 1, 5, 1
538, 1, 131, 301, 179, 257, 1, 5, 1
539, 1, 131, 301, 179, 257, 1, 5, 1
540, 1, 131, 301, 179, 257, 1, 5, 1
541, 1, 131, 301, 179, 257, 1, 5, 1
542, 1, 131, 301, 179, 257, 1, 5, 1
543, 1, 131, 301, 179, 257, 1, 5, 1
544, 1, 131, 301, 179, 257, 1, 5, 1
545, 1, 131, 301, 179, 257, 1, 5, 1
546, 1, 131, 301, 179, 257, 1, 5, 1
547, 1, 131, 301, 179, 257, 1, 5, 1
548, 1, 131, 301, 179, 257, 1, 5, 1
549, 1, 131, 301, 179, 257, 1, 5, 1
550, 1, 131, 301, 179, 257, 1, 5, 1
551, 1, 131, 301, 179, 257, 1, 5, 1
552, 1, 131, 301, 179, 257, 1, 5, 1
553, 1, 131, 301, 179, 257, 1, 5, 1
554, 1, 131, 301, 179, 257, 1, 5, 1
555, 1, 131, 301, 179, 257, 1, 5, 1
556, 1, 131, 301, 179, 257, 1, 5, 1
557, 1, 131, 301, 179, 257, 1, 5, 1
558, 1, 131, 301, 179, 257, 1, 5, 1
559, 1, 131, 301, 179, 257, 1, 5, 1
560, 1, 131, 301, 179, 257, 1, 5, 1
561, 1, 131, 301, 179, 257, 1, 5, 1
562, 1, 131, 301, 179, 257, 1, 5, 1
563, 1, 131, 301, 179, 257, 1, 5, 1
564, 1, 131, 301, 179, 257, 1, 5, 1
565, 1, 131, 301, 179, 257, 1, 5, 1
566, 1, 131, 301, 179, 257, 1, 5, 1
567, 1, 131, 301, 179, 257, 1, 5, 1
568, 1, 131, 301, 179, 257, 1, 5, 1
569, 1, 131, 301, 179, 257, 1, 5, 1
570, 1, 131, 301, 179, 257, 1, 5, 1
571, 1, 131, 301, 179, 257, 1, 5, 1
572, 1, 131, 301, 179, 257, 1, 5, 1
573, 1, 131, 301, 179, 257, 1, 5, 1
574, 1, 131, 301, 179, 257, 1, 5, 1
575, 1, 131, 301, 179, 257, 1, 5, 1
576, 1, 131, 301, 179, 257, 1, 5, 1
577, 1, 131, 301, 179, 257, 1, 5, 1
578, 1, 131, 301, 179, 257, 1, 5, 1
579, 1, 131, 301, 179, 257, 1, 5, 1
580, 1, 131, 301, 179, 257, 1, 5, 1
581, 1, 131, 301, 179, 257, 1, 5, 1
582, 1, 131, 301, 179, 257, 1, 5, 1
583, 1, 131, 301, 179, 257, 1, 5, 1
584, 1, 131, 301, 179, 257, 1, 5, 1
585, 1, 131, 301, 179, 257, 1, 5, 1
586, 1, 131, 301, 179, 257, 1, 5, 1
587, 1, 131, 301, 179, 257, 1, 5, 1
588, 1, 131, 301, 179, 257, 1, 5, 1
589, 1, 131, 301, 179, 257, 1, 5, 1
590, 1, 131, 301, 179, 257, 1, 5, 1
591, 1, 131, 301, 179, 257, 1, 5, 1
592, 1, 131, 301, 179, 257, 1, 5, 1
593, 1, 131, 301, 179, 257, 1, 5, 1
594, 1, 131, 301, 179, 257, 1, 5, 1
595, 1, 131, 301, 179, 257, 1, 5, 1
596, 1, 131, 301, 179, 257, 1, 5, 1
597, 1, 131, 301, 179, 257, 1, 5, 1
598, 1, 131, 301, 179, 257, 1, 5, 1
599, 1, 131, 301, 179, 257, 1, 5, 1
600, 1, 131, 301, 179, 257, 1, 5, 1
601, 1, 131, 301, 179, 257, 1, 5, 1
602, 1, 131, 301, 179, 257, 1, 5, 1
603, 1, 131, 301, 179, 257, 1, 5, 1
604, 1, 131, 301, 179, 257, 1, 5, 1
605, 1, 131, 301, 179, 257, 1, 5, 1
606, 1, 131, 301, 179, 257, 1, 5, 1
607, 1, 131, 301, 179, 257, 1, 5, 1
608, 1, 131, 301, 179, 257, 1, 5, 1
609, 1, 131, 301, 179, 257, 1, 5, 1
610, 1, 131, 301, 179, 257, 1, 5, 1
611, 1, 131, 301, 179, 257, 1, 5, 1
612, 1, 131, 301, 179, 257, 1, 5, 1
613, 1, 131, 301, 179, 257, 1, 5, 1
614, 1, 131, 301, 179, 257, 1, 5, 1
615, 1, 131, 301, 179, 257, 1, 5, 1
616, 1, 131, 301, 179, 257, 1, 5, 1
617, 1, 131, 301, 179, 257, 1, 5, 1
618, 1, 131, 301, 179, 257, 1, 5, 1
619, 1, 131, 301, 179, 257, 1, 5, 1
620, 1, 131, 301, 179, 257, 1, 5, 1
621, 1, 131, 301, 179, 257, 1, 5, 1
622, 1, 131, 301, 179, 257, 1, 5, 1
623, 1, 131, 301, 179, 257, 1, 5, 1
624, 1, 131, 301, 179, 257, 1, 5, 1
625, 1, 131, 301, 179, 257, 1, 5, 1
626, 1, 131, 301, 179, 257, 1, 5, 1
627, 1, 131, 301, 179, 257, 1, 5, 1
628, 1, 131, 301, 179, 257, 1, 5, 1
629, 1, 131, 301, 179, 257, 1, 5, 1
630, 1, 131, 301, 179, 257, 1, 5, 1
631, 1, 131, 301, 179, 257, 1, 5, 1
632, 1, 131, 301, 179, 257, 1, 5, 1
633, 1, 131, 301, 179, 257, 1, 5, 1
634, 1, 131, 301, 179, 257, 1, 5, 1
635, 1, 131, 301, 179, 257, 1, 5, 1
636, 1, 131, 301, 179, 257, 1, 5, 1
637, 1, 131, 301, 179, 257, 1, 5, 1
638, 1, 131, 301, 179, 257, 1, 5, 1
639, 1, 131, 301, 179, 257, 1, 5, 1
640, 1, 131, 301, 179, 257, 1, 5, 1
641, 1, 131, 301, 179, 257, 1, 5, 1
642, 1, 131, 301, 179, 257, 1, 5, 1
643, 1, 131, 301, 179, 257, 1, 5, 1
644, 1, 131, 301, 179, 257, 1, 5, 1
645, 1, 131, 301, 179, 257, 1, 5, 1
646, 1, 131, 301, 179, 257, 1, 5, 1
647, 1, 131, 301, 179, 257, 1, 5, 1
648, 1, 131, 301, 179, 257, 1, 5, 1
649, 1, 131, 301, 179, 257, 1, 5, 1
650, 1, 131, 301, 179, 257, 1, 5, 1
651, 1, 131, 301, 179, 257, 1, 5, 1
652, 1, 131, 301, 179, 257, 1, 5, 1
653, 1, 131, 301, 179, 257, 1, 5, 1
654, 1, 131, 301, 179, 257, 1, 5, 1
655, 1, 131, 301, 179, 257, 1, 5, 1
656, 1, 131, 301, 179, 257, 1, 5, 1
657, 1, 131, 301, 179, 257, 1, 5, 1
658, 1, 131, 301, 179, 257, 1, 5, 1
659, 1, 131, 301, 179, 257, 1, 5, 1
660, 1, 131, 301, 179, 257, 1, 5, 1
661, 1, 131, 301, 179, 257, 1, 5, 1
662, 1, 131, 301, 179, 257, 1, 5, 1
663, 1, 131, 301, 179, 257, 1, 5, 1
664, 1, 131, 301, 179, 257, 1, 5, 1
665, 1, 131, 301, 179, 257, 1, 5, 1
666, 1, 131, 301, 179, 257, 1, 5, 1
667, 1, 131, 301, 179, 257, 1, 5, 1
668, 1, 131, 301, 179, 257, 1, 5, 1
669, 1, 131, 301, 179, 257, 1, 5, 1
670, 1, 131, 301, 179, 257, 1, 5, 1
671, 1, 131, 301, 179, 257, 1, 5, 1
672, 1, 131, 301, 179, 257, 1, 5, 1
673, 1, 131, 301, 179, 257, 1, 5, 1
674, 1, 131, 301, 179, 257, 1, 5, 1
675, 1, 131, 301, 179, 257, 1, 5, 1
676, 1, 131, 301, 179, 257, 1, 5, 1
677, 1, 131, 301, 179, 257, 1, 5, 1
678, 1, 131, 301, 179, 257, 1, 5, 1
679, 1, 131, 301, 179, 257, 1, 5, 1
680, 1, 131, 301, 179, 257, 1, 5, 1
681, 1, 131, 301, 179, 257, 1, 5, 1
682, 1, 131, 301, 179, 257, 1, 5, 1
683, 1, 131, 301, 179, 257, 1, 5, 1
684, 1, 131, 301, 179, 257, 1, 5, 1
685, 1, 131, 301, 179, 257, 1, 5, 1
686, 1, 131, 301, 179, 257, 1, 5, 1
687, 1, 131, 301, 179, 257, 1, 5, 1
688, 1, 131, 301, 179, 257, 1, 5, 1
689, 1, 131, 301, 179, 257, 1, 5, 1
690, 1, 131, 301, 179, 257, 1, 5, 1
691, 1, 131, 301, 179, 257, 1, 5, 1
692, 1, 131, 301, 179, 257, 1, 5, 1
693, 1, 131, 301, 179, 257, 1, 5, 1
694, 1, 131, 301, 179, 257, 1, 5, 1
695, 1, 131, 301, 179, 257, 1, 5, 1
696, 1, 131, 301, 179, 257, 1, 5, 1
697, 1, 131, 301, 179, 257, 1, 5, 1
698, 1, 131, 301, 179, 257, 1, 5, 1
699, 1, 131, 301, 179, 257, 1, 5, 1
700, 1, 131, 301, 179, 257, 1, 5, 1
701, 1, 131, 301, 179, 257, 1, 5, 1
702, 1, 131, 301, 179, 257, 1, 5, 1
703, 1, 131, 301, 179, 257, 1, 5, 1
704, 1, 131, 301, 179, 257, 1, 5, 1
705, 1, 131, 301, 179, 257, 1, 5, 1
706, 1, 131, 301, 179, 257, 1, 5, 1
707, 1, 131, 301, 179, 257, 1, 5, 1
708, 1, 131, 301, 179, 257, 1, 5, 1
709, 1, 131, 301, 179, 257, 1, 5, 1
710, 1, 131, 301, 179, 257, 1, 5, 1
711, 1, 131, 301, 179, 257, 1, 5, 1
712, 1, 131, 301, 179, 257, 1, 5, 1
713, 1, 131, 301, 179, 257, 1, 5, 1
714, 1, 131, 301, 179, 257, 1, 5, 1
715, 1, 131, 301, 179, 257, 1, 5, 1
716, 1, 131, 301, 179, 257, 1, 5, 1
717, 1, 131, 301, 179, 257, 1, 5, 1
718, 1, 131, 301, 179, 257, 1, 5, 1
719, 1, 131, 301, 179, 257, 1, 5, 1
720, 1, 131, 301, 179, 257, 1, 5, 1
721, 1, 131, 301, 179, 257, 1, 5, 1
722, 1, 131, 301, 179, 257, 1, 5, 1
723, 1, 131, 301, 179, 257, 1, 5, 1
724, 1, 131, 301, 179, 257, 1, 5, 1
725, 1, 131, 301, 179, 257, 1, 5, 1
726, 1, 131, 301, 179, 257, 1, 5, 1
727, 1, 131, 301, 179, 257, 1, 5, 1
728, 1, 131, 301, 179, 257, 1, 5, 1
729, 1, 131, 301, 179, 257, 1, 5, 1
730, 1, 131, 301, 179, 257, 1, 5, 1
731, 1, 131, 301, 179, 257, 1, 5, 1
732, 1, 131, 301, 179, 257, 1, 5, 1
733, 1, 131, 301, 179, 257, 1, 5, 1
734, 1, 131, 301, 179, 257, 1, 5, 1
735, 1, 131, 301, 179, 257, 1, 5, 1
736, 1, 131, 301, 179, 257, 1, 5, 1
737, 1, 131, 301, 179, 257, 1, 5, 1
738, 1, 131, 301, 179, 257, 1, 5, 1
739, 1, 131, 301, 179, 257, 1, 5, 1
740, 1, 131, 301, 179, 257, 1, 5, 1
741, 1, 131, 301, 179, 257, 1, 5, 1
742, 1, 131, 301, 179, 257, 1, 5, 1
743, 1, 131, 301, 179, 257, 1, 5, 1
744, 1, 131, 301, 179, 257, 1, 5, 1
745, 1, 131, 301, 179, 257, 1, 5, 1
746, 1, 131, 301, 179, 257, 1, 5, 1
747, 1, 131, 301, 179, 257, 1, 5, 1
748, 1, 131, 301, 179, 257, 1, 5, 1
749, 1, 131, 301, 179, 257, 1, 5, 1
750, 1, 131, 301, 179, 257, 1, 5, 1
1, 2, 149, 86, 562, 461, 1, 7, 1
2, 2, 152, 85, 559, 461, 1, 7, 1
3, 2, 145, 85, 567, 462, 1, 7, 1
4, 2, 144, 86, 569, 460, 1, 7, 1
5, 2, 145, 85, 567, 461, 1, 7, 1
6, 2, 143, 85, 570, 460, 1, 7, 1
7, 2, 143, 85, 569, 462, 1, 7, 1
8, 2, 143, 84, 568, 463, 1, 7, 1
9, 2, 144, 84, 570, 463, 1, 7, 1
10, 2, 144, 84, 569, 462, 1, 7, 1
11, 2, 145, 84, 568, 462, 1, 7, 1
12, 2, 145, 84, 568, 463, 1, 7, 1
13, 2, 147, 84, 567, 462, 1, 7, 1
14, 2, 143, 84, 571, 462, 1, 7, 1
15, 2, 141, 85, 574, 461, 1, 7, 1
16, 2, 147, 84, 568, 462, 1, 7, 1
17, 2, 150, 83, 566, 463, 1, 7, 1
18, 2, 153, 83, 563, 464, 1, 7, 1
19, 2, 159, 82, 556, 464, 1, 7, 1
20, 2, 149, 82, 567, 465, 1, 7, 1
21, 2, 153, 81, 562, 466, 1, 7, 1
22, 2, 157, 81, 559, 466, 1, 7, 1
23, 2, 158, 80, 557, 466, 1, 7, 1
24, 2, 158, 79, 557, 467, 1, 7, 1
25, 2, 160, 78, 554, 467, 1, 7, 1
26, 2, 162, 78, 552, 468, 1, 7, 1
27, 2, 163, 78, 553, 468, 1, 7, 1
28, 2, 167, 77, 547, 469, 1, 7, 1
29, 2, 171, 76, 546, 470, 1, 7, 1
30, 2, 174, 76, 541, 469, 1, 7, 1
31, 2, 175, 76, 541, 470, 1, 7, 1
32, 2, 176, 76, 540, 470, 1, 7, 1
33, 2, 179, 77, 536, 469, 1, 7, 1
34, 2, 179, 77, 536, 469, 1, 7, 1
35, 2, 175, 77, 541, 468, 1, 7, 1
36, 2, 182, 77, 534, 469, 1, 7, 1
37, 2, 180, 77, 535, 470, 1, 7, 1
38, 2, 180, 77, 535, 468, 1, 7, 1
39, 2, 182, 77, 531, 468, 1, 7, 1
40, 2, 182, 77, 533, 468, 1, 7, 1
41, 2, 180, 76, 537, 469, 1, 7, 1
42, 2, 176, 76, 540, 471, 1, 7, 1
43, 2, 161, 77, 553, 470, 1, 7, 1
44, 2, 153, 77, 564, 470, 1, 7, 1
45, 2, 157, 77, 558, 469, 1, 7, 1
46, 2, 152, 78, 559, 468, 1, 7, 1
47, 2, 152, 77, 565, 469, 1, 7, 1
48, 2, 149, 77, 567, 470, 1, 7, 1
49, 2, 152, 76, 564, 470, 1, 7, 1
50, 2, 153, 76, 564, 469, 1, 7, 1
51, 2, 149, 75, 567, 470, 1, 7, 1
52, 2, 151, 76, 565, 469, 1, 7, 1
53, 2, 149, 76, 568, 470, 1, 7, 1
54, 2, 150, 76, 567, 469, 1, 7, 1
55, 2, 153, 76, 561, 469, 1, 7, 1
56, 2, 154, 75, 562, 471, 1, 7, 1
57, 2, 151, 76, 566, 469, 1, 7, 1
58, 2, 154, 76, 562, 469, 1, 7, 1
59, 2, 149, 76, 564, 469, 1, 7, 1
60, 2, 147, 76, 569, 469, 1, 7, 1
61, 2, 151, 77, 564, 468, 1, 7, 1
62, 2, 148, 76, 567, 470, 1, 7, 1
63, 2, 148, 75, 567, 470, 1, 7, 1
64, 2, 145, 73, 569, 472, 1, 7, 1
65, 2, 146, 74, 570, 472, 1, 7, 1
66, 2, 147, 72, 571, 473, 1, 7, 1
67, 2, 147, 72, 569, 475, 1, 7, 1
68, 2, 147, 71, 565, 474, 1, 7, 1
69, 2, 144, 69, 572, 477, 1, 7, 1
70, 2, 148, 70, 570, 476, 1, 7, 1
71, 2, 146, 70, 571, 475, 1, 7, 1
72, 2, 145, 69, 573, 476, 1, 7, 1
73, 2, 145, 67, 573, 477, 1, 7, 1
74, 2, 146, 64, 571, 482, 1, 7, 1
75, 2, 145, 64, 572, 482, 1, 7, 1
76, 2, 143, 62, 571, 484, 1, 7, 1
77, 2, 143, 60, 573, 486, 1, 7, 1
78, 2, 143, 57, 575, 490, 1, 7, 1
79, 2, 143, 55, 574, 491, 1, 7, 1
80, 2, 143, 53, 574, 493, 1, 7, 1
81, 2, 142, 50, 575, 496, 1, 7, 1
82, 2, 144, 49, 573, 497, 1, 7, 1
83, 2, 146, 45, 572, 502, 1, 7, 1
84, 2, 150, 43, 568, 504, 1, 7, 1
85, 2, 151, 40, 567, 507, 1, 7, 1
86, 2, 153, 40, 566, 506, 1, 7, 1
87, 2, 155, 36, 563, 509, 1, 7, 1
88, 2, 160, 35, 558, 512, 1, 7, 1
89, 2, 161, 35, 557, 512, 1, 7, 1
90, 2, 166, 33, 552, 513, 1, 7, 1
91, 2, 170, 32, 547, 514, 1, 7, 1
92, 2, 172, 31, 546, 515, 1, 7, 1
93, 2, 175, 30, 544, 517, 1, 7, 1
94, 2, 177, 30, 541, 516, 1, 7, 1
95, 2, 179, 29, 539, 518, 1, 7, 1
96, 2, 184, 30, 534, 517, 1, 7, 1
97, 2, 187, 29, 530, 518, 1, 7, 1
98, 2, 185, 28, 533, 519, 1, 7, 1
99, 2, 187, 28, 531, 519, 1, 7, 1
100, 2, 188, 29, 529, 519, 1, 7, 1
101, 2, 187, 31, 531, 516, 1, 7, 1
102, 2, 187, 35, 531, 512, 1, 7, 1
103, 2, 190, 38, 527, 509, 1, 7, 1
104, 2, 186, 41, 532, 506, 1, 7, 1
105, 2, 187, 42, 531, 504, 1, 7, 1
106, 2, 184, 45, 531, 501, 1, 7, 1
107, 2, 184, 47, 533, 499, 1, 7, 1
108, 2, 181, 48, 535, 499, 1, 7, 1
109, 2, 177, 50, 540, 498, 1, 7, 1
110, 2, 177, 51, 539, 497, 1, 7, 1
111, 2, 177, 52, 539, 496, 1, 7, 1
112, 2, 174, 55, 541, 491, 1, 7, 1
113, 2, 173, 56, 544, 490, 1, 7, 1
114, 2, 174, 57, 543, 490, 1, 7, 1
115, 2, 173, 58, 543, 488, 1, 7, 1
116, 2, 172, 59, 544, 488, 1, 7, 1
117, 2, 172, 59, 545, 488, 1, 7, 1
118, 2, 172, 60, 544, 486, 1, 7, 1
119, 2, 172, 61, 545, 486, 1, 7, 1
120, 2, 172, 62, 543, 484, 1, 7, 1
121, 2, 173, 63, 544, 483, 1, 7, 1
122, 2, 174, 64, 543, 483, 1, 7, 1
123, 2, 174, 63, 541, 483, 1, 7, 1
124, 2, 172, 63, 543, 483, 1, 7, 1
125, 2, 173, 63, 544, 483, 1, 7, 1
126, 2, 174, 63, 543, 484, 1, 7, 1
127, 2, 174, 63, 541, 485, 1, 7, 1
128, 2, 173, 63, 544, 484, 1, 7, 1
129, 2, 172, 62, 545, 486, 1, 7, 1
130, 2, 174, 62, 541, 485, 1, 7, 1
131, 2, 174, 62, 541, 485, 1, 7, 1
132, 2, 173, 60, 543, 487, 1, 7, 1
133, 2, 173, 58, 544, 489, 1, 7, 1
134, 2, 171, 58, 546, 490, 1, 7, 1
135, 2, 172, 57, 544, 491, 1, 7, 1
136, 2, 172, 56, 546, 492, 1, 7, 1
137, 2, 168, 54, 550, 492, 1, 7, 1
138, 2, 170, 52, 547, 494, 1, 7, 1
139, 2, 170, 50, 548, 496, 1, 7, 1
140, 2, 171, 49, 546, 498, 1, 7, 1
141, 2, 171, 48, 547, 498, 1, 7, 1
142, 2, 168, 46, 550, 501, 1, 7, 1
143, 2, 169, 45, 549, 501, 1, 7, 1
144, 2, 167, 44, 551, 503, 1, 7, 1
145, 2, 166, 42, 552, 504, 1, 7, 1
146, 2, 166, 41, 552, 504, 1, 7, 1
147, 2, 164, 38, 554, 508, 1, 7, 1
148, 2, 164, 35, 553, 512, 1, 7, 1
149, 2, 162, 34, 556, 513, 1, 7, 1
150, 2, 158, 32, 560, 514, 1, 7, 1
151, 2, 159, 31, 557, 516, 1, 7, 1
152, 2, 160, 29, 556, 518, 1, 7, 1
153, 2, 159, 29, 559, 517, 1, 7, 1
154, 2, 160, 27, 557, 519, 1, 7, 1
155, 2, 158, 27, 559, 519, 1, 7, 1
156, 2, 159, 25, 558, 521, 1, 7, 1
157, 2, 159, 25, 558, 521, 1, 7, 1
158, 2, 172, 24, 545, 522, 1, 7, 1
159, 2, 172, 23, 544, 523, 1, 7, 1
160, 2, 172, 22, 545, 525, 1, 7, 1
161, 2, 171, 22, 546, 524, 1, 7, 1
162, 2, 171, 22, 545, 525, 1, 7, 1
163, 2, 169, 22, 546, 524, 1, 7, 1
164, 2, 174, 22, 541, 524, 1, 7, 1
165, 2, 172, 22, 542, 525, 1, 7, 1
166, 2, 171, 22, 543, 524, 1, 7, 1
167, 2, 170, 22, 543, 525, 1, 7, 1
168, 2, 162, 22, 552, 524, 1, 7, 1
169, 2, 167, 22, 547, 525, 1, 7, 1
170, 2, 165, 23, 548, 525, 1, 7, 1
171, 2, 165, 22, 549, 525, 1, 7, 1
172, 2, 175, 22, 540, 525, 1, 7, 1
173, 2, 171, 22, 543, 526, 1, 7, 1
174, 2, 175, 21, 541, 526, 1, 7, 1
175, 2, 183, 22, 533, 526, 1, 7, 1
176, 2, 183, 25, 535, 522, 1, 7, 1
177, 2, 182, 26, 535, 521, 1, 7, 1
178, 2, 191, 26, 525, 521, 1, 7, 1
179, 2, 194, 26, 521, 522, 1, 7, 1
180, 2, 205, 27, 509, 519, 1, 7, 1
181, 2, 211, 27, 505, 519, 1, 7, 1
182, 2, 219, 26, 495, 520, 1, 7, 1
183, 2, 229, 27, 485, 518, 1, 7, 1
184, 2, 232, 28, 483, 519, 1, 7, 1
185, 2, 245, 30, 470, 516, 1, 7, 1
186, 2, 249, 32, 463, 514, 1, 7, 1
187, 2, 263, 32, 447, 515, 1, 7, 1
188, 2, 272, 35, 437, 512, 1, 7, 1
189, 2, 276, 37, 433, 509, 1, 7, 1
190, 2, 288, 40, 421, 507, 1, 7, 1
191, 2, 300, 42, 407, 504, 1, 7, 1
192, 2, 303, 45, 402, 501, 1, 7, 1
193, 2, 314, 49, 390, 497, 1, 7, 1
194, 2, 323, 50, 378, 497, 1, 7, 1
195, 2, 335, 53, 364, 494, 1, 7, 1
196, 2, 343, 56, 352, 491, 1, 7, 1
197, 2, 353, 60, 341, 486, 1, 7, 1
198, 2, 366, 67, 323, 478, 1, 7, 1
199, 2, 370, 70, 318, 476, 1, 7, 1
200, 2, 384, 72, 301, 473, 1, 7, 1
201, 2, 391, 76, 292, 469, 1, 7, 1
202, 2, 400, 83, 280, 463, 1, 7, 1
203, 2, 408, 89, 270, 452, 1, 7, 1
204, 2, 417, 96, 260, 448, 1, 7, 1
205, 2, 427, 104, 247, 440, 1, 7, 1
206, 2, 432, 111, 240, 432, 1, 7, 1
207, 2, 441, 120, 227, 423, 1, 7, 1
208, 2, 449, 129, 217, 414, 1, 7, 1
209, 2, 453, 139, 211, 404, 1, 7, 1
210, 2, 456, 148, 206, 396, 1, 7, 1
211, 2, 456, 159, 201, 384, 1, 7, 1
212, 2, 455, 171, 202, 373, 1, 7, 1
213, 2, 457, 180, 197, 363, 1, 7, 1
214, 2, 456, 193, 197, 353, 1, 7, 1
215, 2, 456, 203, 195, 342, 1, 7, 1
216, 2, 455, 216, 194, 330, 1, 7, 1
217, 2, 456, 226, 190, 320, 1, 7, 1
218, 2, 456, 233, 189, 313, 1, 7, 1
219, 2, 456, 241, 188, 306, 1, 7, 1
220, 2, 456, 255, 187, 292, 1, 7, 1
221, 2, 456, 265, 184, 282, 1, 7, 1
222, 2, 458, 272, 182, 275, 1, 7, 1
223, 2, 458, 280, 181, 267, 1, 7, 1
224, 2, 456, 288, 182, 258, 1, 7, 1
225, 2, 457, 293, 180, 253, 1, 7, 1
226, 2, 456, 296, 181, 251, 1, 7, 1
227, 2, 455, 299, 181, 247, 1, 7, 1
228, 2, 454, 300, 181, 246, 1, 7, 1
229, 2, 455, 301, 179, 245, 1, 7, 1
230, 2, 455, 302, 179, 243, 1, 7, 1
231, 2, 456, 301, 178, 244, 1, 7, 1
232, 2, 455, 303, 179, 243, 1, 7, 1
233, 2, 456, 303, 178, 243, 1, 7, 1
234, 2, 455, 302, 179, 246, 1, 7, 1
235, 2, 455, 302, 178, 246, 1, 7, 1
236, 2, 456, 303, 178, 245, 1, 7, 1
237, 2, 456, 302, 178, 245, 1, 7, 1
238, 2, 456, 302, 177, 246, 1, 7, 1
239, 2, 456, 301, 178, 245, 1, 7, 1
240, 2, 456, 302, 179, 245, 1, 7, 1
241, 2, 455, 301, 181, 246, 1, 7, 1
242, 2, 456, 302, 179, 244, 1, 7, 1
243, 2, 455, 301, 180, 245, 1, 7, 1
244, 2, 455, 302, 181, 244, 1, 7, 1
245, 2, 456, 302, 181, 244, 1, 7, 1
246, 2, 455, 302, 180, 244, 1, 7, 1
247, 2, 456, 303, 180, 243, 1, 7, 1
248, 2, 455, 301, 180, 245, 1, 7, 1
249, 2, 455, 302, 182, 244, 1, 7, 1
250, 2, 456, 304, 181, 243, 1, 7, 1
251, 2, 456, 304, 182, 243, 1, 7, 1
252, 2, 454, 303, 184, 242, 1, 7, 1
253, 2, 455, 303, 182, 243, 1, 7, 1
254, 2, 455, 304, 183, 242, 1, 7, 1
255, 2, 454, 304, 183, 242, 1, 7, 1
256, 2, 454, 304, 183, 241, 1, 7, 1
257, 2, 454, 304, 184, 242, 1, 7, 1
258, 2, 455, 304, 182, 242, 1, 7, 1
259, 2, 455, 303, 182, 242, 1, 7, 1
260, 2, 456, 303, 181, 243, 1, 7, 1
261, 2, 455, 301, 183, 245, 1, 7, 1
262, 2, 454, 300, 184, 246, 1, 7, 1
263, 2, 456, 299, 182, 247, 1, 7, 1
264, 2, 457, 298, 181, 247, 1, 7, 1
265, 2, 456, 298, 181, 248, 1, 7, 1
266, 2, 456, 296, 181, 251, 1, 7, 1
267, 2, 456, 297, 182, 248, 1, 7, 1
268, 2, 456, 297, 182, 250, 1, 7, 1
269, 2, 457, 297, 180, 250, 1, 7, 1
270, 2, 457, 297, 179, 249, 1, 7, 1
271, 2, 456, 297, 179, 250, 1, 7, 1
272, 2, 455, 296, 181, 250, 1, 7, 1
273, 2, 456, 297, 179, 250, 1, 7, 1
274, 2, 455, 299, 180, 248, 1, 7, 1
275, 2, 455, 297, 179, 249, 1, 7, 1
276, 2, 455, 297, 178, 249, 1, 7, 1
277, 2, 454, 296, 178, 250, 1, 7, 1
278, 2, 455, 298, 177, 248, 1, 7, 1
279, 2, 454, 298, 178, 248, 1, 7, 1
280, 2, 455, 297, 177, 249, 1, 7, 1
281, 2, 455, 295, 177, 251, 1, 7, 1
282, 2, 455, 297, 178, 248, 1, 7, 1
283, 2, 456, 295, 178, 251, 1, 7, 1
284, 2, 456, 294, 179, 252, 1, 7, 1
285, 2, 455, 295, 179, 252, 1, 7, 1
286, 2, 456, 294, 179, 251, 1, 7, 1
287, 2, 455, 290, 179, 256, 1, 7, 1
288, 2, 455, 289, 180, 257, 1, 7, 1
289, 2, 454, 290, 180, 255, 1, 7, 1
290, 2, 454, 290, 181, 255, 1, 7, 1
291, 2, 456, 289, 179, 257, 1, 7, 1
292, 2, 456, 289, 179, 257, 1, 7, 1
293, 2, 454, 287, 183, 258, 1, 7, 1
294, 2, 453, 288, 188, 257, 1, 7, 1
295, 2, 451, 290, 195, 253, 1, 7, 1
296, 2, 449, 291, 199, 252, 1, 7, 1
297, 2, 447, 291, 207, 252, 1, 7, 1
298, 2, 444, 292, 214, 251, 1, 7, 1
299, 2, 443, 294, 217, 250, 1, 7, 1
300, 2, 442, 297, 222, 246, 1, 7, 1
301, 2, 439, 300, 229, 244, 1, 7, 1
302, 2, 439, 301, 233, 245, 1, 7, 1
303, 2, 438, 303, 240, 243, 1, 7, 1
304, 2, 438, 306, 242, 240, 1, 7, 1
305, 2, 437, 308, 247, 237, 1, 7, 1
306, 2, 435, 311, 253, 236, 1, 7, 1
307, 2, 433, 313, 259, 234, 1, 7, 1
308, 2, 432, 314, 265, 233, 1, 7, 1
309, 2, 433, 316, 268, 232, 1, 7, 1
310, 2, 432, 315, 274, 232, 1, 7, 1
311, 2, 432, 316, 275, 230, 1, 7, 1
312, 2, 429, 318, 280, 229, 1, 7, 1
313, 2, 429, 320, 284, 226, 1, 7, 1
314, 2, 428, 320, 291, 226, 1, 7, 1
315, 2, 426, 319, 296, 226, 1, 7, 1
316, 2, 427, 322, 299, 223, 1, 7, 1
317, 2, 424, 324, 306, 223, 1, 7, 1
318, 2, 424, 323, 310, 224, 1, 7, 1
319, 2, 423, 322, 313, 224, 1, 7, 1
320, 2, 421, 321, 318, 224, 1, 7, 1
321, 2, 420, 321, 322, 224, 1, 7, 1
322, 2, 420, 323, 324, 223, 1, 7, 1
323, 2, 419, 323, 327, 222, 1, 7, 1
324, 2, 417, 321, 330, 224, 1, 7, 1
325, 2, 419, 322, 328, 223, 1, 7, 1
326, 2, 418, 322, 330, 224, 1, 7, 1
327, 2, 423, 323, 325, 223, 1, 7, 1
328, 2, 419, 323, 328, 223, 1, 7, 1
329, 2, 419, 323, 326, 223, 1, 7, 1
330, 2, 420, 324, 325, 222, 1, 7, 1
331, 2, 420, 326, 324, 221, 1, 7, 1
332, 2, 420, 324, 323, 222, 1, 7, 1
333, 2, 421, 324, 321, 223, 1, 7, 1
334, 2, 420, 325, 322, 222, 1, 7, 1
335, 2, 420, 325, 322, 222, 1, 7, 1
336, 2, 421, 323, 321, 225, 1, 7, 1
337, 2, 421, 322, 321, 227, 1, 7, 1
338, 2, 420, 322, 322, 227, 1, 7, 1
339, 2, 421, 321, 320, 226, 1, 7, 1
340, 2, 421, 320, 320, 226, 1, 7, 1
341, 2, 424, 319, 317, 228, 1, 7, 1
342, 2, 420, 319, 321, 227, 1, 7, 1
343, 2, 420, 319, 321, 226, 1, 7, 1
344, 2, 421, 318, 320, 227, 1, 7, 1
345, 2, 421, 318, 319, 227, 1, 7, 1
346, 2, 421, 317, 320, 228, 1, 7, 1
347, 2, 420, 317, 320, 228, 1, 7, 1
348, 2, 421, 317, 319, 227, 1, 7, 1
349, 2, 420, 317, 320, 227, 1, 7, 1
350, 2, 420, 318, 322, 226, 1, 7, 1
351, 2, 421, 317, 321, 227, 1, 7, 1
352, 2, 422, 318, 320, 227, 1, 7, 1
353, 2, 420, 318, 322, 226, 1, 7, 1
354, 2, 421, 317, 322, 226, 1, 7, 1
355, 2, 422, 317, 322, 226, 1, 7, 1
356, 2, 421, 318, 323, 225, 1, 7, 1
357, 2, 421, 318, 323, 225, 1, 7, 1
358, 2, 420, 318, 323, 226, 1, 7, 1
359, 2, 421, 318, 324, 225, 1, 7, 1
360, 2, 421, 318, 324, 225, 1, 7, 1
361, 2, 421, 318, 322, 226, 1, 7, 1
362, 2, 421, 318, 323, 226, 1, 7, 1
363, 2, 422, 319, 321, 226, 1, 7, 1
364, 2, 421, 320, 322, 224, 1, 7, 1
365, 2, 421, 321, 323, 224, 1, 7, 1
366, 2, 422, 322, 323, 223, 1, 7, 1
367, 2, 422, 323, 322, 224, 1, 7, 1
368, 2, 422, 324, 323, 222, 1, 7, 1
369, 2, 422, 323, 321, 225, 1, 7, 1
370, 2, 422, 324, 321, 224, 1, 7, 1
371, 2, 423, 323, 322, 224, 1, 7, 1
372, 2, 423, 322, 321, 226, 1, 7, 1
373, 2, 422, 322, 323, 226, 1, 7, 1
374, 2, 423, 321, 321, 226, 1, 7, 1
375, 2, 423, 320, 321, 227, 1, 7, 1
376, 2, 422, 321, 322, 226, 1, 7, 1
377, 2, 422, 320, 323, 227, 1, 7, 1
378, 2, 421, 321, 323, 226, 1, 7, 1
379, 2, 421, 320, 322, 227, 1, 7, 1
380, 2, 422, 319, 323, 227, 1, 7, 1
381, 2, 422, 318, 323, 228, 1, 7, 1
382, 2, 422, 319, 324, 226, 1, 7, 1
383, 2, 422, 318, 325, 228, 1, 7, 1
384, 2, 421, 318, 325, 227, 1, 7, 1
385, 2, 422, 317, 327, 228, 1, 7, 1
386, 2, 421, 317, 328, 228, 1, 7, 1
387, 2, 425, 317, 324, 228, 1, 7, 1
388, 2, 421, 317, 328, 228, 1, 7, 1
389, 2, 421, 316, 327, 229, 1, 7, 1
390, 2, 421, 316, 327, 230, 1, 7, 1
391, 2, 421, 316, 328, 230, 1, 7, 1
392, 2, 420, 315, 328, 232, 1, 7, 1
393, 2, 421, 314, 327, 233, 1, 7, 1
394, 2, 420, 314, 328, 232, 1, 7, 1
395, 2, 421, 312, 325, 235, 1, 7, 1
396, 2, 422, 312, 325, 234, 1, 7, 1
397, 2, 420, 309, 328, 238, 1, 7, 1
398, 2, 421, 306, 326, 241, 1, 7, 1
399, 2, 421, 305, 326, 242, 1, 7, 1
400, 2, 420, 304, 328, 242, 1, 7, 1
401, 2, 421, 302, 326, 243, 1, 7, 1
402, 2, 420, 303, 326, 242, 1, 7, 1
403, 2, 421, 300, 324, 246, 1, 7, 1
404, 2, 422, 299, 322, 245, 1, 7, 1
405, 2, 419, 296, 325, 248, 1, 7, 1
406, 2, 422, 296, 320, 248, 1, 7, 1
407, 2, 420, 292, 321, 251, 1, 7, 1
408, 2, 420, 289, 319, 255, 1, 7, 1
409, 2, 421, 288, 316, 256, 1, 7, 1
410, 2, 421, 283, 314, 262, 1, 7, 1
411, 2, 423, 281, 311, 265, 1, 7, 1
412, 2, 424, 277, 307, 268, 1, 7, 1
413, 2, 424, 273, 305, 270, 1, 7, 1
414, 2, 423, 267, 304, 277, 1, 7, 1
415, 2, 425, 265, 299, 279, 1, 7, 1
416, 2, 425, 259, 298, 286, 1, 7, 1
417, 2, 427, 254, 293, 291, 1, 7, 1
418, 2, 427, 247, 291, 298, 1, 7, 1
419, 2, 428, 243, 289, 303, 1, 7, 1
420, 2, 429, 239, 282, 308, 1, 7, 1
421, 2, 429, 234, 278, 312, 1, 7, 1
422, 2, 432, 230, 273, 316, 1, 7, 1
423, 2, 433, 222, 270, 325, 1, 7, 1
424, 2, 434, 220, 261, 326, 1, 7, 1
425, 2, 433, 216, 257, 331, 1, 7, 1
426, 2, 435, 210, 252, 337, 1, 7, 1
427, 2, 436, 204, 248, 343, 1, 7, 1
428, 2, 440, 199, 238, 348, 1, 7, 1
429, 2, 441, 196, 232, 348, 1, 7, 1
430, 2, 442, 191, 227, 356, 1, 7, 1
431, 2, 444, 190, 220, 356, 1, 7, 1
432, 2, 445, 183, 214, 363, 1, 7, 1
433, 2, 446, 180, 208, 366, 1, 7, 1
434, 2, 448, 176, 203, 369, 1, 7, 1
435, 2, 451, 173, 194, 371, 1, 7, 1
436, 2, 452, 168, 189, 376, 1, 7, 1
437, 2, 456, 163, 182, 381, 1, 7, 1
438, 2, 457, 161, 179, 383, 1, 7, 1
439, 2, 458, 156, 178, 388, 1, 7, 1
440, 2, 458, 152, 178, 392, 1, 7, 1
441, 2, 456, 151, 179, 392, 1, 7, 1
442, 2, 457, 149, 179, 396, 1, 7, 1
443, 2, 455, 145, 180, 398, 1, 7, 1
444, 2, 456, 142, 181, 402, 1, 7, 1
445, 2, 457, 141, 181, 402, 1, 7, 1
446, 2, 455, 141, 184, 403, 1, 7, 1
447, 2, 455, 139, 189, 405, 1, 7, 1
448, 2, 456, 138, 192, 405, 1, 7, 1
449, 2, 456, 135, 194, 409, 1, 7, 1
450, 2, 456, 135, 197, 409, 1, 7, 1
451, 2, 455, 132, 201, 411, 1, 7, 1
452, 2, 454, 129, 205, 415, 1, 7, 1
453, 2, 456, 128, 207, 416, 1, 7, 1
454, 2, 455, 126, 212, 416, 1, 7, 1
455, 2, 455, 126, 216, 419, 1, 7, 1
456, 2, 455, 124, 218, 420, 1, 7, 1
457, 2, 455, 124, 221, 419, 1, 7, 1
458, 2, 449, 122, 229, 424, 1, 7, 1
459, 2, 445, 120, 237, 425, 1, 7, 1
460, 2, 436, 119, 248, 425, 1, 7, 1
461, 2, 430, 117, 256, 427, 1, 7, 1
462, 2, 422, 114, 268, 432, 1, 7, 1
463, 2, 414, 113, 278, 434, 1, 7, 1
464, 2, 405, 112, 289, 433, 1, 7, 1
465, 2, 396, 110, 300, 436, 1, 7, 1
466, 2, 389, 111, 309, 434, 1, 7, 1
467, 2, 383, 112, 316, 435, 1, 7, 1
468, 2, 377, 107, 324, 439, 1, 7, 1
469, 2, 368, 107, 336, 439, 1, 7, 1
470, 2, 359, 107, 344, 438, 1, 7, 1
471, 2, 352, 107, 351, 439, 1, 7, 1
472, 2, 346, 108, 359, 436, 1, 7, 1
473, 2, 337, 107, 369, 436, 1, 7, 1
474, 2, 328, 107, 379, 436, 1, 7, 1
475, 2, 322, 107, 387, 436, 1, 7, 1
476, 2, 319, 108, 389, 434, 1, 7, 1
477, 2, 314, 107, 396, 436, 1, 7, 1
478, 2, 309, 107, 401, 436, 1, 7, 1
479, 2, 308, 107, 404, 437, 1, 7, 1
480, 2, 304, 104, 408, 441, 1, 7, 1
481, 2, 300, 103, 414, 442, 1, 7, 1
482, 2, 296, 103, 417, 442, 1, 7, 1
483, 2, 284, 103, 429, 441, 1, 7, 1
484, 2, 280, 104, 434, 439, 1, 7, 1
485, 2, 276, 103, 438, 441, 1, 7, 1
486, 2, 266, 100, 448, 444, 1, 7, 1
487, 2, 262, 100, 452, 444, 1, 7, 1
488, 2, 256, 100, 459, 444, 1, 7, 1
489, 2, 248, 99, 466, 446, 1, 7, 1
490, 2, 242, 98, 473, 448, 1, 7, 1
491, 2, 238, 97, 477, 448, 1, 7, 1
492, 2, 234, 97, 481, 449, 1, 7, 1
493, 2, 222, 96, 493, 451, 1, 7, 1
494, 2, 218, 94, 499, 452, 1, 7, 1
495, 2, 209, 95, 507, 452, 1, 7, 1
496, 2, 198, 95, 518, 452, 1, 7, 1
497, 2, 192, 95, 524, 451, 1, 7, 1
498, 2, 188, 94, 528, 452, 1, 7, 1
499, 2, 187, 94, 529, 453, 1, 7, 1
500, 2, 188, 95, 529, 451, 1, 7, 1
501, 2, 177, 96, 535, 451, 1, 7, 1
502, 2, 175, 96, 542, 450, 1, 7, 1
503, 2, 177, 96, 539, 450, 1, 7, 1
504, 2, 172, 94, 544, 453, 1, 7, 1
505, 2, 173, 93, 542, 454, 1, 7, 1
506, 2, 166, 95, 550, 450, 1, 7, 1
507, 2, 162, 95, 553, 451, 1, 7, 1
508, 2, 162, 96, 553, 451, 1, 7, 1
509, 2, 162, 95, 551, 452, 1, 7, 1
510, 2, 162, 91, 551, 455, 1, 7, 1
511, 2, 162, 89, 552, 458, 1, 7, 1
512, 2, 156, 89, 558, 459, 1, 7, 1
513, 2, 158, 87, 554, 461, 1, 7, 1
514, 2, 159, 86, 555, 460, 1, 7, 1
515, 2, 157, 85, 556, 462, 1, 7, 1
516, 2, 156, 86, 557, 461, 1, 7, 1
517, 2, 153, 85, 561, 462, 1, 7, 1
518, 2, 150, 84, 563, 463, 1, 7, 1
519, 2, 149, 83, 565, 464, 1, 7, 1
520, 2, 152, 83, 561, 463, 1, 7, 1
521, 2, 149, 82, 563, 464, 1, 7, 1
522, 2, 151, 81, 562, 466, 1, 7, 1
523, 2, 148, 81, 565, 465, 1, 7, 1
524, 2, 145, 81, 569, 465, 1, 7, 1
525, 2, 146, 81, 567, 465, 1, 7, 1
526, 2, 150, 81, 566, 464, 1, 7, 1
527, 2, 153, 80, 563, 466, 1, 7, 1
528, 2, 153, 81, 564, 465, 1, 7, 1
529, 2, 158, 81, 559, 465, 1, 7, 1
530, 2, 158, 78, 558, 467, 1, 7, 1
531, 2, 163, 79, 552, 466, 1, 7, 1
532, 2, 158, 78, 559, 468, 1, 7, 1
533, 2, 156, 78, 559, 467, 1, 7, 1
534, 2, 157, 78, 560, 467, 1, 7, 1
535, 2, 147, 78, 570, 467, 1, 7, 1
536, 2, 151, 78, 565, 467, 1, 7, 1
537, 2, 143, 79, 575, 465, 1, 7, 1
538, 2, 137, 79, 581, 466, 1, 7, 1
539, 2, 127, 78, 590, 467, 1, 7, 1
540, 2, 128, 78, 588, 468, 1, 7, 1
541, 2, 127, 78, 590, 467, 1, 7, 1
542, 2, 130, 78, 586, 467, 1, 7, 1
543, 2, 129, 78, 589, 467, 1, 7, 1
544, 2, 126, 78, 586, 468, 1, 7, 1
545, 2, 128, 78, 588, 467, 1, 7, 1
546, 2, 130, 78, 587, 466, 1, 7, 1
547, 2, 130, 78, 587, 468, 1, 7, 1
548, 2, 135, 78, 581, 467, 1, 7, 1
549, 2, 137, 77, 580, 469, 1, 7, 1
550, 2, 137, 76, 574, 469, 1, 7, 1
551, 2, 140, 74, 577, 472, 1, 7, 1
552, 2, 141, 73, 576, 472, 1, 7, 1
553, 2, 142, 71, 575, 475, 1, 7, 1
554, 2, 148, 71, 571, 474, 1, 7, 1
555, 2, 150, 69, 568, 477, 1, 7, 1
556, 2, 152, 69, 567, 476, 1, 7, 1
557, 2, 155, 67, 563, 479, 1, 7, 1
558, 2, 159, 66, 558, 480, 1, 7, 1
559, 2, 159, 66, 559, 479, 1, 7, 1
560, 2, 166, 66, 552, 479, 1, 7, 1
561, 2, 171, 65, 547, 480, 1, 7, 1
562, 2, 172, 65, 546, 480, 1, 7, 1
563, 2, 174, 68, 543, 478, 1, 7, 1
564, 2, 175, 67, 543, 478, 1, 7, 1
565, 2, 167, 69, 551, 476, 1, 7, 1
566, 2, 178, 69, 540, 476, 1, 7, 1
567, 2, 172, 69, 546, 476, 1, 7, 1
568, 2, 162, 68, 555, 478, 1, 7, 1
569, 2, 161, 69, 556, 476, 1, 7, 1
570, 2, 162, 67, 556, 479, 1, 7, 1
571, 2, 163, 68, 556, 478, 1, 7, 1
572, 2, 161, 68, 557, 478, 1, 7, 1
573, 2, 163, 66, 554, 479, 1, 7, 1
574, 2, 165, 65, 552, 481, 1, 7, 1
575, 2, 163, 65, 556, 481, 1, 7, 1
576, 2, 163, 65, 556, 481, 1, 7, 1
577, 2, 162, 64, 555, 483, 1, 7, 1
578, 2, 161, 64, 557, 483, 1, 7, 1
579, 2, 159, 62, 558, 485, 1, 7, 1
580, 2, 160, 61, 558, 486, 1, 7, 1
581, 2, 160, 61, 558, 485, 1, 7, 1
582, 2, 163, 58, 554, 488, 1, 7, 1
583, 2, 163, 58, 555, 488, 1, 7, 1
584, 2, 161, 56, 556, 492, 1, 7, 1
585, 2, 164, 53, 554, 494, 1, 7, 1
586, 2, 170, 52, 549, 496, 1, 7, 1
587, 2, 171, 51, 547, 496, 1, 7, 1
588, 2, 174, 51, 545, 497, 1, 7, 1
589, 2, 175, 50, 543, 499, 1, 7, 1
590, 2, 175, 49, 544, 499, 1, 7, 1
591, 2, 176, 49, 542, 499, 1, 7, 1
592, 2, 176, 48, 543, 500, 1, 7, 1
593, 2, 177, 48, 542, 500, 1, 7, 1
594, 2, 179, 47, 539, 501, 1, 7, 1
595, 2, 180, 47, 538, 502, 1, 7, 1
596, 2, 184, 47, 534, 500, 1, 7, 1
597, 2, 184, 47, 534, 501, 1, 7, 1
598, 2, 188, 47, 531, 500, 1, 7, 1
599, 2, 192, 48, 526, 500, 1, 7, 1
600, 2, 193, 48, 525, 499, 1, 7, 1
601, 2, 196, 48, 521, 499, 1, 7, 1
602, 2, 194, 49, 524, 497, 1, 7, 1
603, 2, 200, 48, 518, 498, 1, 7, 1
604, 2, 199, 48, 518, 498, 1, 7, 1
605, 2, 197, 49, 521, 497, 1, 7, 1
606, 2, 202, 49, 515, 498, 1, 7, 1
607, 2, 200, 50, 517, 497, 1, 7, 1
608, 2, 203, 51, 514, 495, 1, 7, 1
609, 2, 202, 51, 516, 496, 1, 7, 1
610, 2, 202, 51, 515, 495, 1, 7, 1
611, 2, 203, 51, 515, 495, 1, 7, 1
612, 2, 203, 52, 515, 494, 1, 7, 1
613, 2, 203, 51, 515, 494, 1, 7, 1
614, 2, 201, 52, 517, 494, 1, 7, 1
615, 2, 202, 53, 515, 493, 1, 7, 1
616, 2, 200, 52, 517, 494, 1, 7, 1
617, 2, 197, 51, 520, 497, 1, 7, 1
618, 2, 196, 48, 522, 499, 1, 7, 1
619, 2, 193, 48, 525, 499, 1, 7, 1
620, 2, 195, 46, 524, 502, 1, 7, 1
621, 2, 195, 44, 523, 503, 1, 7, 1
622, 2, 195, 41, 523, 506, 1, 7, 1
623, 2, 193, 38, 523, 509, 1, 7, 1
624, 2, 194, 35, 523, 512, 1, 7, 1
625, 2, 194, 31, 523, 517, 1, 7, 1
626, 2, 197, 28, 522, 520, 1, 7, 1
627, 2, 202, 25, 517, 523, 1, 7, 1
628, 2, 205, 21, 512, 527, 1, 7, 1
629, 2, 209, 18, 509, 530, 1, 7, 1
630, 2, 209, 17, 509, 531, 1, 7, 1
631, 2, 212, 15, 505, 533, 1, 7, 1
632, 2, 219, 13, 499, 536, 1, 7, 1
633, 2, 222, 11, 494, 537, 1, 7, 1
634, 2, 224, 8, 493, 540, 1, 7, 1
635, 2, 229, 8, 488, 541, 1, 7, 1
636, 2, 233, 7, 485, 543, 1, 7, 1
637, 2, 234, 6, 483, 544, 1, 7, 1
638, 2, 242, 5, 476, 544, 1, 7, 1
639, 2, 245, 5, 473, 544, 1, 7, 1
640, 2, 248, 6, 469, 543, 1, 7, 1
641, 2, 251, 5, 466, 545, 1, 7, 1
642, 2, 253, 6, 465, 542, 1, 7, 1
643, 2, 254, 7, 464, 541, 1, 7, 1
644, 2, 256, 8, 462, 540, 1, 7, 1
645, 2, 258, 7, 459, 541, 1, 7, 1
646, 2, 258, 11, 460, 536, 1, 7, 1
647, 2, 256, 12, 461, 535, 1, 7, 1
648, 2, 255, 14, 463, 533, 1, 7, 1
649, 2, 251, 13, 466, 534, 1, 7, 1
650, 2, 249, 15, 469, 532, 1, 7, 1
651, 2, 250, 16, 467, 531, 1, 7, 1
652, 2, 249, 17, 468, 529, 1, 7, 1
653, 2, 249, 19, 468, 527, 1, 7, 1
654, 2, 249, 22, 469, 525, 1, 7, 1
655, 2, 249, 22, 468, 526, 1, 7, 1
656, 2, 247, 22, 470, 525, 1, 7, 1
657, 2, 246, 22, 472, 525, 1, 7, 1
658, 2, 248, 24, 468, 523, 1, 7, 1
659, 2, 247, 23, 471, 525, 1, 7, 1
660, 2, 246, 25, 473, 522, 1, 7, 1
661, 2, 247, 25, 471, 522, 1, 7, 1
662, 2, 247, 24, 470, 522, 1, 7, 1
663, 2, 248, 25, 470, 522, 1, 7, 1
664, 2, 247, 26, 471, 520, 1, 7, 1
665, 2, 245, 29, 473, 517, 1, 7, 1
666, 2, 244, 32, 473, 514, 1, 7, 1
667, 2, 244, 34, 473, 512, 1, 7, 1
668, 2, 243, 36, 474, 510, 1, 7, 1
669, 2, 241, 38, 476, 507, 1, 7, 1
670, 2, 240, 40, 477, 506, 1, 7, 1
671, 2, 240, 42, 477, 504, 1, 7, 1
672, 2, 238, 45, 479, 501, 1, 7, 1
673, 2, 239, 46, 479, 500, 1, 7, 1
674, 2, 241, 47, 476, 499, 1, 7, 1
675, 2, 240, 47, 478, 497, 1, 7, 1
676, 2, 239, 47, 477, 498, 1, 7, 1
677, 2, 239, 47, 478, 498, 1, 7, 1
678, 2, 248, 47, 469, 498, 1, 7, 1
679, 2, 249, 47, 468, 498, 1, 7, 1
680, 2, 250, 48, 466, 497, 1, 7, 1
681, 2, 253, 47, 465, 498, 1, 7, 1
682, 2, 250, 46, 468, 498, 1, 7, 1
683, 2, 245, 46, 472, 499, 1, 7, 1
684, 2, 245, 43, 470, 503, 1, 7, 1
685, 2, 247, 42, 470, 503, 1, 7, 1
686, 2, 252, 41, 464, 505, 1, 7, 1
687, 2, 246, 38, 471, 508, 1, 7, 1
688, 2, 244, 34, 472, 512, 1, 7, 1
689, 2, 244, 32, 473, 514, 1, 7, 1
690, 2, 243, 30, 474, 515, 1, 7, 1
691, 2, 243, 26, 474, 520, 1, 7, 1
692, 2, 245, 25, 472, 520, 1, 7, 1
693, 2, 242, 22, 476, 525, 1, 7, 1
694, 2, 242, 20, 477, 528, 1, 7, 1
695, 2, 243, 19, 475, 528, 1, 7, 1
696, 2, 242, 17, 477, 531, 1, 7, 1
697, 2, 239, 14, 480, 533, 1, 7, 1
698, 2, 239, 14, 480, 534, 1, 7, 1
699, 2, 234, 12, 484, 536, 1, 7, 1
700, 2, 234, 13, 485, 535, 1, 7, 1
701, 2, 234, 13, 484, 534, 1, 7, 1
702, 2, 232, 12, 486, 536, 1, 7, 1
703, 2, 231, 11, 487, 537, 1, 7, 1
704, 2, 229, 10, 490, 538, 1, 7, 1
705, 2, 228, 9, 492, 540, 1, 7, 1
706, 2, 226, 8, 494, 541, 1, 7, 1
707, 2, 223, 8, 496, 540, 1, 7, 1
708, 2, 223, 7, 497, 541, 1, 7, 1
709, 2, 221, 7, 497, 541, 1, 7, 1
710, 2, 221, 7, 499, 541, 1, 7, 1
711, 2, 219, 6, 499, 543, 1, 7, 1
712, 2, 221, 6, 498, 542, 1, 7, 1
713, 2, 218, 6, 501, 542, 1, 7, 1
714, 2, 220, 6, 497, 543, 1, 7, 1
715, 2, 222, 6, 496, 543, 1, 7, 1
716, 2, 221, 5, 497, 542, 1, 7, 1
717, 2, 220, 5, 498, 542, 1, 7, 1
718, 2, 225, 6, 492, 542, 1, 7, 1
719, 2, 226, 6, 492, 541, 1, 7, 1
720, 2, 221, 6, 494, 541, 1, 7, 1
721, 2, 217, 5, 498, 544, 1, 7, 1
722, 2, 217, 6, 497, 541, 1, 7, 1
723, 2, 216, 6, 498, 541, 1, 7, 1
724, 2, 215, 7, 499, 540, 1, 7, 1
725, 2, 216, 6, 496, 541, 1, 7, 1
726, 2, 217, 7, 496, 541, 1, 7, 1
727, 2, 216, 7, 497, 541, 1, 7, 1
728, 2, 219, 7, 494, 541, 1, 7, 1
729, 2, 222, 7, 492, 541, 1, 7, 1
730, 2, 222, 7, 495, 541, 1, 7, 1
731, 2, 225, 8, 493, 540, 1, 7, 1
732, 2, 227, 9, 490, 539, 1, 7, 1
733, 2, 230, 11, 489, 536, 1, 7, 1
734, 2, 235, 12, 485, 535, 1, 7, 1
735, 2, 237, 11, 482, 536, 1, 7, 1
736, 2, 247, 13, 471, 534, 1, 7, 1
737, 2, 248, 13, 470, 533, 1, 7, 1
738, 2, 256, 15, 460, 531, 1, 7, 1
739, 2, 259, 15, 457, 530, 1, 7, 1
740, 2, 272, 17, 443, 528, 1, 7, 1
741, 2, 275, 18, 441, 527, 1, 7, 1
742, 2, 277, 19, 435, 528, 1, 7, 1
743, 2, 284, 22, 427, 523, 1, 7, 1
744, 2, 299, 23, 411, 522, 1, 7, 1
745, 2, 303, 23, 406, 523, 1, 7, 1
746, 2, 314, 27, 393, 519, 1, 7, 1
747, 2, 325, 27, 379, 520, 1, 7, 1
748, 2, 341, 29, 363, 518, 1, 7, 1
749, 2, 353, 26, 347, 520, 1, 7, 1
750, 2, 362, 26, 339, 521, 1, 7, 1