1, 1, 172, 241, 31, 96, 1, 1, 1
2, 1, 172, 242, 31, 95, 1, 1, 1
3, 1, 172, 242, 31, 97, 1, 1, 1
4, 1, 172, 243, 31, 96, 1, 1, 1
5, 1, 173, 243, 30, 96, 1, 1, 1
6, 1, 172, 243, 31, 97, 1, 1, 1
7, 1, 172, 243, 31, 97, 1, 1, 1
8, 1, 172, 243, 31, 97, 1, 1, 1
9, 1, 172, 243, 31, 97, 1, 1, 1
10, 1, 173, 243, 30, 97, 1, 1, 1
11, 1, 173, 243, 31, 97, 1, 1, 1
12, 1, 173, 243, 31, 97, 1, 1, 1
13, 1, 173, 243, 31, 97, 1, 1, 1
14, 1, 173, 243, 31, 97, 1, 1, 1
15, 1, 174, 243, 30, 97, 1, 1, 1
16, 1, 173, 243, 32, 97, 1, 1, 1
17, 1, 174, 243, 31, 96, 1, 1, 1
18, 1, 173, 243, 32, 98, 1, 1, 1
19, 1, 173, 244, 32, 98, 1, 1, 1
20, 1, 173, 244, 33, 99, 1, 1, 1
21, 1, 173, 244, 32, 99, 1, 1, 1
22, 1, 173, 244, 33, 100, 1, 1, 1
23, 1, 174, 245, 33, 100, 1, 1, 1
24, 1, 173, 245, 33, 100, 1, 1, 1
25, 1, 173, 246, 35, 99, 1, 1, 1
26, 1, 173, 246, 36, 98, 1, 1, 1
27, 1, 174, 245, 35, 100, 1, 1, 1
28, 1, 175, 245, 34, 100, 1, 1, 1
29, 1, 173, 245, 37, 100, 1, 1, 1
30, 1, 174, 245, 35, 99, 1, 1, 1
31, 1, 173, 246, 37, 98, 1, 1, 1
32, 1, 173, 246, 37, 98, 1, 1, 1
33, 1, 173, 246, 39, 97, 1, 1, 1
34, 1, 173, 246, 40, 97, 1, 1, 1
35, 1, 173, 246, 40, 97, 1, 1, 1
36, 1, 174, 246, 38, 97, 1, 1, 1
37, 1, 174, 246, 38, 99, 1, 1, 1
38, 1, 173, 246, 40, 96, 1, 1, 1
39, 1, 173, 246, 40, 99, 1, 1, 1
40, 1, 173, 246, 40, 96, 1, 1, 1
41, 1, 172, 247, 41, 98, 1, 1, 1
42, 1, 174, 247, 38, 98, 1, 1, 1
43, 1, 175, 248, 36, 97, 1, 1, 1
44, 1, 174, 248, 39, 100, 1, 1, 1
45, 1, 174, 249, 39, 100, 1, 1, 1
46, 1, 175, 248, 38, 101, 1, 1, 1
47, 1, 175, 249, 38, 101, 1, 1, 1
48, 1, 175, 249, 38, 100, 1, 1, 1
49, 1, 176, 249, 37, 100, 1, 1, 1
50, 1, 177, 249, 37, 98, 1, 1, 1
51, 1, 177, 249, 37, 98, 1, 1, 1
52, 1, 176, 248, 40, 101, 1, 1, 1
53, 1, 177, 248, 39, 100, 1, 1, 1
54, 1, 177, 249, 38, 99, 1, 1, 1
55, 1, 178, 249, 37, 100, 1, 1, 1
56, 1, 177, 250, 39, 99, 1, 1, 1
57, 1, 178, 250, 38, 100, 1, 1, 1
58, 1, 177, 250, 40, 101, 1, 1, 1
59, 1, 177, 251, 40, 102, 1, 1, 1
60, 1, 177, 251, 41, 102, 1, 1, 1
61, 1, 177, 251, 41, 102, 1, 1, 1
62, 1, 179, 251, 40, 102, 1, 1, 1
63, 1, 179, 251, 39, 102, 1, 1, 1
64, 1, 178, 251, 41, 101, 1, 1, 1
65, 1, 179, 251, 40, 100, 1, 1, 1
66, 1, 180, 250, 40, 103, 1, 1, 1
67, 1, 179, 251, 40, 102, 1, 1, 1
68, 1, 179, 250, 40, 102, 1, 1, 1
69, 1, 180, 250, 40, 103, 1, 1, 1
70, 1, 179, 250, 41, 103, 1, 1, 1
71, 1, 180, 250, 39, 103, 1, 1, 1
72, 1, 179, 250, 40, 102, 1, 1, 1
73, 1, 181, 251, 39, 102, 1, 1, 1
74, 1, 180, 251, 39, 102, 1, 1, 1
75, 1, 181, 251, 39, 103, 1, 1, 1
76, 1, 181, 252, 39, 105, 1, 1, 1
77, 1, 181, 253, 39, 103, 1, 1, 1
78, 1, 182, 253, 39, 101, 1, 1, 1
79, 1, 183, 253, 37, 102, 1, 1, 1
80, 1, 183, 253, 37, 103, 1, 1, 1
81, 1, 183, 253, 38, 104, 1, 1, 1
82, 1, 183, 253, 38, 104, 1, 1, 1
83, 1, 183, 253, 38, 102, 1, 1, 1
84, 1, 184, 253, 38, 102, 1, 1, 1
85, 1, 183, 253, 40, 103, 1, 1, 1
86, 1, 184, 253, 38, 103, 1, 1, 1
87, 1, 183, 253, 40, 103, 1, 1, 1
88, 1, 184, 253, 38, 103, 1, 1, 1
89, 1, 183, 253, 40, 108, 1, 1, 1
90, 1, 184, 253, 38, 107, 1, 1, 1
91, 1, 185, 254, 37, 107, 1, 1, 1
92, 1, 185, 254, 38, 109, 1, 1, 1
93, 1, 185, 254, 40, 109, 1, 1, 1
94, 1, 185, 255, 40, 106, 1, 1, 1
95, 1, 185, 255, 42, 107, 1, 1, 1
96, 1, 185, 254, 41, 109, 1, 1, 1
97, 1, 185, 254, 41, 109, 1, 1, 1
98, 1, 186, 254, 40, 108, 1, 1, 1
99, 1, 188, 254, 38, 107, 1, 1, 1
100, 1, 186, 253, 40, 110, 1, 1, 1
101, 1, 186, 253, 40, 110, 1, 1, 1
102, 1, 186, 253, 40, 110, 1, 1, 1
103, 1, 186, 253, 40, 110, 1, 1, 1
104, 1, 186, 253, 41, 110, 1, 1, 1
105, 1, 187, 253, 40, 109, 1, 1, 1
106, 1, 186, 253, 42, 110, 1, 1, 1
107, 1, 186, 253, 42, 110, 1, 1, 1
108, 1, 187, 253, 40, 110, 1, 1, 1
109, 1, 187, 253, 41, 111, 1, 1, 1
110, 1, 189, 254, 38, 110, 1, 1, 1
111, 1, 187, 254, 40, 110, 1, 1, 1
112, 1, 188, 255, 38, 110, 1, 1, 1
113, 1, 190, 255, 35, 111, 1, 1, 1
114, 1, 191, 255, 34, 110, 1, 1, 1
115, 1, 191, 255, 33, 110, 1, 1, 1
116, 1, 191, 256, 33, 110, 1, 1, 1
117, 1, 192, 256, 31, 109, 1, 1, 1
118, 1, 192, 256, 31, 109, 1, 1, 1
119, 1, 193, 257, 30, 108, 1, 1, 1
120, 1, 194, 257, 29, 108, 1, 1, 1
121, 1, 194, 256, 29, 109, 1, 1, 1
122, 1, 194, 256, 29, 108, 1, 1, 1
123, 1, 195, 256, 28, 109, 1, 1, 1
124, 1, 195, 256, 28, 108, 1, 1, 1
125, 1, 195, 256, 28, 108, 1, 1, 1
126, 1, 195, 256, 28, 108, 1, 1, 1
127, 1, 195, 256, 27, 109, 1, 1, 1
128, 1, 195, 256, 27, 108, 1, 1, 1
129, 1, 195, 256, 27, 108, 1, 1, 1
130, 1, 195, 255, 26, 109, 1, 1, 1
131, 1, 195, 256, 26, 108, 1, 1, 1
132, 1, 195, 256, 26, 108, 1, 1, 1
133, 1, 194, 256, 26, 108, 1, 1, 1
134, 1, 195, 256, 25, 108, 1, 1, 1
135, 1, 195, 256, 25, 108, 1, 1, 1
136, 1, 194, 256, 26, 108, 1, 1, 1
137, 1, 194, 256, 27, 108, 1, 1, 1
138, 1, 195, 255, 26, 109, 1, 1, 1
139, 1, 195, 255, 26, 109, 1, 1, 1
140, 1, 195, 256, 26, 108, 1, 1, 1
141, 1, 195, 256, 27, 108, 1, 1, 1
142, 1, 195, 255, 27, 109, 1, 1, 1
143, 1, 195, 255, 27, 109, 1, 1, 1
144, 1, 195, 255, 27, 109, 1, 1, 1
145, 1, 195, 255, 26, 109, 1, 1, 1
146, 1, 195, 255, 26, 109, 1, 1, 1
147, 1, 195, 255, 26, 109, 1, 1, 1
148, 1, 195, 255, 26, 109, 1, 1, 1
149, 1, 195, 255, 25, 109, 1, 1, 1
150, 1, 195, 255, 24, 110, 1, 1, 1
151, 1, 195, 255, 24, 110, 1, 1, 1
152, 1, 195, 255, 24, 110, 1, 1, 1
153, 1, 194, 255, 26, 110, 1, 1, 1
154, 1, 194, 255, 25, 110, 1, 1, 1
155, 1, 194, 255, 25, 110, 1, 1, 1
156, 1, 194, 255, 25, 110, 1, 1, 1
157, 1, 194, 255, 25, 110, 1, 1, 1
158, 1, 194, 255, 25, 110, 1, 1, 1
159, 1, 194, 256, 26, 109, 1, 1, 1
160, 1, 194, 256, 26, 109, 1, 1, 1
161, 1, 194, 256, 26, 108, 1, 1, 1
162, 1, 194, 256, 26, 109, 1, 1, 1
163, 1, 194, 256, 26, 109, 1, 1, 1
164, 1, 194, 256, 26, 109, 1, 1, 1
165, 1, 194, 256, 26, 109, 1, 1, 1
166, 1, 194, 256, 26, 109, 1, 1, 1
167, 1, 194, 256, 26, 109, 1, 1, 1
168, 1, 194, 256, 26, 109, 1, 1, 1
169, 1, 194, 256, 26, 109, 1, 1, 1
170, 1, 194, 256, 26, 109, 1, 1, 1
171, 1, 194, 255, 26, 110, 1, 1, 1
172, 1, 194, 255, 26, 110, 1, 1, 1
173, 1, 194, 256, 26, 109, 1, 1, 1
174, 1, 194, 256, 27, 109, 1, 1, 1
175, 1, 194, 256, 27, 109, 1, 1, 1
176, 1, 194, 256, 27, 109, 1, 1, 1
177, 1, 194, 256, 27, 109, 1, 1, 1
178, 1, 194, 256, 27, 109, 1, 1, 1
179, 1, 194, 256, 26, 108, 1, 1, 1
180, 1, 194, 256, 27, 108, 1, 1, 1
181, 1, 194, 255, 27, 109, 1, 1, 1
182, 1, 194, 255, 26, 109, 1, 1, 1
183, 1, 193, 255, 27, 110, 1, 1, 1
184, 1, 193, 255, 27, 109, 1, 1, 1
185, 1, 193, 255, 27, 109, 1, 1, 1
186, 1, 193, 256, 27, 108, 1, 1, 1
187, 1, 193, 255, 27, 109, 1, 1, 1
188, 1, 193, 255, 27, 109, 1, 1, 1
189, 1, 193, 255, 28, 109, 1, 1, 1
190, 1, 193, 255, 28, 109, 1, 1, 1
191, 1, 193, 255, 28, 109, 1, 1, 1
192, 1, 193, 255, 28, 109, 1, 1, 1
193, 1, 193, 255, 28, 109, 1, 1, 1
194, 1, 193, 255, 29, 109, 1, 1, 1
195, 1, 193, 255, 28, 109, 1, 1, 1
196, 1, 193, 256, 29, 108, 1, 1, 1
197, 1, 192, 255, 29, 109, 1, 1, 1
198, 1, 192, 255, 29, 109, 1, 1, 1
199, 1, 193, 255, 28, 109, 1, 1, 1
200, 1, 192, 255, 29, 109, 1, 1, 1
201, 1, 192, 255, 29, 109, 1, 1, 1
202, 1, 192, 255, 29, 109, 1, 1, 1
203, 1, 192, 255, 29, 109, 1, 1, 1
204, 1, 192, 255, 29, 109, 1, 1, 1
205, 1, 192, 255, 29, 109, 1, 1, 1
206, 1, 192, 255, 29, 109, 1, 1, 1
207, 1, 192, 255, 29, 109, 1, 1, 1
208, 1, 192, 255, 29, 109, 1, 1, 1
209, 1, 192, 255, 29, 109, 1, 1, 1
210, 1, 193, 255, 28, 109, 1, 1, 1
211, 1, 193, 255, 28, 109, 1, 1, 1
212, 1, 193, 255, 28, 109, 1, 1, 1
213, 1, 193, 255, 28, 109, 1, 1, 1
214, 1, 193, 255, 28, 109, 1, 1, 1
215, 1, 193, 255, 28, 109, 1, 1, 1
216, 1, 193, 256, 28, 108, 1, 1, 1
217, 1, 194, 256, 27, 108, 1, 1, 1
218, 1, 194, 256, 27, 108, 1, 1, 1
219, 1, 194, 256, 27, 108, 1, 1, 1
220, 1, 194, 255, 27, 109, 1, 1, 1
221, 1, 194, 256, 27, 108, 1, 1, 1
222, 1, 194, 255, 26, 109, 1, 1, 1
223, 1, 194, 255, 26, 109, 1, 1, 1
224, 1, 194, 256, 26, 108, 1, 1, 1
225, 1, 194, 256, 26, 108, 1, 1, 1
226, 1, 194, 256, 26, 108, 1, 1, 1
227, 1, 194, 256, 26, 108, 1, 1, 1
228, 1, 194, 256, 26, 108, 1, 1, 1
229, 1, 194, 256, 26, 108, 1, 1, 1
230, 1, 194, 256, 26, 108, 1, 1, 1
231, 1, 193, 256, 27, 108, 1, 1, 1
232, 1, 193, 256, 27, 108, 1, 1, 1
233, 1, 194, 256, 26, 108, 1, 1, 1
234, 1, 194, 256, 26, 108, 1, 1, 1
235, 1, 194, 256, 26, 108, 1, 1, 1
236, 1, 194, 256, 25, 108, 1, 1, 1
237, 1, 194, 256, 25, 108, 1, 1, 1
238, 1, 194, 256, 25, 108, 1, 1, 1
239, 1, 195, 256, 24, 108, 1, 1, 1
240, 1, 194, 256, 25, 108, 1, 1, 1
241, 1, 194, 256, 25, 108, 1, 1, 1
242, 1, 194, 256, 25, 108, 1, 1, 1
243, 1, 194, 256, 25, 108, 1, 1, 1
244, 1, 194, 256, 25, 108, 1, 1, 1
245, 1, 194, 256, 25, 108, 1, 1, 1
246, 1, 194, 256, 25, 108, 1, 1, 1
247, 1, 194, 256, 25, 108, 1, 1, 1
248, 1, 194, 256, 25, 108, 1, 1, 1
249, 1, 194, 256, 25, 108, 1, 1, 1
250, 1, 194, 256, 25, 109, 1, 1, 1
251, 1, 194, 256, 25, 109, 1, 1, 1
252, 1, 194, 256, 25, 109, 1, 1, 1
253, 1, 194, 256, 25, 109, 1, 1, 1
254, 1, 194, 256, 25, 109, 1, 1, 1
255, 1, 194, 256, 25, 109, 1, 1, 1
256, 1, 194, 256, 25, 109, 1, 1, 1
257, 1, 194, 256, 25, 109, 1, 1, 1
258, 1, 194, 256, 25, 109, 1, 1, 1
259, 1, 194, 256, 25, 109, 1, 1, 1
260, 1, 194, 255, 26, 109, 1, 1, 1
261, 1, 194, 255, 26, 109, 1, 1, 1
262, 1, 194, 256, 26, 109, 1, 1, 1
263, 1, 194, 256, 26, 109, 1, 1, 1
264, 1, 194, 255, 26, 110, 1, 1, 1
265, 1, 194, 256, 26, 109, 1, 1, 1
266, 1, 194, 256, 26, 109, 1, 1, 1
267, 1, 194, 256, 26, 109, 1, 1, 1
268, 1, 194, 256, 26, 109, 1, 1, 1
269, 1, 194, 256, 26, 109, 1, 1, 1
270, 1, 194, 256, 26, 109, 1, 1, 1
271, 1, 194, 256, 26, 109, 1, 1, 1
272, 1, 194, 256, 26, 108, 1, 1, 1
273, 1, 194, 256, 26, 109, 1, 1, 1
274, 1, 194, 255, 26, 110, 1, 1, 1
275, 1, 194, 255, 26, 110, 1, 1, 1
276, 1, 194, 255, 26, 110, 1, 1, 1
277, 1, 194, 255, 26, 110, 1, 1, 1
278, 1, 194, 255, 26, 110, 1, 1, 1
279, 1, 194, 255, 26, 110, 1, 1, 1
280, 1, 194, 255, 26, 110, 1, 1, 1
281, 1, 194, 255, 26, 110, 1, 1, 1
282, 1, 194, 256, 26, 109, 1, 1, 1
283, 1, 194, 256, 26, 109, 1, 1, 1
284, 1, 194, 256, 26, 109, 1, 1, 1
285, 1, 194, 256, 26, 109, 1, 1, 1
286, 1, 194, 256, 26, 109, 1, 1, 1
287, 1, 194, 256, 26, 109, 1, 1, 1
288, 1, 194, 256, 26, 109, 1, 1, 1
289, 1, 194, 255, 26, 110, 1, 1, 1
290, 1, 194, 255, 26, 110, 1, 1, 1
291, 1, 194, 255, 26, 110, 1, 1, 1
292, 1, 194, 255, 26, 110, 1, 1, 1
293, 1, 194, 256, 26, 109, 1, 1, 1
294, 1, 194, 256, 26, 109, 1, 1, 1
295, 1, 194, 255, 26, 110, 1, 1, 1
296, 1, 194, 255, 26, 110, 1, 1, 1
297, 1, 194, 255, 26, 110, 1, 1, 1
298, 1, 194, 255, 26, 110, 1, 1, 1
299, 1, 194, 255, 26, 110, 1, 1, 1
300, 1, 194, 255, 26, 109, 1, 1, 1
301, 1, 194, 255, 26, 109, 1, 1, 1
302, 1, 194, 255, 26, 109, 1, 1, 1
303, 1, 194, 255, 26, 109, 1, 1, 1
304, 1, 194, 255, 26, 109, 1, 1, 1
305, 1, 194, 256, 26, 108, 1, 1, 1
306, 1, 194, 256, 26, 108, 1, 1, 1
307, 1, 194, 256, 26, 108, 1, 1, 1
308, 1, 194, 256, 26, 108, 1, 1, 1
309, 1, 194, 256, 26, 108, 1, 1, 1
310, 1, 194, 256, 26, 108, 1, 1, 1
311, 1, 194, 256, 27, 108, 1, 1, 1
312, 1, 194, 256, 26, 108, 1, 1, 1
313, 1, 194, 256, 26, 108, 1, 1, 1
314, 1, 194, 256, 26, 108, 1, 1, 1
315, 1, 194, 256, 26, 108, 1, 1, 1
316, 1, 194, 256, 26, 108, 1, 1, 1
317, 1, 194, 256, 26, 108, 1, 1, 1
318, 1, 194, 256, 26, 108, 1, 1, 1
319, 1, 194, 256, 26, 108, 1, 1, 1
320, 1, 194, 256, 26, 108, 1, 1, 1
321, 1, 194, 256, 26, 108, 1, 1, 1
322, 1, 194, 256, 26, 108, 1, 1, 1
323, 1, 194, 256, 26, 108, 1, 1, 1
324, 1, 194, 256, 26, 108, 1, 1, 1
325, 1, 194, 256, 26, 108, 1, 1, 1
326, 1, 194, 256, 26, 108, 1, 1, 1
327, 1, 194, 256, 26, 108, 1, 1, 1
328, 1, 194, 256, 26, 108, 1, 1, 1
329, 1, 194, 256, 27, 108, 1, 1, 1
330, 1, 194, 256, 27, 108, 1, 1, 1
331, 1, 194, 256, 27, 108, 1, 1, 1
332, 1, 194, 256, 27, 108, 1, 1, 1
333, 1, 194, 256, 27, 108, 1, 1, 1
334, 1, 194, 256, 27, 108, 1, 1, 1
335, 1, 194, 256, 27, 108, 1, 1, 1
336, 1, 194, 256, 27, 108, 1, 1, 1
337, 1, 194, 256, 27, 108, 1, 1, 1
338, 1, 194, 256, 27, 108, 1, 1, 1
339, 1, 195, 256, 26, 108, 1, 1, 1
340, 1, 194, 256, 27, 108, 1, 1, 1
341, 1, 195, 256, 25, 108, 1, 1, 1
342, 1, 194, 256, 26, 108, 1, 1, 1
343, 1, 194, 256, 27, 108, 1, 1, 1
344, 1, 195, 256, 26, 108, 1, 1, 1
345, 1, 194, 255, 27, 109, 1, 1, 1
346, 1, 194, 256, 27, 108, 1, 1, 1
347, 1, 195, 255, 26, 109, 1, 1, 1
348, 1, 194, 255, 27, 109, 1, 1, 1
349, 1, 194, 255, 27, 109, 1, 1, 1
350, 1, 194, 255, 27, 109, 1, 1, 1
351, 1, 194, 255, 27, 109, 1, 1, 1
352, 1, 194, 255, 27, 109, 1, 1, 1
353, 1, 194, 255, 27, 109, 1, 1, 1
354, 1, 194, 255, 27, 109, 1, 1, 1
355, 1, 194, 255, 27, 109, 1, 1, 1
356, 1, 194, 255, 27, 109, 1, 1, 1
357, 1, 194, 255, 27, 109, 1, 1, 1
358, 1, 193, 255, 28, 109, 1, 1, 1
359, 1, 194, 255, 27, 109, 1, 1, 1
360, 1, 194, 255, 27, 109, 1, 1, 1
361, 1, 194, 255, 26, 109, 1, 1, 1
362, 1, 193, 255, 28, 109, 1, 1, 1
363, 1, 193, 255, 28, 109, 1, 1, 1
364, 1, 193, 255, 28, 109, 1, 1, 1
365, 1, 193, 255, 28, 109, 1, 1, 1
366, 1, 193, 255, 28, 109, 1, 1, 1
367, 1, 193, 255, 28, 109, 1, 1, 1
368, 1, 193, 255, 28, 110, 1, 1, 1
369, 1, 193, 255, 28, 110, 1, 1, 1
370, 1, 193, 255, 28, 109, 1, 1, 1
371, 1, 193, 255, 28, 109, 1, 1, 1
372, 1, 193, 255, 28, 109, 1, 1, 1
373, 1, 193, 255, 28, 110, 1, 1, 1
374, 1, 193, 255, 28, 109, 1, 1, 1
375, 1, 193, 255, 28, 109, 1, 1, 1
376, 1, 193, 255, 28, 109, 1, 1, 1
377, 1, 193, 255, 28, 109, 1, 1, 1
378, 1, 193, 255, 28, 109, 1, 1, 1
379, 1, 194, 255, 27, 109, 1, 1, 1
380, 1, 193, 255, 28, 109, 1, 1, 1
381, 1, 194, 255, 27, 109, 1, 1, 1
382, 1, 193, 255, 28, 109, 1, 1, 1
383, 1, 194, 255, 27, 109, 1, 1, 1
384, 1, 194, 255, 27, 109, 1, 1, 1
385, 1, 194, 255, 27, 109, 1, 1, 1
386, 1, 194, 255, 27, 109, 1, 1, 1
387, 1, 194, 255, 27, 110, 1, 1, 1
388, 1, 194, 255, 26, 109, 1, 1, 1
389, 1, 194, 255, 27, 109, 1, 1, 1
390, 1, 194, 255, 27, 109, 1, 1, 1
391, 1, 194, 255, 27, 110, 1, 1, 1
392, 1, 194, 255, 27, 110, 1, 1, 1
393, 1, 195, 254, 26, 111, 1, 1, 1
394, 1, 195, 254, 26, 111, 1, 1, 1
395, 1, 195, 254, 26, 111, 1, 1, 1
396, 1, 195, 254, 26, 111, 1, 1, 1
397, 1, 194, 254, 26, 111, 1, 1, 1
398, 1, 193, 254, 26, 111, 1, 1, 1
399, 1, 193, 253, 26, 112, 1, 1, 1
400, 1, 194, 254, 24, 110, 1, 1, 1
401, 1, 194, 254, 24, 110, 1, 1, 1
402, 1, 194, 254, 24, 110, 1, 1, 1
403, 1, 194, 254, 25, 110, 1, 1, 1
404, 1, 194, 254, 25, 110, 1, 1, 1
405, 1, 195, 254, 25, 110, 1, 1, 1
406, 1, 195, 254, 26, 110, 1, 1, 1
407, 1, 195, 254, 26, 110, 1, 1, 1
408, 1, 194, 254, 28, 110, 1, 1, 1
409, 1, 194, 254, 28, 110, 1, 1, 1
410, 1, 195, 254, 28, 110, 1, 1, 1
411, 1, 195, 254, 28, 110, 1, 1, 1
412, 1, 194, 254, 29, 110, 1, 1, 1
413, 1, 195, 254, 28, 110, 1, 1, 1
414, 1, 195, 254, 27, 110, 1, 1, 1
415, 1, 195, 253, 28, 111, 1, 1, 1
416, 1, 194, 254, 30, 111, 1, 1, 1
417, 1, 194, 254, 32, 110, 1, 1, 1
418, 1, 194, 254, 31, 110, 1, 1, 1
419, 1, 194, 254, 32, 111, 1, 1, 1
420, 1, 194, 254, 32, 111, 1, 1, 1
421, 1, 194, 254, 32, 111, 1, 1, 1
422, 1, 194, 254, 26, 111, 1, 1, 1
423, 1, 194, 254, 25, 110, 1, 1, 1
424, 1, 194, 254, 26, 110, 1, 1, 1
425, 1, 194, 254, 27, 111, 1, 1, 1
426, 1, 194, 254, 27, 111, 1, 1, 1
427, 1, 195, 254, 27, 111, 1, 1, 1
428, 1, 194, 254, 28, 111, 1, 1, 1
429, 1, 194, 254, 28, 111, 1, 1, 1
430, 1, 195, 254, 28, 111, 1, 1, 1
431, 1, 195, 254, 28, 111, 1, 1, 1
432, 1, 195, 254, 28, 111, 1, 1, 1
433, 1, 194, 254, 29, 111, 1, 1, 1
434, 1, 194, 254, 29, 111, 1, 1, 1
435, 1, 194, 254, 29, 111, 1, 1, 1
436, 1, 194, 254, 29, 111, 1, 1, 1
437, 1, 194, 255, 29, 110, 1, 1, 1
438, 1, 194, 255, 29, 110, 1, 1, 1
439, 1, 194, 255, 29, 110, 1, 1, 1
440, 1, 194, 255, 29, 110, 1, 1, 1
441, 1, 194, 255, 29, 109, 1, 1, 1
442, 1, 194, 255, 29, 109, 1, 1, 1
443, 1, 194, 255, 29, 110, 1, 1, 1
444, 1, 193, 256, 30, 109, 1, 1, 1
445, 1, 194, 256, 29, 109, 1, 1, 1
446, 1, 194, 256, 29, 109, 1, 1, 1
447, 1, 194, 256, 29, 109, 1, 1, 1
448, 1, 194, 256, 28, 109, 1, 1, 1
449, 1, 194, 256, 28, 109, 1, 1, 1
450, 1, 193, 255, 30, 109, 1, 1, 1
451, 1, 193, 255, 29, 109, 1, 1, 1
452, 1, 193, 255, 29, 109, 1, 1, 1
453, 1, 193, 255, 29, 109, 1, 1, 1
454, 1, 193, 255, 28, 109, 1, 1, 1
455, 1, 193, 255, 28, 109, 1, 1, 1
456, 1, 193, 255, 28, 109, 1, 1, 1
457, 1, 193, 255, 28, 109, 1, 1, 1
458, 1, 193, 255, 27, 109, 1, 1, 1
459, 1, 193, 255, 27, 109, 1, 1, 1
460, 1, 193, 255, 28, 109, 1, 1, 1
461, 1, 193, 255, 27, 109, 1, 1, 1
462, 1, 193, 255, 28, 109, 1, 1, 1
463, 1, 193, 255, 28, 109, 1, 1, 1
464, 1, 193, 255, 27, 109, 1, 1, 1
465, 1, 193, 255, 28, 109, 1, 1, 1
466, 1, 193, 255, 28, 109, 1, 1, 1
467, 1, 193, 255, 28, 109, 1, 1, 1
468, 1, 193, 255, 28, 109, 1, 1, 1
469, 1, 193, 255, 28, 109, 1, 1, 1
470, 1, 193, 255, 28, 109, 1, 1, 1
471, 1, 193, 255, 28, 109, 1, 1, 1
472, 1, 193, 255, 28, 109, 1, 1, 1
473, 1, 193, 255, 28, 109, 1, 1, 1
474, 1, 193, 255, 28, 109, 1, 1, 1
475, 1, 193, 255, 28, 109, 1, 1, 1
476, 1, 193, 255, 28, 109, 1, 1, 1
477, 1, 193, 255, 29, 109, 1, 1, 1
478, 1, 193, 255, 29, 109, 1, 1, 1
479, 1, 193, 255, 29, 109, 1, 1, 1
480, 1, 193, 255, 29, 109, 1, 1, 1
481, 1, 193, 255, 29, 109, 1, 1, 1
482, 1, 193, 255, 29, 109, 1, 1, 1
483, 1, 193, 255, 29, 109, 1, 1, 1
484, 1, 193, 255, 29, 109, 1, 1, 1
485, 1, 193, 255, 29, 109, 1, 1, 1
486, 1, 193, 255, 29, 109, 1, 1, 1
487, 1, 193, 255, 29, 109, 1, 1, 1
488, 1, 193, 255, 29, 109, 1, 1, 1
489, 1, 193, 255, 29, 109, 1, 1, 1
490, 1, 193, 255, 29, 109, 1, 1, 1
491, 1, 193, 255, 29, 109, 1, 1, 1
492, 1, 193, 255, 29, 109, 1, 1, 1
493, 1, 192, 255, 30, 109, 1, 1, 1
494, 1, 193, 255, 29, 109, 1, 1, 1
495, 1, 192, 255, 30, 109, 1, 1, 1
496, 1, 193, 255, 29, 109, 1, 1, 1
497, 1, 192, 255, 30, 109, 1, 1, 1
498, 1, 192, 255, 30, 109, 1, 1, 1
499, 1, 193, 255, 29, 109, 1, 1, 1
500, 1, 192, 255, 30, 109, 1, 1, 1
501, 1, 192, 255, 30, 109, 1, 1, 1
502, 1, 192, 255, 30, 109, 1, 1, 1
503, 1, 192, 255, 31, 109, 1, 1, 1
504, 1, 192, 255, 31, 109, 1, 1, 1
505, 1, 192, 255, 30, 109, 1, 1, 1
506, 1, 192, 255, 30, 109, 1, 1, 1
507, 1, 192, 255, 30, 109, 1, 1, 1
508, 1, 192, 255, 30, 109, 1, 1, 1
509, 1, 192, 255, 30, 109, 1, 1, 1
510, 1, 192, 255, 30, 109, 1, 1, 1
511, 1, 192, 255, 30, 109, 1, 1, 1
512, 1, 193, 255, 29, 109, 1, 1, 1
513, 1, 193, 255, 29, 109, 1, 1, 1
514, 1, 193, 255, 30, 109, 1, 1, 1
515, 1, 193, 255, 29, 109, 1, 1, 1
516, 1, 193, 255, 29, 109, 1, 1, 1
517, 1, 193, 255, 29, 109, 1, 1, 1
518, 1, 193, 255, 29, 109, 1, 1, 1
519, 1, 193, 255, 29, 109, 1, 1, 1
520, 1, 193, 255, 29, 109, 1, 1, 1
521, 1, 193, 255, 29, 109, 1, 1, 1
522, 1, 193, 255, 29, 109, 1, 1, 1
523, 1, 193, 255, 29, 109, 1, 1, 1
524, 1, 193, 255, 29, 109, 1, 1, 1
525, 1, 193, 255, 29, 109, 1, 1, 1
526, 1, 193, 255, 29, 109, 1, 1, 1
527, 1, 192, 255, 30, 109, 1, 1, 1
528, 1, 193, 255, 29, 109, 1, 1, 1
529, 1, 193, 255, 29, 109, 1, 1, 1
530, 1, 193, 255, 29, 109, 1, 1, 1
531, 1, 193, 255, 29, 109, 1, 1, 1
532, 1, 193, 255, 29, 109, 1, 1, 1
533, 1, 193, 255, 29, 109, 1, 1, 1
534, 1, 193, 255, 29, 109, 1, 1, 1
535, 1, 193, 255, 29, 109, 1, 1, 1
536, 1, 193, 255, 30, 109, 1, 1, 1
537, 1, 193, 255, 29, 109, 1, 1, 1
538, 1, 193, 255, 30, 109, 1, 1, 1
539, 1, 193, 255, 30, 109, 1, 1, 1
540, 1, 193, 255, 30, 109, 1, 1, 1
541, 1, 194, 255, 29, 109, 1, 1, 1
542, 1, 194, 255, 29, 109, 1, 1, 1
543, 1, 193, 255, 30, 109, 1, 1, 1
544, 1, 193, 255, 30, 109, 1, 1, 1
545, 1, 193, 255, 30, 109, 1, 1, 1
546, 1, 193, 255, 30, 109, 1, 1, 1
547, 1, 193, 255, 30, 109, 1, 1, 1
548, 1, 193, 255, 30, 109, 1, 1, 1
549, 1, 193, 255, 30, 109, 1, 1, 1
550, 1, 194, 255, 29, 109, 1, 1, 1
551, 1, 194, 255, 29, 109, 1, 1, 1
552, 1, 194, 255, 29, 109, 1, 1, 1
553, 1, 193, 255, 30, 109, 1, 1, 1
554, 1, 193, 255, 29, 109, 1, 1, 1
555, 1, 193, 255, 29, 109, 1, 1, 1
556, 1, 193, 255, 29, 109, 1, 1, 1
557, 1, 193, 255, 30, 109, 1, 1, 1
558, 1, 193, 255, 30, 109, 1, 1, 1
559, 1, 193, 255, 30, 109, 1, 1, 1
560, 1, 193, 255, 30, 109, 1, 1, 1
561, 1, 193, 255, 30, 109, 1, 1, 1
562, 1, 193, 255, 30, 109, 1, 1, 1
563, 1, 193, 254, 30, 110, 1, 1, 1
564, 1, 193, 254, 30, 110, 1, 1, 1
565, 1, 193, 255, 30, 109, 1, 1, 1
566, 1, 193, 254, 30, 110, 1, 1, 1
567, 1, 193, 255, 30, 109, 1, 1, 1
568, 1, 193, 255, 30, 109, 1, 1, 1
569, 1, 193, 255, 30, 109, 1, 1, 1
570, 1, 193, 255, 30, 109, 1, 1, 1
571, 1, 193, 255, 30, 109, 1, 1, 1
572, 1, 193, 255, 30, 109, 1, 1, 1
573, 1, 193, 255, 30, 109, 1, 1, 1
574, 1, 193, 255, 30, 109, 1, 1, 1
575, 1, 193, 255, 30, 109, 1, 1, 1
576, 1, 193, 255, 30, 109, 1, 1, 1
577, 1, 193, 255, 30, 109, 1, 1, 1
578, 1, 193, 255, 29, 109, 1, 1, 1
579, 1, 193, 255, 30, 109, 1, 1, 1
580, 1, 192, 255, 31, 109, 1, 1, 1
581, 1, 192, 255, 31, 109, 1, 1, 1
582, 1, 192, 255, 31, 109, 1, 1, 1
583, 1, 192, 255, 30, 109, 1, 1, 1
584, 1, 192, 255, 31, 109, 1, 1, 1
585, 1, 192, 255, 30, 109, 1, 1, 1
586, 1, 193, 255, 30, 109, 1, 1, 1
587, 1, 192, 255, 30, 109, 1, 1, 1
588, 1, 192, 255, 31, 109, 1, 1, 1
589, 1, 193, 255, 30, 109, 1, 1, 1
590, 1, 193, 255, 30, 109, 1, 1, 1
591, 1, 193, 255, 29, 109, 1, 1, 1
592, 1, 193, 255, 29, 109, 1, 1, 1
593, 1, 193, 255, 29, 109, 1, 1, 1
594, 1, 193, 255, 30, 109, 1, 1, 1
595, 1, 193, 255, 29, 109, 1, 1, 1
596, 1, 193, 254, 29, 110, 1, 1, 1
597, 1, 193, 255, 29, 109, 1, 1, 1
598, 1, 193, 255, 29, 109, 1, 1, 1
599, 1, 194, 254, 28, 110, 1, 1, 1
600, 1, 193, 254, 29, 110, 1, 1, 1
601, 1, 193, 254, 29, 110, 1, 1, 1
602, 1, 193, 254, 29, 110, 1, 1, 1
603, 1, 193, 254, 29, 110, 1, 1, 1
604, 1, 193, 255, 29, 109, 1, 1, 1
605, 1, 193, 254, 28, 111, 1, 1, 1
606, 1, 193, 255, 29, 109, 1, 1, 1
607, 1, 193, 254, 29, 110, 1, 1, 1
608, 1, 193, 254, 29, 110, 1, 1, 1
609, 1, 193, 255, 29, 109, 1, 1, 1
610, 1, 193, 255, 29, 109, 1, 1, 1
611, 1, 193, 255, 29, 109, 1, 1, 1
612, 1, 193, 255, 29, 109, 1, 1, 1
613, 1, 193, 255, 29, 109, 1, 1, 1
614, 1, 193, 255, 29, 109, 1, 1, 1
615, 1, 192, 256, 30, 108, 1, 1, 1
616, 1, 192, 255, 30, 109, 1, 1, 1
617, 1, 192, 256, 31, 108, 1, 1, 1
618, 1, 192, 256, 32, 108, 1, 1, 1
619, 1, 192, 256, 32, 108, 1, 1, 1
620, 1, 192, 256, 33, 108, 1, 1, 1
621, 1, 192, 255, 33, 109, 1, 1, 1
622, 1, 193, 256, 32, 108, 1, 1, 1
623, 1, 193, 256, 32, 108, 1, 1, 1
624, 1, 192, 256, 32, 108, 1, 1, 1
625, 1, 192, 256, 32, 108, 1, 1, 1
626, 1, 192, 256, 31, 109, 1, 1, 1
627, 1, 192, 256, 31, 108, 1, 1, 1
628, 1, 192, 256, 30, 108, 1, 1, 1
629, 1, 192, 256, 30, 108, 1, 1, 1
630, 1, 192, 256, 30, 108, 1, 1, 1
631, 1, 192, 256, 30, 108, 1, 1, 1
632, 1, 192, 256, 30, 108, 1, 1, 1
633, 1, 192, 256, 30, 108, 1, 1, 1
634, 1, 192, 256, 30, 108, 1, 1, 1
635, 1, 192, 256, 31, 108, 1, 1, 1
636, 1, 193, 255, 30, 110, 1, 1, 1
637, 1, 193, 255, 30, 109, 1, 1, 1
638, 1, 193, 256, 30, 108, 1, 1, 1
639, 1, 193, 256, 30, 108, 1, 1, 1
640, 1, 193, 256, 30, 108, 1, 1, 1
641, 1, 193, 256, 30, 108, 1, 1, 1
642, 1, 193, 256, 29, 108, 1, 1, 1
643, 1, 193, 256, 29, 108, 1, 1, 1
644, 1, 193, 256, 29, 108, 1, 1, 1
645, 1, 192, 255, 30, 109, 1, 1, 1
646, 1, 192, 256, 30, 108, 1, 1, 1
647, 1, 192, 256, 30, 108, 1, 1, 1
648, 1, 193, 256, 29, 108, 1, 1, 1
649, 1, 193, 256, 29, 108, 1, 1, 1
650, 1, 193, 255, 29, 108, 1, 1, 1
651, 1, 193, 255, 29, 108, 1, 1, 1
652, 1, 193, 255, 30, 108, 1, 1, 1
653, 1, 193, 255, 30, 108, 1, 1, 1
654, 1, 193, 255, 30, 108, 1, 1, 1
655, 1, 193, 255, 29, 109, 1, 1, 1
656, 1, 193, 255, 30, 109, 1, 1, 1
657, 1, 193, 255, 30, 109, 1, 1, 1
658, 1, 193, 255, 29, 109, 1, 1, 1
659, 1, 193, 255, 29, 109, 1, 1, 1
660, 1, 193, 255, 30, 109, 1, 1, 1
661, 1, 193, 255, 30, 109, 1, 1, 1
662, 1, 193, 255, 29, 109, 1, 1, 1
663, 1, 193, 255, 30, 109, 1, 1, 1
664, 1, 193, 255, 30, 109, 1, 1, 1
665, 1, 193, 256, 30, 108, 1, 1, 1
666, 1, 193, 255, 30, 109, 1, 1, 1
667, 1, 193, 256, 30, 108, 1, 1, 1
668, 1, 193, 255, 30, 109, 1, 1, 1
669, 1, 193, 255, 30, 109, 1, 1, 1
670, 1, 193, 255, 30, 109, 1, 1, 1
671, 1, 193, 256, 30, 108, 1, 1, 1
672, 1, 193, 255, 30, 109, 1, 1, 1
673, 1, 193, 255, 30, 109, 1, 1, 1
674, 1, 193, 255, 30, 109, 1, 1, 1
675, 1, 193, 255, 30, 109, 1, 1, 1
676, 1, 193, 255, 30, 109, 1, 1, 1
677, 1, 193, 255, 30, 109, 1, 1, 1
678, 1, 193, 255, 30, 109, 1, 1, 1
679, 1, 193, 255, 30, 109, 1, 1, 1
680, 1, 193, 255, 30, 109, 1, 1, 1
681, 1, 192, 254, 31, 110, 1, 1, 1
682, 1, 193, 254, 30, 109, 1, 1, 1
683, 1, 193, 254, 31, 109, 1, 1, 1
684, 1, 192, 254, 31, 110, 1, 1, 1
685, 1, 192, 254, 32, 110, 1, 1, 1
686, 1, 193, 254, 31, 109, 1, 1, 1
687, 1, 192, 254, 33, 110, 1, 1, 1
688, 1, 193, 254, 31, 110, 1, 1, 1
689, 1, 194, 254, 30, 110, 1, 1, 1
690, 1, 193, 254, 31, 110, 1, 1, 1
691, 1, 193, 254, 31, 110, 1, 1, 1
692, 1, 193, 254, 31, 110, 1, 1, 1
693, 1, 193, 254, 30, 110, 1, 1, 1
694, 1, 194, 254, 29, 110, 1, 1, 1
695, 1, 193, 255, 30, 109, 1, 1, 1
696, 1, 193, 254, 31, 110, 1, 1, 1
697, 1, 193, 255, 31, 109, 1, 1, 1
698, 1, 193, 255, 31, 109, 1, 1, 1
699, 1, 193, 254, 31, 110, 1, 1, 1
700, 1, 193, 254, 31, 110, 1, 1, 1
701, 1, 193, 254, 31, 110, 1, 1, 1
702, 1, 193, 254, 31, 110, 1, 1, 1
703, 1, 194, 254, 30, 110, 1, 1, 1
704, 1, 193, 254, 31, 110, 1, 1, 1
705, 1, 193, 254, 31, 110, 1, 1, 1
706, 1, 193, 254, 31, 110, 1, 1, 1
707, 1, 193, 254, 31, 110, 1, 1, 1
708, 1, 192, 254, 32, 110, 1, 1, 1
709, 1, 192, 254, 32, 110, 1, 1, 1
710, 1, 192, 254, 32, 110, 1, 1, 1
711, 1, 192, 254, 32, 110, 1, 1, 1
712, 1, 192, 254, 32, 110, 1, 1, 1
713, 1, 192, 254, 32, 110, 1, 1, 1
714, 1, 191, 254, 33, 109, 1, 1, 1
715, 1, 191, 254, 32, 110, 1, 1, 1
716, 1, 190, 254, 33, 110, 1, 1, 1
717, 1, 190, 254, 33, 110, 1, 1, 1
718, 1, 190, 254, 33, 110, 1, 1, 1
719, 1, 190, 254, 33, 109, 1, 1, 1
720, 1, 189, 254, 34, 110, 1, 1, 1
721, 1, 188, 254, 35, 108, 1, 1, 1
722, 1, 188, 254, 34, 109, 1, 1, 1
723, 1, 189, 254, 34, 108, 1, 1, 1
724, 1, 189, 254, 35, 108, 1, 1, 1
725, 1, 188, 255, 36, 108, 1, 1, 1
726, 1, 189, 255, 34, 108, 1, 1, 1
727, 1, 189, 255, 35, 109, 1, 1, 1
728, 1, 188, 255, 36, 108, 1, 1, 1
729, 1, 188, 255, 35, 109, 1, 1, 1
730, 1, 189, 255, 36, 109, 1, 1, 1
731, 1, 190, 255, 35, 110, 1, 1, 1
732, 1, 190, 256, 36, 109, 1, 1, 1
733, 1, 189, 256, 37, 109, 1, 1, 1
734, 1, 189, 256, 37, 109, 1, 1, 1
735, 1, 188, 256, 39, 108, 1, 1, 1
736, 1, 189, 256, 38, 107, 1, 1, 1
737, 1, 188, 256, 39, 108, 1, 1, 1
738, 1, 189, 256, 38, 109, 1, 1, 1
739, 1, 189, 256, 40, 108, 1, 1, 1
740, 1, 188, 256, 41, 108, 1, 1, 1
741, 1, 189, 257, 40, 108, 1, 1, 1
742, 1, 188, 257, 40, 107, 1, 1, 1
743, 1, 188, 256, 41, 108, 1, 1, 1
744, 1, 189, 257, 40, 106, 1, 1, 1
745, 1, 188, 256, 41, 108, 1, 1, 1
746, 1, 187, 257, 40, 106, 1, 1, 1
747, 1, 189, 257, 38, 107, 1, 1, 1
748, 1, 188, 257, 39, 107, 1, 1, 1
749, 1, 187, 257, 40, 107, 1, 1, 1
750, 1, 187, 257, 40, 104, 1, 1, 1
751, 1, 187, 257, 40, 108, 1, 1, 1
752, 1, 187, 257, 40, 108, 1, 1, 1
753, 1, 188, 257, 40, 111, 1, 1, 1
754, 1, 188, 257, 41, 111, 1, 1, 1
755, 1, 188, 257, 41, 112, 1, 1, 1
756, 1, 188, 257, 41, 109, 1, 1, 1
757, 1, 189, 256, 41, 112, 1, 1, 1
758, 1, 189, 256, 42, 113, 1, 1, 1
759, 1, 189, 256, 41, 113, 1, 1, 1
760, 1, 190, 256, 41, 113, 1, 1, 1
761, 1, 190, 256, 40, 112, 1, 1, 1
762, 1, 190, 255, 40, 112, 1, 1, 1
763, 1, 190, 256, 41, 112, 1, 1, 1
764, 1, 190, 256, 40, 112, 1, 1, 1
765, 1, 190, 256, 41, 112, 1, 1, 1
766, 1, 191, 256, 39, 112, 1, 1, 1
767, 1, 191, 256, 40, 112, 1, 1, 1
768, 1, 190, 256, 40, 112, 1, 1, 1
769, 1, 190, 256, 40, 112, 1, 1, 1
770, 1, 191, 255, 39, 113, 1, 1, 1
771, 1, 190, 255, 40, 113, 1, 1, 1
772, 1, 191, 256, 40, 112, 1, 1, 1
773, 1, 191, 256, 39, 111, 1, 1, 1
774, 1, 191, 256, 39, 111, 1, 1, 1
775, 1, 190, 255, 41, 112, 1, 1, 1
776, 1, 191, 255, 40, 112, 1, 1, 1
777, 1, 190, 256, 41, 112, 1, 1, 1
778, 1, 190, 256, 41, 111, 1, 1, 1
779, 1, 191, 256, 39, 110, 1, 1, 1
780, 1, 190, 256, 40, 111, 1, 1, 1
781, 1, 190, 257, 41, 110, 1, 1, 1
782, 1, 191, 257, 40, 110, 1, 1, 1
783, 1, 191, 257, 39, 109, 1, 1, 1
784, 1, 191, 257, 39, 110, 1, 1, 1
785, 1, 192, 257, 40, 110, 1, 1, 1
786, 1, 191, 257, 41, 109, 1, 1, 1
787, 1, 192, 257, 40, 109, 1, 1, 1
788, 1, 191, 257, 42, 109, 1, 1, 1
789, 1, 192, 257, 41, 110, 1, 1, 1
790, 1, 191, 257, 41, 110, 1, 1, 1
791, 1, 191, 257, 42, 110, 1, 1, 1
792, 1, 192, 257, 41, 110, 1, 1, 1
793, 1, 190, 257, 43, 111, 1, 1, 1
794, 1, 191, 257, 41, 112, 1, 1, 1
795, 1, 191, 257, 42, 111, 1, 1, 1
796, 1, 190, 257, 43, 111, 1, 1, 1
797, 1, 189, 257, 43, 110, 1, 1, 1
798, 1, 189, 258, 43, 111, 1, 1, 1
799, 1, 190, 258, 43, 110, 1, 1, 1
800, 1, 191, 258, 42, 108, 1, 1, 1
801, 1, 191, 258, 41, 112, 1, 1, 1
802, 1, 191, 258, 41, 111, 1, 1, 1
803, 1, 191, 259, 42, 111, 1, 1, 1
804, 1, 191, 259, 42, 113, 1, 1, 1
805, 1, 191, 259, 41, 112, 1, 1, 1
806, 1, 191, 259, 41, 114, 1, 1, 1
807, 1, 191, 259, 42, 113, 1, 1, 1
808, 1, 191, 259, 42, 114, 1, 1, 1
809, 1, 191, 259, 42, 115, 1, 1, 1
810, 1, 192, 259, 41, 112, 1, 1, 1
811, 1, 192, 259, 41, 113, 1, 1, 1
812, 1, 192, 259, 42, 113, 1, 1, 1
813, 1, 191, 259, 43, 114, 1, 1, 1
814, 1, 192, 260, 42, 114, 1, 1, 1
815, 1, 191, 260, 43, 116, 1, 1, 1
816, 1, 193, 260, 43, 115, 1, 1, 1
817, 1, 191, 260, 45, 117, 1, 1, 1
818, 1, 193, 261, 43, 118, 1, 1, 1
819, 1, 193, 261, 43, 117, 1, 1, 1
820, 1, 193, 261, 43, 117, 1, 1, 1
821, 1, 193, 262, 43, 116, 1, 1, 1
822, 1, 196, 261, 41, 118, 1, 1, 1
823, 1, 196, 262, 42, 117, 1, 1, 1
824, 1, 196, 261, 43, 120, 1, 1, 1
825, 1, 198, 261, 40, 119, 1, 1, 1
826, 1, 199, 261, 40, 120, 1, 1, 1
827, 1, 198, 261, 40, 120, 1, 1, 1
828, 1, 197, 261, 42, 120, 1, 1, 1
829, 1, 198, 261, 42, 119, 1, 1, 1
830, 1, 197, 261, 43, 119, 1, 1, 1
831, 1, 198, 261, 42, 118, 1, 1, 1
832, 1, 199, 262, 41, 115, 1, 1, 1
833, 1, 199, 263, 40, 116, 1, 1, 1
834, 1, 198, 263, 42, 116, 1, 1, 1
835, 1, 198, 264, 41, 116, 1, 1, 1
836, 1, 199, 264, 42, 116, 1, 1, 1
837, 1, 200, 264, 40, 118, 1, 1, 1
838, 1, 199, 264, 41, 117, 1, 1, 1
839, 1, 199, 264, 42, 118, 1, 1, 1
840, 1, 200, 264, 40, 120, 1, 1, 1
841, 1, 199, 264, 43, 119, 1, 1, 1
842, 1, 199, 264, 44, 118, 1, 1, 1
843, 1, 199, 264, 43, 118, 1, 1, 1
844, 1, 201, 263, 42, 119, 1, 1, 1
845, 1, 199, 264, 43, 119, 1, 1, 1
846, 1, 200, 264, 43, 120, 1, 1, 1
847, 1, 201, 264, 43, 122, 1, 1, 1
848, 1, 201, 265, 43, 123, 1, 1, 1
849, 1, 200, 266, 46, 125, 1, 1, 1
850, 1, 201, 266, 45, 125, 1, 1, 1
851, 1, 201, 266, 46, 126, 1, 1, 1
852, 1, 203, 266, 45, 126, 1, 1, 1
853, 1, 203, 267, 45, 125, 1, 1, 1
854, 1, 203, 266, 44, 126, 1, 1, 1
855, 1, 204, 266, 44, 125, 1, 1, 1
856, 1, 203, 267, 46, 124, 1, 1, 1
857, 1, 203, 267, 46, 125, 1, 1, 1
858, 1, 203, 267, 46, 126, 1, 1, 1
859, 1, 203, 267, 46, 127, 1, 1, 1
860, 1, 203, 268, 47, 125, 1, 1, 1
861, 1, 203, 268, 47, 127, 1, 1, 1
862, 1, 205, 269, 44, 128, 1, 1, 1
863, 1, 204, 270, 46, 126, 1, 1, 1
864, 1, 204, 271, 46, 127, 1, 1, 1
865, 1, 205, 271, 46, 127, 1, 1, 1
866, 1, 205, 272, 46, 126, 1, 1, 1
867, 1, 205, 272, 44, 126, 1, 1, 1
868, 1, 206, 272, 43, 125, 1, 1, 1
869, 1, 206, 272, 45, 126, 1, 1, 1
870, 1, 207, 272, 45, 126, 1, 1, 1
871, 1, 206, 272, 47, 125, 1, 1, 1
872, 1, 207, 272, 45, 125, 1, 1, 1
873, 1, 206, 272, 48, 124, 1, 1, 1
874, 1, 207, 273, 49, 125, 1, 1, 1
875, 1, 208, 273, 46, 125, 1, 1, 1
876, 1, 209, 273, 47, 129, 1, 1, 1
877, 1, 209, 274, 48, 127, 1, 1, 1
878, 1, 208, 274, 50, 129, 1, 1, 1
879, 1, 211, 275, 46, 127, 1, 1, 1
880, 1, 210, 275, 49, 128, 1, 1, 1
881, 1, 210, 275, 48, 127, 1, 1, 1
882, 1, 211, 274, 48, 127, 1, 1, 1
883, 1, 210, 274, 50, 128, 1, 1, 1
884, 1, 212, 274, 47, 128, 1, 1, 1
885, 1, 212, 274, 47, 129, 1, 1, 1
886, 1, 211, 274, 48, 130, 1, 1, 1
887, 1, 211, 273, 48, 130, 1, 1, 1
888, 1, 211, 274, 49, 129, 1, 1, 1
889, 1, 211, 274, 48, 130, 1, 1, 1
890, 1, 212, 274, 48, 129, 1, 1, 1
891, 1, 213, 274, 46, 129, 1, 1, 1
892, 1, 212, 275, 47, 129, 1, 1, 1
893, 1, 212, 276, 48, 130, 1, 1, 1
894, 1, 214, 276, 47, 130, 1, 1, 1
895, 1, 213, 277, 48, 130, 1, 1, 1
896, 1, 213, 278, 47, 131, 1, 1, 1
897, 1, 214, 279, 46, 133, 1, 1, 1
898, 1, 214, 279, 48, 134, 1, 1, 1
899, 1, 214, 280, 48, 135, 1, 1, 1
900, 1, 215, 280, 50, 144, 1, 1, 1
901, 1, 217, 280, 46, 155, 1, 1, 1
902, 1, 217, 279, 51, 157, 1, 1, 1
903, 1, 217, 279, 51, 149, 1, 1, 1
904, 1, 216, 278, 53, 151, 1, 1, 1
905, 1, 216, 279, 53, 145, 1, 1, 1
906, 1, 216, 278, 54, 150, 1, 1, 1
907, 1, 216, 279, 54, 148, 1, 1, 1
908, 1, 215, 279, 48, 133, 1, 1, 1
909, 1, 214, 279, 49, 134, 1, 1, 1
910, 1, 214, 280, 49, 135, 1, 1, 1
911, 1, 216, 281, 47, 137, 1, 1, 1
912, 1, 217, 281, 46, 139, 1, 1, 1
913, 1, 218, 282, 47, 142, 1, 1, 1
914, 1, 218, 283, 49, 141, 1, 1, 1
915, 1, 218, 283, 50, 143, 1, 1, 1
916, 1, 220, 283, 50, 144, 1, 1, 1
917, 1, 222, 284, 48, 141, 1, 1, 1
918, 1, 223, 284, 48, 148, 1, 1, 1
919, 1, 224, 284, 46, 148, 1, 1, 1
920, 1, 223, 284, 45, 149, 1, 1, 1
921, 1, 224, 285, 44, 147, 1, 1, 1
922, 1, 225, 285, 43, 146, 1, 1, 1
923, 1, 226, 286, 42, 150, 1, 1, 1
924, 1, 226, 288, 42, 154, 1, 1, 1
925, 1, 226, 289, 43, 154, 1, 1, 1
1, 2, 251, 59, 467, 404, 1, 6, 1
2, 2, 251, 59, 467, 404, 1, 6, 1
3, 2, 251, 59, 467, 404, 1, 6, 1
4, 2, 251, 59, 467, 404, 1, 6, 1
5, 2, 251, 59, 467, 404, 1, 6, 1
6, 2, 251, 59, 467, 404, 1, 6, 1
7, 2, 251, 59, 467, 404, 1, 6, 1
8, 2, 251, 59, 467, 404, 1, 6, 1
9, 2, 251, 59, 467, 404, 1, 6, 1
10, 2, 251, 59, 467, 404, 1, 6, 1
11, 2, 251, 59, 467, 404, 1, 6, 1
12, 2, 251, 59, 467, 404, 1, 6, 1
13, 2, 251, 59, 467, 404, 1, 6, 1
14, 2, 251, 59, 467, 404, 1, 6, 1
15, 2, 251, 59, 467, 404, 1, 6, 1
16, 2, 251, 59, 467, 404, 1, 6, 1
17, 2, 251, 59, 467, 404, 1, 6, 1
18, 2, 251, 59, 467, 404, 1, 6, 1
19, 2, 251, 59, 467, 404, 1, 6, 1
20, 2, 251, 59, 467, 404, 1, 6, 1
21, 2, 251, 59, 467, 404, 1, 6, 1
22, 2, 251, 59, 467, 404, 1, 6, 1
23, 2, 251, 59, 467, 404, 1, 6, 1
24, 2, 251, 59, 467, 404, 1, 6, 1
25, 2, 251, 59, 467, 404, 1, 6, 1
26, 2, 251, 59, 467, 404, 1, 6, 1
27, 2, 251, 59, 467, 404, 1, 6, 1
28, 2, 251, 59, 467, 404, 1, 6, 1
29, 2, 251, 59, 467, 404, 1, 6, 1
30, 2, 251, 59, 467, 404, 1, 6, 1
31, 2, 251, 59, 467, 404, 1, 6, 1
32, 2, 251, 59, 467, 404, 1, 6, 1
33, 2, 251, 59, 467, 404, 1, 6, 1
34, 2, 251, 59, 467, 404, 1, 6, 1
35, 2, 251, 59, 467, 404, 1, 6, 1
36, 2, 251, 59, 467, 404, 1, 6, 1
37, 2, 251, 59, 467, 404, 1, 6, 1
38, 2, 251, 59, 467, 404, 1, 6, 1
39, 2, 251, 59, 467, 404, 1, 6, 1
40, 2, 251, 59, 467, 404, 1, 6, 1
41, 2, 251, 59, 467, 404, 1, 6, 1
42, 2, 251, 59, 467, 404, 1, 6, 1
43, 2, 251, 59, 467, 404, 1, 6, 1
44, 2, 251, 59, 467, 404, 1, 6, 1
45, 2, 251, 59, 467, 404, 1, 6, 1
46, 2, 251, 59, 467, 404, 1, 6, 1
47, 2, 251, 59, 467, 404, 1, 6, 1
48, 2, 251, 59, 467, 404, 1, 6, 1
49, 2, 251, 59, 467, 404, 1, 6, 1
50, 2, 251, 59, 467, 404, 1, 6, 1
51, 2, 251, 59, 467, 404, 1, 6, 1
52, 2, 251, 59, 467, 404, 1, 6, 1
53, 2, 251, 59, 467, 404, 1, 6, 1
54, 2, 251, 59, 467, 404, 1, 6, 1
55, 2, 251, 59, 467, 404, 1, 6, 1
56, 2, 251, 59, 467, 404, 1, 6, 1
57, 2, 251, 59, 467, 404, 1, 6, 1
58, 2, 251, 59, 467, 404, 1, 6, 1
59, 2, 251, 59, 467, 404, 1, 6, 1
60, 2, 251, 59, 467, 404, 1, 6, 1
61, 2, 251, 59, 467, 404, 1, 6, 1
62, 2, 251, 59, 467, 404, 1, 6, 1
63, 2, 251, 59, 467, 404, 1, 6, 1
64, 2, 251, 59, 467, 404, 1, 6, 1
65, 2, 251, 59, 467, 404, 1, 6, 1
66, 2, 251, 59, 467, 404, 1, 6, 1
67, 2, 251, 59, 467, 404, 1, 6, 1
68, 2, 251, 59, 467, 404, 1, 6, 1
69, 2, 251, 59, 467, 404, 1, 6, 1
70, 2, 251, 59, 467, 404, 1, 6, 1
71, 2, 251, 59, 467, 404, 1, 6, 1
72, 2, 251, 59, 467, 404, 1, 6, 1
73, 2, 251, 59, 467, 404, 1, 6, 1
74, 2, 251, 59, 467, 404, 1, 6, 1
75, 2, 251, 59, 467, 404, 1, 6, 1
76, 2, 251, 59, 467, 404, 1, 6, 1
77, 2, 251, 59, 467, 404, 1, 6, 1
78, 2, 251, 59, 467, 404, 1, 6, 1
79, 2, 251, 59, 467, 404, 1, 6, 1
80, 2, 251, 59, 467, 404, 1, 6, 1
81, 2, 251, 59, 467, 404, 1, 6, 1
82, 2, 251, 59, 467, 404, 1, 6, 1
83, 2, 251, 59, 467, 404, 1, 6, 1
84, 2, 251, 59, 467, 404, 1, 6, 1
85, 2, 251, 59, 467, 404, 1, 6, 1
86, 2, 251, 59, 467, 404, 1, 6, 1
87, 2, 251, 59, 467, 404, 1, 6, 1
88, 2, 251, 59, 467, 404, 1, 6, 1
89, 2, 251, 59, 467, 404, 1, 6, 1
90, 2, 251, 59, 467, 404, 1, 6, 1
91, 2, 251, 59, 467, 404, 1, 6, 1
92, 2, 251, 59, 467, 404, 1, 6, 1
93, 2, 251, 59, 467, 404, 1, 6, 1
94, 2, 251, 59, 467, 404, 1, 6, 1
95, 2, 251, 59, 467, 404, 1, 6, 1
96, 2, 251, 59, 467, 404, 1, 6, 1
97, 2, 251, 59, 467, 404, 1, 6, 1
98, 2, 251, 59, 467, 404, 1, 6, 1
99, 2, 251, 59, 467, 404, 1, 6, 1
100, 2, 251, 59, 467, 404, 1, 6, 1
101, 2, 251, 59, 467, 404, 1, 6, 1
102, 2, 251, 59, 467, 404, 1, 6, 1
103, 2, 251, 59, 467, 404, 1, 6, 1
104, 2, 251, 59, 467, 404, 1, 6, 1
105, 2, 251, 59, 467, 404, 1, 6, 1
106, 2, 251, 59, 467, 404, 1, 6, 1
107, 2, 251, 59, 467, 404, 1, 6, 1
108, 2, 251, 59, 467, 404, 1, 6, 1
109, 2, 251, 59, 467, 404, 1, 6, 1
110, 2, 251, 59, 467, 404, 1, 6, 1
111, 2, 251, 59, 467, 404, 1, 6, 1
112, 2, 251, 59, 467, 404, 1, 6, 1
113, 2, 251, 59, 467, 404, 1, 6, 1
114, 2, 251, 59, 467, 404, 1, 6, 1
115, 2, 251, 59, 467, 404, 1, 6, 1
116, 2, 251, 59, 467, 404, 1, 6, 1
117, 2, 251, 59, 467, 404, 1, 6, 1
118, 2, 251, 59, 467, 404, 1, 6, 1
119, 2, 251, 59, 467, 404, 1, 6, 1
120, 2, 251, 59, 467, 404, 1, 6, 1
121, 2, 251, 59, 467, 404, 1, 6, 1
122, 2, 251, 59, 467, 404, 1, 6, 1
123, 2, 251, 59, 467, 404, 1, 6, 1
124, 2, 251, 59, 467, 404, 1, 6, 1
125, 2, 251, 59, 467, 404, 1, 6, 1
126, 2, 251, 59, 467, 404, 1, 6, 1
127, 2, 251, 59, 467, 404, 1, 6, 1
128, 2, 251, 59, 467, 404, 1, 6, 1
129, 2, 251, 59, 467, 404, 1, 6, 1
130, 2, 251, 59, 467, 404, 1, 6, 1
131, 2, 251, 59, 467, 404, 1, 6, 1
132, 2, 251, 59, 467, 404, 1, 6, 1
133, 2, 251, 59, 467, 404, 1, 6, 1
134, 2, 251, 59, 467, 404, 1, 6, 1
135, 2, 251, 59, 467, 404, 1, 6, 1
136, 2, 251, 59, 467, 404, 1, 6, 1
137, 2, 251, 59, 467, 404, 1, 6, 1
138, 2, 251, 59, 467, 404, 1, 6, 1
139, 2, 251, 59, 467, 404, 1, 6, 1
140, 2, 251, 59, 467, 404, 1, 6, 1
141, 2, 251, 59, 467, 404, 1, 6, 1
142, 2, 251, 59, 467, 404, 1, 6, 1
143, 2, 251, 59, 467, 404, 1, 6, 1
144, 2, 251, 59, 467, 404, 1, 6, 1
145, 2, 251, 59, 467, 404, 1, 6, 1
146, 2, 251, 59, 467, 404, 1, 6, 1
147, 2, 251, 59, 467, 404, 1, 6, 1
148, 2, 251, 59, 467, 404, 1, 6, 1
149, 2, 251, 59, 467, 404, 1, 6, 1
150, 2, 251, 59, 467, 404, 1, 6, 1
151, 2, 251, 59, 467, 404, 1, 6, 1
152, 2, 251, 59, 467, 404, 1, 6, 1
153, 2, 251, 59, 467, 404, 1, 6, 1
154, 2, 251, 59, 467, 404, 1, 6, 1
155, 2, 251, 59, 467, 404, 1, 6, 1
156, 2, 251, 59, 467, 404, 1, 6, 1
157, 2, 251, 59, 467, 404, 1, 6, 1
158, 2, 251, 59, 467, 404, 1, 6, 1
159, 2, 251, 59, 467, 404, 1, 6, 1
160, 2, 251, 59, 467, 404, 1, 6, 1
161, 2, 251, 59, 467, 404, 1, 6, 1
162, 2, 251, 59, 467, 404, 1, 6, 1
163, 2, 251, 59, 467, 404, 1, 6, 1
164, 2, 251, 59, 467, 404, 1, 6, 1
165, 2, 251, 59, 467, 404, 1, 6, 1
166, 2, 251, 59, 467, 404, 1, 6, 1
167, 2, 251, 59, 467, 404, 1, 6, 1
168, 2, 251, 59, 467, 404, 1, 6, 1
169, 2, 251, 59, 467, 404, 1, 6, 1
170, 2, 251, 59, 467, 404, 1, 6, 1
171, 2, 251, 59, 467, 404, 1, 6, 1
172, 2, 251, 59, 467, 404, 1, 6, 1
173, 2, 251, 59, 467, 404, 1, 6, 1
174, 2, 251, 59, 467, 404, 1, 6, 1
175, 2, 251, 59, 467, 404, 1, 6, 1
176, 2, 251, 59, 467, 404, 1, 6, 1
177, 2, 251, 59, 467, 404, 1, 6, 1
178, 2, 251, 59, 467, 404, 1, 6, 1
179, 2, 251, 59, 467, 404, 1, 6, 1
180, 2, 251, 59, 467, 404, 1, 6, 1
181, 2, 251, 59, 467, 404, 1, 6, 1
182, 2, 251, 59, 467, 404, 1, 6, 1
183, 2, 251, 59, 467, 404, 1, 6, 1
184, 2, 251, 59, 467, 404, 1, 6, 1
185, 2, 251, 59, 467, 404, 1, 6, 1
186, 2, 251, 59, 467, 404, 1, 6, 1
187, 2, 251, 59, 467, 404, 1, 6, 1
188, 2, 251, 59, 467, 404, 1, 6, 1
189, 2, 251, 59, 467, 404, 1, 6, 1
190, 2, 251, 59, 467, 404, 1, 6, 1
191, 2, 251, 59, 467, 404, 1, 6, 1
192, 2, 251, 59, 467, 404, 1, 6, 1
193, 2, 251, 59, 467, 404, 1, 6, 1
194, 2, 251, 59, 467, 404, 1, 6, 1
195, 2, 251, 59, 467, 404, 1, 6, 1
196, 2, 251, 59, 467, 404, 1, 6, 1
197, 2, 251, 59, 467, 404, 1, 6, 1
198, 2, 251, 59, 467, 404, 1, 6, 1
199, 2, 251, 59, 467, 404, 1, 6, 1
200, 2, 251, 59, 467, 404, 1, 6, 1
201, 2, 251, 59, 467, 404, 1, 6, 1
202, 2, 251, 59, 467, 404, 1, 6, 1
203, 2, 251, 59, 467, 404, 1, 6, 1
204, 2, 251, 59, 467, 404, 1, 6, 1
205, 2, 251, 59, 467, 404, 1, 6, 1
206, 2, 251, 59, 467, 404, 1, 6, 1
207, 2, 251, 59, 467, 404, 1, 6, 1
208, 2, 251, 59, 467, 404, 1, 6, 1
209, 2, 251, 59, 467, 404, 1, 6, 1
210, 2, 251, 59, 467, 404, 1, 6, 1
211, 2, 251, 59, 467, 404, 1, 6, 1
212, 2, 251, 59, 467, 404, 1, 6, 1
213, 2, 251, 59, 467, 404, 1, 6, 1
214, 2, 251, 59, 467, 404, 1, 6, 1
215, 2, 251, 59, 467, 404, 1, 6, 1
216, 2, 251, 59, 467, 404, 1, 6, 1
217, 2, 251, 59, 467, 404, 1, 6, 1
218, 2, 251, 59, 467, 404, 1, 6, 1
219, 2, 251, 59, 467, 404, 1, 6, 1
220, 2, 251, 59, 467, 404, 1, 6, 1
221, 2, 251, 59, 467, 404, 1, 6, 1
222, 2, 251, 59, 467, 404, 1, 6, 1
223, 2, 251, 59, 467, 404, 1, 6, 1
224, 2, 251, 59, 467, 404, 1, 6, 1
225, 2, 251, 59, 467, 404, 1, 6, 1
226, 2, 251, 59, 467, 404, 1, 6, 1
227, 2, 251, 59, 467, 404, 1, 6, 1
228, 2, 251, 59, 467, 404, 1, 6, 1
229, 2, 251, 59, 467, 404, 1, 6, 1
230, 2, 251, 59, 467, 404, 1, 6, 1
231, 2, 251, 59, 467, 404, 1, 6, 1
232, 2, 251, 59, 467, 404, 1, 6, 1
233, 2, 251, 59, 467, 404, 1, 6, 1
234, 2, 251, 59, 467, 404, 1, 6, 1
235, 2, 251, 59, 467, 404, 1, 6, 1
236, 2, 251, 59, 467, 404, 1, 6, 1
237, 2, 251, 59, 467, 404, 1, 6, 1
238, 2, 251, 59, 467, 404, 1, 6, 1
239, 2, 251, 59, 467, 404, 1, 6, 1
240, 2, 251, 59, 467, 404, 1, 6, 1
241, 2, 251, 59, 467, 404, 1, 6, 1
242, 2, 251, 59, 467, 404, 1, 6, 1
243, 2, 251, 59, 467, 404, 1, 6, 1
244, 2, 251, 59, 467, 404, 1, 6, 1
245, 2, 251, 59, 467, 404, 1, 6, 1
246, 2, 251, 59, 467, 404, 1, 6, 1
247, 2, 251, 59, 467, 404, 1, 6, 1
248, 2, 251, 59, 467, 404, 1, 6, 1
249, 2, 251, 59, 467, 404, 1, 6, 1
250, 2, 251, 59, 467, 404, 1, 6, 1
251, 2, 251, 59, 467, 404, 1, 6, 1
252, 2, 251, 59, 467, 404, 1, 6, 1
253, 2, 251, 59, 467, 404, 1, 6, 1
254, 2, 251, 59, 467, 404, 1, 6, 1
255, 2, 251, 59, 467, 404, 1, 6, 1
256, 2, 251, 59, 467, 404, 1, 6, 1
257, 2, 251, 59, 467, 404, 1, 6, 1
258, 2, 251, 59, 467, 404, 1, 6, 1
259, 2, 251, 59, 467, 404, 1, 6, 1
260, 2, 251, 59, 467, 404, 1, 6, 1
261, 2, 251, 59, 467, 404, 1, 6, 1
262, 2, 251, 59, 467, 404, 1, 6, 1
263, 2, 251, 59, 467, 404, 1, 6, 1
264, 2, 251, 59, 467, 404, 1, 6, 1
265, 2, 251, 59, 467, 404, 1, 6, 1
266, 2, 251, 59, 467, 404, 1, 6, 1
267, 2, 251, 59, 467, 404, 1, 6, 1
268, 2, 251, 59, 467, 404, 1, 6, 1
269, 2, 251, 59, 467, 404, 1, 6, 1
270, 2, 251, 59, 467, 404, 1, 6, 1
271, 2, 251, 59, 467, 404, 1, 6, 1
272, 2, 251, 59, 467, 404, 1, 6, 1
273, 2, 251, 59, 467, 404, 1, 6, 1
274, 2, 251, 59, 467, 404, 1, 6, 1
275, 2, 251, 59, 467, 404, 1, 6, 1
276, 2, 251, 59, 467, 404, 1, 6, 1
277, 2, 251, 59, 467, 404, 1, 6, 1
278, 2, 251, 59, 467, 404, 1, 6, 1
279, 2, 251, 59, 467, 404, 1, 6, 1
280, 2, 251, 59, 467, 404, 1, 6, 1
281, 2, 251, 59, 467, 404, 1, 6, 1
282, 2, 251, 59, 467, 404, 1, 6, 1
283, 2, 251, 59, 467, 404, 1, 6, 1
284, 2, 251, 59, 467, 404, 1, 6, 1
285, 2, 251, 59, 467, 404, 1, 6, 1
286, 2, 251, 59, 467, 404, 1, 6, 1
287, 2, 251, 59, 467, 404, 1, 6, 1
288, 2, 251, 59, 467, 404, 1, 6, 1
289, 2, 251, 59, 467, 404, 1, 6, 1
290, 2, 251, 59, 467, 404, 1, 6, 1
291, 2, 251, 59, 467, 404, 1, 6, 1
292, 2, 251, 59, 467, 404, 1, 6, 1
293, 2, 251, 59, 467, 404, 1, 6, 1
294, 2, 251, 59, 467, 404, 1, 6, 1
295, 2, 251, 59, 467, 404, 1, 6, 1
296, 2, 251, 59, 467, 404, 1, 6, 1
297, 2, 251, 59, 467, 404, 1, 6, 1
298, 2, 251, 59, 467, 404, 1, 6, 1
299, 2, 251, 59, 467, 404, 1, 6, 1
300, 2, 251, 59, 467, 404, 1, 6, 1
301, 2, 251, 59, 467, 404, 1, 6, 1
302, 2, 251, 59, 467, 404, 1, 6, 1
303, 2, 251, 59, 467, 404, 1, 6, 1
304, 2, 251, 59, 467, 404, 1, 6, 1
305, 2, 251, 59, 467, 404, 1, 6, 1
306, 2, 251, 59, 467, 404, 1, 6, 1
307, 2, 251, 59, 467, 404, 1, 6, 1
308, 2, 251, 59, 467, 404, 1, 6, 1
309, 2, 251, 59, 467, 404, 1, 6, 1
310, 2, 251, 59, 467, 404, 1, 6, 1
311, 2, 251, 59, 467, 404, 1, 6, 1
312, 2, 251, 59, 467, 404, 1, 6, 1
313, 2, 251, 59, 467, 404, 1, 6, 1
314, 2, 251, 59, 467, 404, 1, 6, 1
315, 2, 251, 59, 467, 404, 1, 6, 1
316, 2, 251, 59, 467, 404, 1, 6, 1
317, 2, 251, 59, 467, 404, 1, 6, 1
318, 2, 251, 59, 467, 404, 1, 6, 1
319, 2, 251, 59, 467, 404, 1, 6, 1
320, 2, 251, 59, 467, 404, 1, 6, 1
321, 2, 251, 59, 467, 404, 1, 6, 1
322, 2, 251, 59, 467, 404, 1, 6, 1
323, 2, 251, 59, 467, 404, 1, 6, 1
324, 2, 251, 59, 467, 404, 1, 6, 1
325, 2, 251, 59, 467, 404, 1, 6, 1
326, 2, 251, 59, 467, 404, 1, 6, 1
327, 2, 251, 59, 467, 404, 1, 6, 1
328, 2, 251, 59, 467, 404, 1, 6, 1
329, 2, 251, 59, 467, 404, 1, 6, 1
330, 2, 251, 59, 467, 404, 1, 6, 1
331, 2, 251, 59, 467, 404, 1, 6, 1
332, 2, 251, 59, 467, 404, 1, 6, 1
333, 2, 251, 59, 467, 404, 1, 6, 1
334, 2, 251, 59, 467, 404, 1, 6, 1
335, 2, 251, 59, 467, 404, 1, 6, 1
336, 2, 251, 59, 467, 404, 1, 6, 1
337, 2, 251, 59, 467, 404, 1, 6, 1
338, 2, 251, 59, 467, 404, 1, 6, 1
339, 2, 251, 59, 467, 404, 1, 6, 1
340, 2, 251, 59, 467, 404, 1, 6, 1
341, 2, 251, 59, 467, 404, 1, 6, 1
342, 2, 251, 59, 467, 404, 1, 6, 1
343, 2, 251, 59, 467, 404, 1, 6, 1
344, 2, 251, 59, 467, 404, 1, 6, 1
345, 2, 251, 59, 467, 404, 1, 6, 1
346, 2, 251, 59, 467, 404, 1, 6, 1
347, 2, 251, 59, 467, 404, 1, 6, 1
348, 2, 251, 59, 467, 404, 1, 6, 1
349, 2, 251, 59, 467, 404, 1, 6, 1
350, 2, 251, 59, 467, 404, 1, 6, 1
351, 2, 251, 59, 467, 404, 1, 6, 1
352, 2, 251, 59, 467, 404, 1, 6, 1
353, 2, 251, 59, 467, 404, 1, 6, 1
354, 2, 251, 59, 467, 404, 1, 6, 1
355, 2, 251, 59, 467, 404, 1, 6, 1
356, 2, 251, 59, 467, 404, 1, 6, 1
357, 2, 251, 59, 467, 404, 1, 6, 1
358, 2, 251, 59, 467, 404, 1, 6, 1
359, 2, 251, 59, 467, 404, 1, 6, 1
360, 2, 251, 59, 467, 404, 1, 6, 1
361, 2, 251, 59, 467, 404, 1, 6, 1
362, 2, 251, 59, 467, 404, 1, 6, 1
363, 2, 251, 59, 467, 404, 1, 6, 1
364, 2, 251, 59, 467, 404, 1, 6, 1
365, 2, 251, 59, 467, 404, 1, 6, 1
366, 2, 251, 59, 467, 404, 1, 6, 1
367, 2, 251, 59, 467, 404, 1, 6, 1
368, 2, 251, 59, 467, 404, 1, 6, 1
369, 2, 251, 59, 467, 404, 1, 6, 1
370, 2, 251, 59, 467, 404, 1, 6, 1
371, 2, 251, 59, 467, 404, 1, 6, 1
372, 2, 251, 59, 467, 404, 1, 6, 1
373, 2, 251, 59, 467, 404, 1, 6, 1
374, 2, 251, 59, 467, 404, 1, 6, 1
375, 2, 251, 59, 467, 404, 1, 6, 1
376, 2, 251, 59, 467, 404, 1, 6, 1
377, 2, 251, 59, 467, 404, 1, 6, 1
378, 2, 251, 59, 467, 404, 1, 6, 1
379, 2, 251, 59, 467, 404, 1, 6, 1
380, 2, 251, 59, 467, 404, 1, 6, 1
381, 2, 251, 59, 467, 404, 1, 6, 1
382, 2, 251, 59, 467, 404, 1, 6, 1
383, 2, 251, 59, 467, 404, 1, 6, 1
384, 2, 251, 59, 467, 404, 1, 6, 1
385, 2, 251, 59, 467, 404, 1, 6, 1
386, 2, 251, 59, 467, 404, 1, 6, 1
387, 2, 251, 59, 467, 404, 1, 6, 1
388, 2, 251, 59, 467, 404, 1, 6, 1
389, 2, 251, 59, 467, 404, 1, 6, 1
390, 2, 251, 59, 467, 404, 1, 6, 1
391, 2, 251, 59, 467, 404, 1, 6, 1
392, 2, 251, 59, 467, 404, 1, 6, 1
393, 2, 251, 59, 467, 404, 1, 6, 1
394, 2, 251, 59, 467, 404, 1, 6, 1
395, 2, 251, 59, 467, 404, 1, 6, 1
396, 2, 251, 59, 467, 404, 1, 6, 1
397, 2, 251, 59, 467, 404, 1, 6, 1
398, 2, 251, 59, 467, 404, 1, 6, 1
399, 2, 251, 59, 467, 404, 1, 6, 1
400, 2, 251, 59, 467, 404, 1, 6, 1
401, 2, 251, 59, 467, 404, 1, 6, 1
402, 2, 251, 59, 467, 404, 1, 6, 1
403, 2, 251, 59, 467, 404, 1, 6, 1
404, 2, 251, 59, 467, 404, 1, 6, 1
405, 2, 251, 59, 467, 404, 1, 6, 1
406, 2, 251, 59, 467, 404, 1, 6, 1
407, 2, 251, 59, 467, 404, 1, 6, 1
408, 2, 251, 59, 467, 404, 1, 6, 1
409, 2, 251, 59, 467, 404, 1, 6, 1
410, 2, 251, 59, 467, 404, 1, 6, 1
411, 2, 251, 59, 467, 404, 1, 6, 1
412, 2, 251, 59, 467, 404, 1, 6, 1
413, 2, 251, 59, 467, 404, 1, 6, 1
414, 2, 251, 59, 467, 404, 1, 6, 1
415, 2, 251, 59, 467, 404, 1, 6, 1
416, 2, 251, 59, 467, 404, 1, 6, 1
417, 2, 251, 59, 467, 404, 1, 6, 1
418, 2, 251, 59, 467, 404, 1, 6, 1
419, 2, 251, 59, 467, 404, 1, 6, 1
420, 2, 251, 59, 467, 404, 1, 6, 1
421, 2, 251, 59, 467, 404, 1, 6, 1
422, 2, 251, 59, 467, 404, 1, 6, 1
423, 2, 251, 59, 467, 404, 1, 6, 1
424, 2, 251, 59, 467, 404, 1, 6, 1
425, 2, 251, 59, 467, 404, 1, 6, 1
426, 2, 251, 59, 467, 404, 1, 6, 1
427, 2, 251, 59, 467, 404, 1, 6, 1
428, 2, 251, 59, 467, 404, 1, 6, 1
429, 2, 251, 59, 467, 404, 1, 6, 1
430, 2, 251, 59, 467, 404, 1, 6, 1
431, 2, 251, 59, 467, 404, 1, 6, 1
432, 2, 251, 59, 467, 404, 1, 6, 1
433, 2, 251, 59, 467, 404, 1, 6, 1
434, 2, 251, 59, 467, 404, 1, 6, 1
435, 2, 251, 59, 467, 404, 1, 6, 1
436, 2, 251, 59, 467, 404, 1, 6, 1
437, 2, 251, 59, 467, 404, 1, 6, 1
438, 2, 251, 59, 467, 404, 1, 6, 1
439, 2, 251, 59, 467, 404, 1, 6, 1
440, 2, 251, 59, 467, 404, 1, 6, 1
441, 2, 251, 59, 467, 404, 1, 6, 1
442, 2, 251, 59, 467, 404, 1, 6, 1
443, 2, 251, 59, 467, 404, 1, 6, 1
444, 2, 251, 59, 467, 404, 1, 6, 1
445, 2, 251, 59, 467, 404, 1, 6, 1
446, 2, 251, 59, 467, 404, 1, 6, 1
447, 2, 251, 59, 467, 404, 1, 6, 1
448, 2, 251, 59, 467, 404, 1, 6, 1
449, 2, 251, 59, 467, 404, 1, 6, 1
450, 2, 251, 59, 467, 404, 1, 6, 1
451, 2, 251, 59, 467, 404, 1, 6, 1
452, 2, 251, 59, 467, 404, 1, 6, 1
453, 2, 251, 59, 467, 404, 1, 6, 1
454, 2, 251, 59, 467, 404, 1, 6, 1
455, 2, 251, 59, 467, 404, 1, 6, 1
456, 2, 251, 59, 467, 404, 1, 6, 1
457, 2, 251, 59, 467, 404, 1, 6, 1
458, 2, 251, 59, 467, 404, 1, 6, 1
459, 2, 251, 59, 467, 404, 1, 6, 1
460, 2, 251, 59, 467, 404, 1, 6, 1
461, 2, 251, 59, 467, 404, 1, 6, 1
462, 2, 251, 59, 467, 404, 1, 6, 1
463, 2, 251, 59, 467, 404, 1, 6, 1
464, 2, 251, 59, 467, 404, 1, 6, 1
465, 2, 251, 59, 467, 404, 1, 6, 1
466, 2, 251, 59, 467, 404, 1, 6, 1
467, 2, 251, 59, 467, 404, 1, 6, 1
468, 2, 251, 59, 467, 404, 1, 6, 1
469, 2, 251, 59, 467, 404, 1, 6, 1
470, 2, 251, 59, 467, 404, 1, 6, 1
471, 2, 251, 59, 467, 404, 1, 6, 1
472, 2, 251, 59, 467, 404, 1, 6, 1
473, 2, 251, 59, 467, 404, 1, 6, 1
474, 2, 251, 59, 467, 404, 1, 6, 1
475, 2, 251, 59, 467, 404, 1, 6, 1
476, 2, 251, 59, 467, 404, 1, 6, 1
477, 2, 251, 59, 467, 404, 1, 6, 1
478, 2, 251, 59, 467, 404, 1, 6, 1
479, 2, 251, 59, 467, 404, 1, 6, 1
480, 2, 251, 59, 467, 404, 1, 6, 1
481, 2, 251, 59, 467, 404, 1, 6, 1
482, 2, 251, 59, 467, 404, 1, 6, 1
483, 2, 251, 59, 467, 404, 1, 6, 1
484, 2, 251, 59, 467, 404, 1, 6, 1
485, 2, 251, 59, 467, 404, 1, 6, 1
486, 2, 251, 59, 467, 404, 1, 6, 1
487, 2, 251, 59, 467, 404, 1, 6, 1
488, 2, 251, 59, 467, 404, 1, 6, 1
489, 2, 251, 59, 467, 404, 1, 6, 1
490, 2, 251, 59, 467, 404, 1, 6, 1
491, 2, 251, 59, 467, 404, 1, 6, 1
492, 2, 251, 59, 467, 404, 1, 6, 1
493, 2, 251, 59, 467, 404, 1, 6, 1
494, 2, 251, 59, 467, 404, 1, 6, 1
495, 2, 251, 59, 467, 404, 1, 6, 1
496, 2, 251, 59, 467, 404, 1, 6, 1
497, 2, 251, 59, 467, 404, 1, 6, 1
498, 2, 251, 59, 467, 404, 1, 6, 1
499, 2, 251, 59, 467, 404, 1, 6, 1
500, 2, 251, 59, 467, 404, 1, 6, 1
501, 2, 251, 59, 467, 404, 1, 6, 1
502, 2, 251, 59, 467, 404, 1, 6, 1
503, 2, 251, 59, 467, 404, 1, 6, 1
504, 2, 251, 59, 467, 404, 1, 6, 1
505, 2, 251, 59, 467, 404, 1, 6, 1
506, 2, 251, 59, 467, 404, 1, 6, 1
507, 2, 251, 59, 467, 404, 1, 6, 1
508, 2, 251, 59, 467, 404, 1, 6, 1
509, 2, 251, 59, 467, 404, 1, 6, 1
510, 2, 251, 59, 467, 404, 1, 6, 1
511, 2, 251, 59, 467, 404, 1, 6, 1
512, 2, 251, 59, 467, 404, 1, 6, 1
513, 2, 251, 59, 467, 404, 1, 6, 1
514, 2, 251, 59, 467, 404, 1, 6, 1
515, 2, 251, 59, 467, 404, 1, 6, 1
516, 2, 251, 59, 467, 404, 1, 6, 1
517, 2, 251, 59, 467, 404, 1, 6, 1
518, 2, 251, 59, 467, 404, 1, 6, 1
519, 2, 251, 59, 467, 404, 1, 6, 1
520, 2, 251, 59, 467, 404, 1, 6, 1
521, 2, 251, 59, 467, 404, 1, 6, 1
522, 2, 251, 59, 467, 404, 1, 6, 1
523, 2, 251, 59, 467, 404, 1, 6, 1
524, 2, 251, 59, 467, 404, 1, 6, 1
525, 2, 251, 59, 467, 404, 1, 6, 1
526, 2, 251, 59, 467, 404, 1, 6, 1
527, 2, 251, 59, 467, 404, 1, 6, 1
528, 2, 251, 59, 467, 404, 1, 6, 1
529, 2, 251, 59, 467, 404, 1, 6, 1
530, 2, 251, 59, 467, 404, 1, 6, 1
531, 2, 251, 59, 467, 404, 1, 6, 1
532, 2, 251, 59, 467, 404, 1, 6, 1
533, 2, 251, 59, 467, 404, 1, 6, 1
534, 2, 251, 59, 467, 404, 1, 6, 1
535, 2, 251, 59, 467, 404, 1, 6, 1
536, 2, 251, 59, 467, 404, 1, 6, 1
537, 2, 251, 59, 467, 404, 1, 6, 1
538, 2, 251, 59, 467, 404, 1, 6, 1
539, 2, 251, 59, 467, 404, 1, 6, 1
540, 2, 251, 59, 467, 404, 1, 6, 1
541, 2, 251, 59, 467, 404, 1, 6, 1
542, 2, 251, 59, 467, 404, 1, 6, 1
543, 2, 251, 59, 467, 404, 1, 6, 1
544, 2, 251, 59, 467, 404, 1, 6, 1
545, 2, 251, 59, 467, 404, 1, 6, 1
546, 2, 251, 59, 467, 404, 1, 6, 1
547, 2, 251, 59, 467, 404, 1, 6, 1
548, 2, 251, 59, 467, 404, 1, 6, 1
549, 2, 251, 59, 467, 404, 1, 6, 1
550, 2, 251, 59, 467, 404, 1, 6, 1
551, 2, 251, 59, 467, 404, 1, 6, 1
552, 2, 251, 59, 467, 404, 1, 6, 1
553, 2, 251, 59, 467, 404, 1, 6, 1
554, 2, 251, 59, 467, 404, 1, 6, 1
555, 2, 251, 59, 467, 404, 1, 6, 1
556, 2, 251, 59, 467, 404, 1, 6, 1
557, 2, 251, 59, 467, 404, 1, 6, 1
558, 2, 251, 59, 467, 404, 1, 6, 1
559, 2, 251, 59, 467, 404, 1, 6, 1
560, 2, 251, 59, 467, 404, 1, 6, 1
561, 2, 251, 59, 467, 404, 1, 6, 1
562, 2, 251, 59, 467, 404, 1, 6, 1
563, 2, 251, 59, 467, 404, 1, 6, 1
564, 2, 251, 59, 467, 404, 1, 6, 1
565, 2, 251, 59, 467, 404, 1, 6, 1
566, 2, 251, 59, 467, 404, 1, 6, 1
567, 2, 251, 59, 467, 404, 1, 6, 1
568, 2, 251, 59, 467, 404, 1, 6, 1
569, 2, 251, 59, 467, 404, 1, 6, 1
570, 2, 251, 59, 467, 404, 1, 6, 1
571, 2, 251, 59, 467, 404, 1, 6, 1
572, 2, 251, 59, 467, 404, 1, 6, 1
573, 2, 251, 59, 467, 404, 1, 6, 1
574, 2, 251, 59, 467, 404, 1, 6, 1
575, 2, 251, 59, 467, 404, 1, 6, 1
576, 2, 251, 59, 467, 404, 1, 6, 1
577, 2, 251, 59, 467, 404, 1, 6, 1
578, 2, 251, 59, 467, 404, 1, 6, 1
579, 2, 251, 59, 467, 404, 1, 6, 1
580, 2, 251, 59, 467, 404, 1, 6, 1
581, 2, 251, 59, 467, 404, 1, 6, 1
582, 2, 251, 59, 467, 404, 1, 6, 1
583, 2, 251, 59, 467, 404, 1, 6, 1
584, 2, 251, 59, 467, 404, 1, 6, 1
585, 2, 251, 59, 467, 404, 1, 6, 1
586, 2, 251, 59, 467, 404, 1, 6, 1
587, 2, 251, 59, 467, 404, 1, 6, 1
588, 2, 251, 59, 467, 404, 1, 6, 1
589, 2, 251, 59, 467, 404, 1, 6, 1
590, 2, 251, 59, 467, 404, 1, 6, 1
591, 2, 251, 59, 467, 404, 1, 6, 1
592, 2, 251, 59, 467, 404, 1, 6, 1
593, 2, 251, 59, 467, 404, 1, 6, 1
594, 2, 251, 59, 467, 404, 1, 6, 1
595, 2, 251, 59, 467, 404, 1, 6, 1
596, 2, 251, 59, 467, 404, 1, 6, 1
597, 2, 251, 59, 467, 404, 1, 6, 1
598, 2, 251, 59, 467, 404, 1, 6, 1
599, 2, 251, 59, 467, 404, 1, 6, 1
600, 2, 251, 59, 467, 404, 1, 6, 1
601, 2, 251, 59, 467, 404, 1, 6, 1
602, 2, 251, 59, 467, 404, 1, 6, 1
603, 2, 251, 59, 467, 404, 1, 6, 1
604, 2, 251, 59, 467, 404, 1, 6, 1
605, 2, 251, 59, 467, 404, 1, 6, 1
606, 2, 251, 59, 467, 404, 1, 6, 1
607, 2, 251, 59, 467, 404, 1, 6, 1
608, 2, 251, 59, 467, 404, 1, 6, 1
609, 2, 251, 59, 467, 404, 1, 6, 1
610, 2, 251, 59, 467, 404, 1, 6, 1
611, 2, 251, 59, 467, 404, 1, 6, 1
612, 2, 251, 59, 467, 404, 1, 6, 1
613, 2, 251, 59, 467, 404, 1, 6, 1
614, 2, 251, 59, 467, 404, 1, 6, 1
615, 2, 251, 59, 467, 404, 1, 6, 1
616, 2, 251, 59, 467, 404, 1, 6, 1
617, 2, 251, 59, 467, 404, 1, 6, 1
618, 2, 251, 59, 467, 404, 1, 6, 1
619, 2, 251, 59, 467, 404, 1, 6, 1
620, 2, 251, 59, 467, 404, 1, 6, 1
621, 2, 251, 59, 467, 404, 1, 6, 1
622, 2, 251, 59, 467, 404, 1, 6, 1
623, 2, 251, 59, 467, 404, 1, 6, 1
624, 2, 251, 59, 467, 404, 1, 6, 1
625, 2, 251, 59, 467, 404, 1, 6, 1
626, 2, 251, 59, 467, 404, 1, 6, 1
627, 2, 251, 59, 467, 404, 1, 6, 1
628, 2, 251, 59, 467, 404, 1, 6, 1
629, 2, 251, 59, 467, 404, 1, 6, 1
630, 2, 251, 59, 467, 404, 1, 6, 1
631, 2, 251, 59, 467, 404, 1, 6, 1
632, 2, 251, 59, 467, 404, 1, 6, 1
633, 2, 251, 59, 467, 404, 1, 6, 1
634, 2, 251, 59, 467, 404, 1, 6, 1
635, 2, 251, 59, 467, 404, 1, 6, 1
636, 2, 251, 59, 467, 404, 1, 6, 1
637, 2, 251, 59, 467, 404, 1, 6, 1
638, 2, 251, 59, 467, 404, 1, 6, 1
639, 2, 251, 59, 467, 404, 1, 6, 1
640, 2, 251, 59, 467, 404, 1, 6, 1
641, 2, 251, 59, 467, 404, 1, 6, 1
642, 2, 251, 59, 467, 404, 1, 6, 1
643, 2, 251, 59, 467, 404, 1, 6, 1
644, 2, 251, 59, 467, 404, 1, 6, 1
645, 2, 251, 59, 467, 404, 1, 6, 1
646, 2, 251, 59, 467, 404, 1, 6, 1
647, 2, 251, 59, 467, 404, 1, 6, 1
648, 2, 251, 59, 467, 404, 1, 6, 1
649, 2, 251, 59, 467, 404, 1, 6, 1
650, 2, 251, 59, 467, 404, 1, 6, 1
651, 2, 251, 59, 467, 404, 1, 6, 1
652, 2, 251, 59, 467, 404, 1, 6, 1
653, 2, 251, 59, 467, 404, 1, 6, 1
654, 2, 251, 59, 467, 404, 1, 6, 1
655, 2, 251, 59, 467, 404, 1, 6, 1
656, 2, 251, 59, 467, 404, 1, 6, 1
657, 2, 251, 59, 467, 404, 1, 6, 1
658, 2, 251, 59, 467, 404, 1, 6, 1
659, 2, 251, 59, 467, 404, 1, 6, 1
660, 2, 251, 59, 467, 404, 1, 6, 1
661, 2, 251, 59, 467, 404, 1, 6, 1
662, 2, 251, 59, 467, 404, 1, 6, 1
663, 2, 251, 59, 467, 404, 1, 6, 1
664, 2, 251, 59, 467, 404, 1, 6, 1
665, 2, 251, 59, 467, 404, 1, 6, 1
666, 2, 251, 59, 467, 404, 1, 6, 1
667, 2, 251, 59, 467, 404, 1, 6, 1
668, 2, 251, 59, 467, 404, 1, 6, 1
669, 2, 251, 59, 467, 404, 1, 6, 1
670, 2, 251, 59, 467, 404, 1, 6, 1
671, 2, 251, 59, 467, 404, 1, 6, 1
672, 2, 251, 59, 467, 404, 1, 6, 1
673, 2, 251, 59, 467, 404, 1, 6, 1
674, 2, 251, 59, 467, 404, 1, 6, 1
675, 2, 251, 59, 467, 404, 1, 6, 1
676, 2, 251, 59, 467, 404, 1, 6, 1
677, 2, 251, 59, 467, 404, 1, 6, 1
678, 2, 251, 59, 467, 404, 1, 6, 1
679, 2, 251, 59, 467, 404, 1, 6, 1
680, 2, 251, 59, 467, 404, 1, 6, 1
681, 2, 251, 59, 467, 404, 1, 6, 1
682, 2, 251, 59, 467, 404, 1, 6, 1
683, 2, 251, 59, 467, 404, 1, 6, 1
684, 2, 251, 59, 467, 404, 1, 6, 1
685, 2, 251, 59, 467, 404, 1, 6, 1
686, 2, 251, 59, 467, 404, 1, 6, 1
687, 2, 251, 59, 467, 404, 1, 6, 1
688, 2, 251, 59, 467, 404, 1, 6, 1
689, 2, 251, 59, 467, 404, 1, 6, 1
690, 2, 251, 59, 467, 404, 1, 6, 1
691, 2, 251, 59, 467, 404, 1, 6, 1
692, 2, 251, 59, 467, 404, 1, 6, 1
693, 2, 251, 59, 467, 404, 1, 6, 1
694, 2, 251, 59, 467, 404, 1, 6, 1
695, 2, 251, 59, 467, 404, 1, 6, 1
696, 2, 251, 59, 467, 404, 1, 6, 1
697, 2, 251, 59, 467, 404, 1, 6, 1
698, 2, 251, 59, 467, 404, 1, 6, 1
699, 2, 251, 59, 467, 404, 1, 6, 1
700, 2, 251, 59, 467, 404, 1, 6, 1
701, 2, 251, 59, 467, 404, 1, 6, 1
702, 2, 251, 59, 467, 404, 1, 6, 1
703, 2, 251, 59, 467, 404, 1, 6, 1
704, 2, 251, 59, 467, 404, 1, 6, 1
705, 2, 251, 59, 467, 404, 1, 6, 1
706, 2, 251, 59, 467, 404, 1, 6, 1
707, 2, 251, 59, 467, 404, 1, 6, 1
708, 2, 251, 59, 467, 404, 1, 6, 1
709, 2, 251, 59, 467, 404, 1, 6, 1
710, 2, 251, 59, 467, 404, 1, 6, 1
711, 2, 251, 59, 467, 404, 1, 6, 1
712, 2, 251, 59, 467, 404, 1, 6, 1
713, 2, 251, 59, 467, 404, 1, 6, 1
714, 2, 251, 59, 467, 404, 1, 6, 1
715, 2, 251, 59, 467, 404, 1, 6, 1
716, 2, 251, 59, 467, 404, 1, 6, 1
717, 2, 251, 59, 467, 404, 1, 6, 1
718, 2, 251, 59, 467, 404, 1, 6, 1
719, 2, 251, 59, 467, 404, 1, 6, 1
720, 2, 251, 59, 467, 404, 1, 6, 1
721, 2, 251, 59, 467, 404, 1, 6, 1
722, 2, 251, 59, 467, 404, 1, 6, 1
723, 2, 251, 59, 467, 404, 1, 6, 1
724, 2, 251, 59, 467, 404, 1, 6, 1
725, 2, 251, 59, 467, 404, 1, 6, 1
726, 2, 251, 59, 467, 404, 1, 6, 1
727, 2, 251, 59, 467, 404, 1, 6, 1
728, 2, 251, 59, 467, 404, 1, 6, 1
729, 2, 251, 59, 467, 404, 1, 6, 1
730, 2, 251, 59, 467, 404, 1, 6, 1
731, 2, 251, 59, 467, 404, 1, 6, 1
732, 2, 251, 59, 467, 404, 1, 6, 1
733, 2, 251, 59, 467, 404, 1, 6, 1
734, 2, 251, 59, 467, 404, 1, 6, 1
735, 2, 251, 59, 467, 404, 1, 6, 1
736, 2, 251, 59, 467, 404, 1, 6, 1
737, 2, 251, 59, 467, 404, 1, 6, 1
738, 2, 251, 59, 467, 404, 1, 6, 1
739, 2, 251, 59, 467, 404, 1, 6, 1
740, 2, 251, 59, 467, 404, 1, 6, 1
741, 2, 251, 59, 467, 404, 1, 6, 1
742, 2, 251, 59, 467, 404, 1, 6, 1
743, 2, 251, 59, 467, 404, 1, 6, 1
744, 2, 251, 59, 467, 404, 1, 6, 1
745, 2, 251, 59, 467, 404, 1, 6, 1
746, 2, 251, 59, 467, 404, 1, 6, 1
747, 2, 251, 59, 467, 404, 1, 6, 1
748, 2, 251, 59, 467, 404, 1, 6, 1
749, 2, 251, 59, 467, 404, 1, 6, 1
750, 2, 251, 59, 467, 404, 1, 6, 1
751, 2, 251, 59, 467, 404, 1, 6, 1
752, 2, 251, 59, 467, 404, 1, 6, 1
753, 2, 251, 59, 467, 404, 1, 6, 1
754, 2, 251, 59, 467, 404, 1, 6, 1
755, 2, 251, 59, 467, 404, 1, 6, 1
756, 2, 251, 59, 467, 404, 1, 6, 1
757, 2, 251, 59, 467, 404, 1, 6, 1
758, 2, 251, 59, 467, 404, 1, 6, 1
759, 2, 251, 59, 467, 404, 1, 6, 1
760, 2, 251, 59, 467, 404, 1, 6, 1
761, 2, 251, 59, 467, 404, 1, 6, 1
762, 2, 251, 59, 467, 404, 1, 6, 1
763, 2, 251, 59, 467, 404, 1, 6, 1
764, 2, 251, 59, 467, 404, 1, 6, 1
765, 2, 251, 59, 467, 404, 1, 6, 1
766, 2, 251, 59, 467, 404, 1, 6, 1
767, 2, 251, 59, 467, 404, 1, 6, 1
768, 2, 251, 59, 467, 404, 1, 6, 1
769, 2, 251, 59, 467, 404, 1, 6, 1
770, 2, 251, 59, 467, 404, 1, 6, 1
771, 2, 251, 59, 467, 404, 1, 6, 1
772, 2, 251, 59, 467, 404, 1, 6, 1
773, 2, 251, 59, 467, 404, 1, 6, 1
774, 2, 251, 59, 467, 404, 1, 6, 1
775, 2, 251, 59, 467, 404, 1, 6, 1
776, 2, 251, 59, 467, 404, 1, 6, 1
777, 2, 251, 59, 467, 404, 1, 6, 1
778, 2, 251, 59, 467, 404, 1, 6, 1
779, 2, 251, 59, 467, 404, 1, 6, 1
780, 2, 251, 59, 467, 404, 1, 6, 1
781, 2, 251, 59, 467, 404, 1, 6, 1
782, 2, 251, 59, 467, 404, 1, 6, 1
783, 2, 251, 59, 467, 404, 1, 6, 1
784, 2, 251, 59, 467, 404, 1, 6, 1
785, 2, 251, 59, 467, 404, 1, 6, 1
786, 2, 251, 59, 467, 404, 1, 6, 1
787, 2, 251, 59, 467, 404, 1, 6, 1
788, 2, 251, 59, 467, 404, 1, 6, 1
789, 2, 251, 59, 467, 404, 1, 6, 1
790, 2, 251, 59, 467, 404, 1, 6, 1
791, 2, 251, 59, 467, 404, 1, 6, 1
792, 2, 251, 59, 467, 404, 1, 6, 1
793, 2, 251, 59, 467, 404, 1, 6, 1
794, 2, 251, 59, 467, 404, 1, 6, 1
795, 2, 251, 59, 467, 404, 1, 6, 1
796, 2, 251, 59, 467, 404, 1, 6, 1
797, 2, 251, 59, 467, 404, 1, 6, 1
798, 2, 251, 59, 467, 404, 1, 6, 1
799, 2, 251, 59, 467, 404, 1, 6, 1
800, 2, 251, 59, 467, 404, 1, 6, 1
801, 2, 251, 59, 467, 404, 1, 6, 1
802, 2, 251, 59, 467, 404, 1, 6, 1
803, 2, 251, 59, 467, 404, 1, 6, 1
804, 2, 251, 59, 467, 404, 1, 6, 1
805, 2, 251, 59, 467, 404, 1, 6, 1
806, 2, 251, 59, 467, 404, 1, 6, 1
807, 2, 251, 59, 467, 404, 1, 6, 1
808, 2, 251, 59, 467, 404, 1, 6, 1
809, 2, 251, 59, 467, 404, 1, 6, 1
810, 2, 251, 59, 467, 404, 1, 6, 1
811, 2, 251, 59, 467, 404, 1, 6, 1
812, 2, 251, 59, 467, 404, 1, 6, 1
813, 2, 251, 59, 467, 404, 1, 6, 1
814, 2, 251, 59, 467, 404, 1, 6, 1
815, 2, 251, 59, 467, 404, 1, 6, 1
816, 2, 251, 59, 467, 404, 1, 6, 1
817, 2, 251, 59, 467, 404, 1, 6, 1
818, 2, 251, 59, 467, 404, 1, 6, 1
819, 2, 251, 59, 467, 404, 1, 6, 1
820, 2, 251, 59, 467, 404, 1, 6, 1
821, 2, 251, 59, 467, 404, 1, 6, 1
822, 2, 251, 59, 467, 404, 1, 6, 1
823, 2, 251, 59, 467, 404, 1, 6, 1
824, 2, 251, 59, 467, 404, 1, 6, 1
825, 2, 251, 59, 467, 404, 1, 6, 1
826, 2, 251, 59, 467, 404, 1, 6, 1
827, 2, 251, 59, 467, 404, 1, 6, 1
828, 2, 251, 59, 467, 404, 1, 6, 1
829, 2, 251, 59, 467, 404, 1, 6, 1
830, 2, 251, 59, 467, 404, 1, 6, 1
831, 2, 251, 59, 467, 404, 1, 6, 1
832, 2, 251, 59, 467, 404, 1, 6, 1
833, 2, 251, 59, 467, 404, 1, 6, 1
834, 2, 251, 59, 467, 404, 1, 6, 1
835, 2, 251, 59, 467, 404, 1, 6, 1
836, 2, 251, 59, 467, 404, 1, 6, 1
837, 2, 251, 59, 467, 404, 1, 6, 1
838, 2, 251, 59, 467, 404, 1, 6, 1
839, 2, 251, 59, 467, 404, 1, 6, 1
840, 2, 251, 59, 467, 404, 1, 6, 1
841, 2, 251, 59, 467, 404, 1, 6, 1
842, 2, 251, 59, 467, 404, 1, 6, 1
843, 2, 251, 59, 467, 404, 1, 6, 1
844, 2, 251, 59, 467, 404, 1, 6, 1
845, 2, 251, 59, 467, 404, 1, 6, 1
846, 2, 251, 59, 467, 404, 1, 6, 1
847, 2, 251, 59, 467, 404, 1, 6, 1
848, 2, 251, 59, 467, 404, 1, 6, 1
849, 2, 251, 59, 467, 404, 1, 6, 1
850, 2, 251, 59, 467, 404, 1, 6, 1
851, 2, 251, 59, 467, 404, 1, 6, 1
852, 2, 251, 59, 467, 404, 1, 6, 1
853, 2, 251, 59, 467, 404, 1, 6, 1
854, 2, 251, 59, 467, 404, 1, 6, 1
855, 2, 251, 59, 467, 404, 1, 6, 1
856, 2, 251, 59, 467, 404, 1, 6, 1
857, 2, 251, 59, 467, 404, 1, 6, 1
858, 2, 251, 59, 467, 404, 1, 6, 1
859, 2, 251, 59, 467, 404, 1, 6, 1
860, 2, 251, 59, 467, 404, 1, 6, 1
861, 2, 251, 59, 467, 404, 1, 6, 1
862, 2, 251, 59, 467, 404, 1, 6, 1
863, 2, 251, 59, 467, 404, 1, 6, 1
864, 2, 251, 59, 467, 404, 1, 6, 1
865, 2, 251, 59, 467, 404, 1, 6, 1
866, 2, 251, 59, 467, 404, 1, 6, 1
867, 2, 251, 59, 467, 404, 1, 6, 1
868, 2, 251, 59, 467, 404, 1, 6, 1
869, 2, 251, 59, 467, 404, 1, 6, 1
870, 2, 251, 59, 467, 404, 1, 6, 1
871, 2, 251, 59, 467, 404, 1, 6, 1
872, 2, 251, 59, 467, 404, 1, 6, 1
873, 2, 251, 59, 467, 404, 1, 6, 1
874, 2, 251, 59, 467, 404, 1, 6, 1
875, 2, 251, 59, 467, 404, 1, 6, 1
876, 2, 251, 59, 467, 404, 1, 6, 1
877, 2, 251, 59, 467, 404, 1, 6, 1
878, 2, 251, 59, 467, 404, 1, 6, 1
879, 2, 251, 59, 467, 404, 1, 6, 1
880, 2, 251, 59, 467, 404, 1, 6, 1
881, 2, 251, 59, 467, 404, 1, 6, 1
882, 2, 251, 59, 467, 404, 1, 6, 1
883, 2, 251, 59, 467, 404, 1, 6, 1
884, 2, 251, 59, 467, 404, 1, 6, 1
885, 2, 251, 59, 467, 404, 1, 6, 1
886, 2, 251, 59, 467, 404, 1, 6, 1
887, 2, 251, 59, 467, 404, 1, 6, 1
888, 2, 251, 59, 467, 404, 1, 6, 1
889, 2, 251, 59, 467, 404, 1, 6, 1
890, 2, 251, 59, 467, 404, 1, 6, 1
891, 2, 251, 59, 467, 404, 1, 6, 1
892, 2, 251, 59, 467, 404, 1, 6, 1
893, 2, 251, 59, 467, 404, 1, 6, 1
894, 2, 251, 59, 467, 404, 1, 6, 1
895, 2, 251, 59, 467, 404, 1, 6, 1
896, 2, 251, 59, 467, 404, 1, 6, 1
897, 2, 251, 59, 467, 404, 1, 6, 1
898, 2, 251, 59, 467, 404, 1, 6, 1
899, 2, 251, 59, 467, 404, 1, 6, 1
900, 2, 251, 59, 467, 404, 1, 6, 1
901, 2, 251, 59, 467, 404, 1, 6, 1
902, 2, 251, 59, 467, 404, 1, 6, 1
903, 2, 251, 59, 467, 404, 1, 6, 1
904, 2, 251, 59, 467, 404, 1, 6, 1
905, 2, 251, 59, 467, 404, 1, 6, 1
906, 2, 251, 59, 467, 404, 1, 6, 1
907, 2, 251, 59, 467, 404, 1, 6, 1
908, 2, 251, 59, 467, 404, 1, 6, 1
909, 2, 251, 59, 467, 404, 1, 6, 1
910, 2, 251, 59, 467, 404, 1, 6, 1
911, 2, 251, 59, 467, 404, 1, 6, 1
912, 2, 251, 59, 467, 404, 1, 6, 1
913, 2, 251, 59, 467, 404, 1, 6, 1
914, 2, 251, 59, 467, 404, 1, 6, 1
915, 2, 251, 59, 467, 404, 1, 6, 1
916, 2, 251, 59, 467, 404, 1, 6, 1
917, 2, 251, 59, 467, 404, 1, 6, 1
918, 2, 251, 59, 467, 404, 1, 6, 1
919, 2, 251, 59, 467, 404, 1, 6, 1
920, 2, 251, 59, 467, 404, 1, 6, 1
921, 2, 251, 59, 467, 404, 1, 6, 1
922, 2, 251, 59, 467, 404, 1, 6, 1
923, 2, 251, 59, 467, 404, 1, 6, 1
924, 2, 251, 59, 467, 404, 1, 6, 1
925, 2, 251, 59, 467, 404, 1, 6, 1