1, 1, 808, 217, 103, 163, 1, 1, 1
2, 1, 808, 217, 104, 161, 1, 1, 1
3, 1, 807, 217, 106, 158, 1, 1, 1
4, 1, 807, 216, 103, 161, 1, 1, 1
5, 1, 807, 216, 102, 162, 1, 1, 1
6, 1, 807, 216, 103, 161, 1, 1, 1
7, 1, 809, 216, 103, 162, 1, 1, 1
8, 1, 808, 216, 106, 162, 1, 1, 1
9, 1, 809, 216, 104, 162, 1, 1, 1
10, 1, 808, 216, 104, 160, 1, 1, 1
11, 1, 808, 216, 103, 160, 1, 1, 1
12, 1, 807, 216, 106, 161, 1, 1, 1
13, 1, 809, 216, 103, 162, 1, 1, 1
14, 1, 808, 217, 106, 162, 1, 1, 1
15, 1, 808, 216, 105, 161, 1, 1, 1
16, 1, 808, 216, 106, 160, 1, 1, 1
17, 1, 807, 216, 105, 161, 1, 1, 1
18, 1, 809, 216, 104, 161, 1, 1, 1
19, 1, 809, 217, 105, 160, 1, 1, 1
20, 1, 810, 217, 104, 161, 1, 1, 1
21, 1, 810, 216, 105, 161, 1, 1, 1
22, 1, 810, 215, 104, 161, 1, 1, 1
23, 1, 808, 216, 106, 162, 1, 1, 1
24, 1, 809, 216, 105, 161, 1, 1, 1
25, 1, 811, 216, 105, 162, 1, 1, 1
26, 1, 811, 216, 105, 162, 1, 1, 1
27, 1, 812, 216, 103, 163, 1, 1, 1
28, 1, 810, 216, 104, 162, 1, 1, 1
29, 1, 810, 214, 105, 163, 1, 1, 1
30, 1, 810, 215, 105, 162, 1, 1, 1
31, 1, 812, 216, 104, 161, 1, 1, 1
32, 1, 814, 216, 104, 162, 1, 1, 1
33, 1, 813, 215, 105, 162, 1, 1, 1
34, 1, 810, 215, 105, 163, 1, 1, 1
35, 1, 809, 215, 107, 162, 1, 1, 1
36, 1, 810, 214, 106, 162, 1, 1, 1
37, 1, 813, 214, 105, 162, 1, 1, 1
38, 1, 814, 217, 105, 160, 1, 1, 1
39, 1, 815, 218, 104, 159, 1, 1, 1
40, 1, 814, 216, 103, 160, 1, 1, 1
41, 1, 812, 213, 104, 165, 1, 1, 1
42, 1, 811, 213, 106, 160, 1, 1, 1
43, 1, 813, 215, 105, 160, 1, 1, 1
44, 1, 815, 216, 104, 154, 1, 1, 1
45, 1, 815, 216, 104, 152, 1, 1, 1
46, 1, 814, 216, 105, 153, 1, 1, 1
47, 1, 814, 215, 104, 151, 1, 1, 1
48, 1, 813, 216, 106, 149, 1, 1, 1
49, 1, 813, 215, 106, 148, 1, 1, 1
50, 1, 813, 215, 107, 146, 1, 1, 1
51, 1, 814, 216, 108, 145, 1, 1, 1
52, 1, 814, 217, 108, 145, 1, 1, 1
53, 1, 815, 216, 104, 144, 1, 1, 1
54, 1, 813, 214, 107, 140, 1, 1, 1
55, 1, 815, 214, 104, 143, 1, 1, 1
56, 1, 816, 215, 104, 142, 1, 1, 1
57, 1, 816, 217, 105, 143, 1, 1, 1
58, 1, 816, 216, 105, 141, 1, 1, 1
59, 1, 818, 217, 104, 146, 1, 1, 1
60, 1, 818, 217, 102, 144, 1, 1, 1
61, 1, 819, 219, 101, 145, 1, 1, 1
62, 1, 821, 221, 100, 144, 1, 1, 1
63, 1, 819, 221, 102, 145, 1, 1, 1
64, 1, 819, 221, 102, 150, 1, 1, 1
65, 1, 821, 222, 101, 144, 1, 1, 1
66, 1, 823, 224, 100, 149, 1, 1, 1
67, 1, 824, 227, 99, 146, 1, 1, 1
68, 1, 824, 226, 101, 148, 1, 1, 1
69, 1, 826, 223, 98, 153, 1, 1, 1
70, 1, 826, 224, 99, 151, 1, 1, 1
71, 1, 826, 230, 103, 146, 1, 1, 1
72, 1, 828, 230, 103, 146, 1, 1, 1
73, 1, 832, 233, 99, 145, 1, 1, 1
74, 1, 834, 237, 98, 142, 1, 1, 1
75, 1, 835, 236, 93, 143, 1, 1, 1
76, 1, 834, 236, 94, 142, 1, 1, 1
77, 1, 835, 234, 90, 141, 1, 1, 1
78, 1, 837, 236, 86, 142, 1, 1, 1
79, 1, 840, 239, 86, 140, 1, 1, 1
80, 1, 841, 240, 84, 141, 1, 1, 1
81, 1, 839, 237, 85, 144, 1, 1, 1
82, 1, 836, 239, 86, 142, 1, 1, 1
83, 1, 840, 237, 81, 143, 1, 1, 1
84, 1, 841, 238, 81, 142, 1, 1, 1
85, 1, 838, 237, 86, 146, 1, 1, 1
86, 1, 847, 241, 79, 146, 1, 1, 1
87, 1, 839, 240, 86, 145, 1, 1, 1
88, 1, 843, 238, 80, 142, 1, 1, 1
89, 1, 841, 236, 81, 144, 1, 1, 1
90, 1, 842, 238, 80, 144, 1, 1, 1
91, 1, 846, 241, 78, 139, 1, 1, 1
92, 1, 849, 240, 76, 143, 1, 1, 1
93, 1, 848, 237, 78, 138, 1, 1, 1
94, 1, 842, 237, 80, 139, 1, 1, 1
95, 1, 840, 241, 78, 139, 1, 1, 1
96, 1, 841, 240, 77, 140, 1, 1, 1
97, 1, 846, 237, 77, 141, 1, 1, 1
98, 1, 845, 237, 80, 140, 1, 1, 1
99, 1, 846, 238, 77, 142, 1, 1, 1
100, 1, 844, 239, 77, 142, 1, 1, 1
101, 1, 841, 236, 79, 142, 1, 1, 1
102, 1, 841, 232, 81, 143, 1, 1, 1
103, 1, 843, 232, 81, 145, 1, 1, 1
104, 1, 844, 236, 80, 145, 1, 1, 1
105, 1, 843, 237, 81, 145, 1, 1, 1
106, 1, 842, 236, 81, 143, 1, 1, 1
107, 1, 839, 230, 84, 147, 1, 1, 1
108, 1, 836, 228, 85, 151, 1, 1, 1
109, 1, 835, 227, 87, 152, 1, 1, 1
110, 1, 837, 225, 90, 154, 1, 1, 1
111, 1, 839, 217, 89, 161, 1, 1, 1
112, 1, 836, 211, 98, 168, 1, 1, 1
113, 1, 833, 206, 109, 174, 1, 1, 1
114, 1, 831, 201, 114, 178, 1, 1, 1
115, 1, 832, 196, 117, 182, 1, 1, 1
116, 1, 834, 191, 117, 187, 1, 1, 1
117, 1, 836, 191, 118, 191, 1, 1, 1
118, 1, 836, 190, 116, 195, 1, 1, 1
119, 1, 836, 185, 114, 195, 1, 1, 1
120, 1, 836, 176, 110, 196, 1, 1, 1
121, 1, 834, 174, 105, 199, 1, 1, 1
122, 1, 835, 178, 101, 201, 1, 1, 1
123, 1, 839, 178, 95, 202, 1, 1, 1
124, 1, 841, 175, 91, 201, 1, 1, 1
125, 1, 839, 171, 84, 205, 1, 1, 1
126, 1, 835, 173, 83, 206, 1, 1, 1
127, 1, 833, 172, 80, 208, 1, 1, 1
128, 1, 834, 165, 82, 208, 1, 1, 1
129, 1, 835, 162, 82, 209, 1, 1, 1
130, 1, 837, 168, 82, 210, 1, 1, 1
131, 1, 836, 174, 83, 207, 1, 1, 1
132, 1, 837, 169, 81, 210, 1, 1, 1
133, 1, 836, 161, 80, 210, 1, 1, 1
134, 1, 834, 160, 79, 213, 1, 1, 1
135, 1, 834, 168, 79, 212, 1, 1, 1
136, 1, 836, 172, 80, 210, 1, 1, 1
137, 1, 839, 166, 81, 208, 1, 1, 1
138, 1, 839, 162, 82, 212, 1, 1, 1
139, 1, 833, 171, 80, 212, 1, 1, 1
140, 1, 834, 167, 79, 209, 1, 1, 1
141, 1, 835, 162, 80, 209, 1, 1, 1
142, 1, 838, 167, 80, 210, 1, 1, 1
143, 1, 838, 173, 80, 211, 1, 1, 1
144, 1, 838, 173, 78, 209, 1, 1, 1
145, 1, 837, 164, 81, 208, 1, 1, 1
146, 1, 836, 161, 80, 214, 1, 1, 1
147, 1, 836, 171, 80, 215, 1, 1, 1
148, 1, 838, 175, 81, 212, 1, 1, 1
149, 1, 840, 167, 80, 211, 1, 1, 1
150, 1, 841, 161, 76, 213, 1, 1, 1
151, 1, 837, 164, 79, 215, 1, 1, 1
152, 1, 837, 171, 75, 216, 1, 1, 1
153, 1, 837, 167, 75, 216, 1, 1, 1
154, 1, 841, 161, 74, 213, 1, 1, 1
155, 1, 841, 161, 74, 218, 1, 1, 1
156, 1, 839, 168, 72, 219, 1, 1, 1
157, 1, 835, 168, 75, 219, 1, 1, 1
158, 1, 835, 159, 73, 218, 1, 1, 1
159, 1, 835, 152, 73, 221, 1, 1, 1
160, 1, 834, 159, 74, 218, 1, 1, 1
161, 1, 835, 167, 74, 220, 1, 1, 1
162, 1, 836, 168, 76, 219, 1, 1, 1
163, 1, 838, 159, 73, 219, 1, 1, 1
164, 1, 832, 162, 73, 221, 1, 1, 1
165, 1, 832, 164, 73, 220, 1, 1, 1
166, 1, 834, 159, 74, 219, 1, 1, 1
167, 1, 836, 155, 74, 221, 1, 1, 1
168, 1, 837, 165, 74, 219, 1, 1, 1
169, 1, 834, 167, 73, 220, 1, 1, 1
170, 1, 831, 163, 75, 218, 1, 1, 1
171, 1, 830, 154, 75, 219, 1, 1, 1
172, 1, 832, 154, 74, 219, 1, 1, 1
173, 1, 833, 165, 74, 219, 1, 1, 1
174, 1, 832, 168, 76, 220, 1, 1, 1
175, 1, 834, 164, 75, 218, 1, 1, 1
176, 1, 831, 156, 75, 218, 1, 1, 1
177, 1, 829, 156, 74, 220, 1, 1, 1
178, 1, 826, 163, 74, 218, 1, 1, 1
179, 1, 829, 165, 76, 218, 1, 1, 1
180, 1, 835, 161, 75, 217, 1, 1, 1
181, 1, 835, 162, 76, 216, 1, 1, 1
182, 1, 832, 166, 74, 219, 1, 1, 1
183, 1, 825, 161, 75, 219, 1, 1, 1
184, 1, 825, 155, 74, 218, 1, 1, 1
185, 1, 827, 154, 75, 219, 1, 1, 1
186, 1, 832, 162, 74, 215, 1, 1, 1
187, 1, 831, 169, 75, 218, 1, 1, 1
188, 1, 831, 168, 75, 216, 1, 1, 1
189, 1, 829, 158, 74, 219, 1, 1, 1
190, 1, 825, 151, 74, 223, 1, 1, 1
191, 1, 823, 158, 75, 218, 1, 1, 1
192, 1, 826, 164, 75, 220, 1, 1, 1
193, 1, 832, 166, 74, 219, 1, 1, 1
194, 1, 831, 161, 75, 214, 1, 1, 1
195, 1, 828, 160, 74, 218, 1, 1, 1
196, 1, 823, 159, 72, 220, 1, 1, 1
197, 1, 820, 159, 74, 218, 1, 1, 1
198, 1, 825, 156, 75, 219, 1, 1, 1
199, 1, 829, 161, 76, 218, 1, 1, 1
200, 1, 831, 166, 74, 220, 1, 1, 1
201, 1, 829, 167, 74, 218, 1, 1, 1
202, 1, 825, 160, 72, 218, 1, 1, 1
203, 1, 822, 154, 74, 220, 1, 1, 1
204, 1, 822, 155, 72, 221, 1, 1, 1
205, 1, 824, 161, 74, 219, 1, 1, 1
206, 1, 829, 166, 74, 218, 1, 1, 1
207, 1, 830, 164, 73, 215, 1, 1, 1
208, 1, 825, 159, 74, 217, 1, 1, 1
209, 1, 822, 158, 73, 217, 1, 1, 1
210, 1, 821, 158, 73, 220, 1, 1, 1
211, 1, 824, 159, 73, 221, 1, 1, 1
212, 1, 828, 161, 73, 215, 1, 1, 1
213, 1, 830, 161, 73, 217, 1, 1, 1
214, 1, 825, 162, 73, 217, 1, 1, 1
215, 1, 823, 158, 72, 220, 1, 1, 1
216, 1, 821, 156, 75, 219, 1, 1, 1
217, 1, 823, 157, 74, 219, 1, 1, 1
218, 1, 826, 161, 74, 218, 1, 1, 1
219, 1, 825, 163, 76, 219, 1, 1, 1
220, 1, 824, 160, 73, 218, 1, 1, 1
221, 1, 822, 155, 74, 220, 1, 1, 1
222, 1, 822, 155, 73, 220, 1, 1, 1
223, 1, 823, 159, 74, 220, 1, 1, 1
224, 1, 825, 162, 76, 217, 1, 1, 1
225, 1, 826, 161, 75, 217, 1, 1, 1
226, 1, 824, 157, 75, 218, 1, 1, 1
227, 1, 822, 158, 73, 216, 1, 1, 1
228, 1, 823, 157, 73, 220, 1, 1, 1
229, 1, 824, 158, 75, 218, 1, 1, 1
230, 1, 825, 160, 76, 218, 1, 1, 1
231, 1, 824, 161, 75, 218, 1, 1, 1
232, 1, 824, 160, 73, 218, 1, 1, 1
233, 1, 822, 155, 76, 218, 1, 1, 1
234, 1, 822, 153, 75, 219, 1, 1, 1
235, 1, 823, 157, 74, 218, 1, 1, 1
236, 1, 824, 162, 75, 218, 1, 1, 1
237, 1, 826, 164, 74, 220, 1, 1, 1
238, 1, 823, 157, 75, 219, 1, 1, 1
239, 1, 822, 157, 74, 218, 1, 1, 1
240, 1, 823, 158, 73, 218, 1, 1, 1
241, 1, 825, 160, 74, 217, 1, 1, 1
242, 1, 825, 159, 75, 219, 1, 1, 1
243, 1, 823, 157, 75, 219, 1, 1, 1
244, 1, 822, 159, 73, 221, 1, 1, 1
245, 1, 823, 160, 73, 218, 1, 1, 1
246, 1, 824, 158, 76, 220, 1, 1, 1
247, 1, 826, 159, 75, 217, 1, 1, 1
248, 1, 823, 161, 75, 220, 1, 1, 1
249, 1, 823, 162, 73, 219, 1, 1, 1
250, 1, 823, 159, 75, 219, 1, 1, 1
251, 1, 825, 156, 75, 219, 1, 1, 1
252, 1, 823, 157, 75, 221, 1, 1, 1
253, 1, 823, 162, 73, 217, 1, 1, 1
254, 1, 824, 163, 73, 219, 1, 1, 1
255, 1, 824, 159, 75, 218, 1, 1, 1
256, 1, 824, 158, 75, 217, 1, 1, 1
257, 1, 824, 160, 74, 218, 1, 1, 1
258, 1, 822, 162, 74, 218, 1, 1, 1
259, 1, 823, 159, 75, 219, 1, 1, 1
260, 1, 823, 157, 75, 218, 1, 1, 1
261, 1, 824, 158, 75, 216, 1, 1, 1
262, 1, 824, 163, 74, 217, 1, 1, 1
263, 1, 824, 157, 75, 219, 1, 1, 1
264, 1, 824, 157, 74, 218, 1, 1, 1
265, 1, 823, 159, 75, 220, 1, 1, 1
266, 1, 823, 161, 74, 218, 1, 1, 1
267, 1, 823, 159, 75, 218, 1, 1, 1
268, 1, 825, 158, 75, 220, 1, 1, 1
269, 1, 825, 161, 74, 218, 1, 1, 1
270, 1, 824, 163, 74, 217, 1, 1, 1
271, 1, 823, 159, 74, 218, 1, 1, 1
272, 1, 823, 155, 74, 220, 1, 1, 1
273, 1, 822, 157, 76, 218, 1, 1, 1
274, 1, 823, 162, 75, 217, 1, 1, 1
275, 1, 826, 166, 75, 218, 1, 1, 1
276, 1, 826, 163, 75, 217, 1, 1, 1
277, 1, 824, 157, 75, 218, 1, 1, 1
278, 1, 819, 156, 76, 216, 1, 1, 1
279, 1, 819, 159, 73, 217, 1, 1, 1
280, 1, 822, 161, 74, 218, 1, 1, 1
281, 1, 829, 163, 76, 217, 1, 1, 1
282, 1, 829, 163, 77, 216, 1, 1, 1
283, 1, 824, 160, 74, 218, 1, 1, 1
284, 1, 820, 160, 73, 216, 1, 1, 1
285, 1, 818, 157, 76, 215, 1, 1, 1
286, 1, 823, 155, 75, 220, 1, 1, 1
287, 1, 826, 161, 75, 218, 1, 1, 1
288, 1, 825, 165, 74, 217, 1, 1, 1
289, 1, 822, 157, 74, 218, 1, 1, 1
290, 1, 820, 153, 74, 217, 1, 1, 1
291, 1, 821, 157, 74, 218, 1, 1, 1
292, 1, 823, 162, 75, 218, 1, 1, 1
293, 1, 827, 165, 75, 218, 1, 1, 1
294, 1, 828, 163, 73, 215, 1, 1, 1
295, 1, 824, 162, 73, 218, 1, 1, 1
296, 1, 820, 160, 74, 220, 1, 1, 1
297, 1, 820, 162, 73, 217, 1, 1, 1
298, 1, 824, 163, 74, 220, 1, 1, 1
299, 1, 827, 165, 72, 218, 1, 1, 1
300, 1, 825, 165, 74, 217, 1, 1, 1
301, 1, 822, 162, 74, 220, 1, 1, 1
302, 1, 820, 160, 73, 219, 1, 1, 1
303, 1, 822, 161, 73, 220, 1, 1, 1
304, 1, 826, 164, 74, 218, 1, 1, 1
305, 1, 828, 167, 73, 217, 1, 1, 1
306, 1, 825, 166, 74, 218, 1, 1, 1
307, 1, 822, 163, 73, 218, 1, 1, 1
308, 1, 821, 159, 72, 216, 1, 1, 1
309, 1, 822, 159, 73, 221, 1, 1, 1
310, 1, 824, 162, 74, 219, 1, 1, 1
311, 1, 825, 166, 75, 220, 1, 1, 1
312, 1, 825, 166, 74, 221, 1, 1, 1
313, 1, 822, 158, 72, 219, 1, 1, 1
314, 1, 821, 160, 74, 219, 1, 1, 1
315, 1, 823, 162, 74, 219, 1, 1, 1
316, 1, 827, 165, 74, 218, 1, 1, 1
317, 1, 828, 167, 73, 216, 1, 1, 1
318, 1, 826, 164, 72, 217, 1, 1, 1
319, 1, 822, 161, 73, 220, 1, 1, 1
320, 1, 821, 160, 72, 219, 1, 1, 1
321, 1, 823, 161, 73, 220, 1, 1, 1
322, 1, 827, 166, 73, 217, 1, 1, 1
323, 1, 829, 167, 72, 218, 1, 1, 1
324, 1, 827, 165, 73, 217, 1, 1, 1
325, 1, 823, 161, 72, 220, 1, 1, 1
326, 1, 822, 160, 72, 220, 1, 1, 1
327, 1, 824, 161, 71, 219, 1, 1, 1
328, 1, 827, 165, 73, 218, 1, 1, 1
329, 1, 829, 166, 72, 217, 1, 1, 1
330, 1, 826, 166, 73, 216, 1, 1, 1
331, 1, 824, 161, 71, 219, 1, 1, 1
332, 1, 819, 157, 75, 221, 1, 1, 1
333, 1, 822, 160, 73, 219, 1, 1, 1
334, 1, 826, 165, 74, 218, 1, 1, 1
335, 1, 827, 167, 74, 217, 1, 1, 1
336, 1, 827, 168, 72, 216, 1, 1, 1
337, 1, 825, 163, 75, 214, 1, 1, 1
338, 1, 823, 160, 75, 218, 1, 1, 1
339, 1, 822, 160, 77, 218, 1, 1, 1
340, 1, 824, 162, 75, 219, 1, 1, 1
341, 1, 825, 167, 75, 217, 1, 1, 1
342, 1, 826, 168, 76, 217, 1, 1, 1
343, 1, 824, 166, 78, 213, 1, 1, 1
344, 1, 821, 162, 81, 217, 1, 1, 1
345, 1, 820, 162, 84, 216, 1, 1, 1
346, 1, 822, 166, 81, 217, 1, 1, 1
347, 1, 823, 166, 87, 216, 1, 1, 1
348, 1, 823, 164, 86, 214, 1, 1, 1
349, 1, 818, 162, 87, 217, 1, 1, 1
350, 1, 817, 165, 85, 215, 1, 1, 1
351, 1, 815, 166, 90, 209, 1, 1, 1
352, 1, 817, 167, 91, 209, 1, 1, 1
353, 1, 819, 166, 92, 211, 1, 1, 1
354, 1, 818, 166, 94, 208, 1, 1, 1
355, 1, 817, 166, 96, 206, 1, 1, 1
356, 1, 817, 163, 97, 205, 1, 1, 1
357, 1, 816, 164, 100, 203, 1, 1, 1
358, 1, 823, 169, 98, 201, 1, 1, 1
359, 1, 824, 175, 97, 200, 1, 1, 1
360, 1, 826, 177, 99, 196, 1, 1, 1
361, 1, 827, 173, 98, 195, 1, 1, 1
362, 1, 824, 171, 102, 196, 1, 1, 1
363, 1, 825, 172, 100, 199, 1, 1, 1
364, 1, 827, 176, 103, 195, 1, 1, 1
365, 1, 836, 176, 108, 199, 1, 1, 1
366, 1, 837, 176, 113, 197, 1, 1, 1
367, 1, 838, 174, 107, 199, 1, 1, 1
368, 1, 838, 170, 104, 202, 1, 1, 1
369, 1, 843, 166, 98, 201, 1, 1, 1
370, 1, 848, 164, 96, 210, 1, 1, 1
371, 1, 855, 165, 93, 213, 1, 1, 1
372, 1, 862, 166, 91, 219, 1, 1, 1
373, 1, 858, 163, 94, 219, 1, 1, 1
374, 1, 855, 158, 95, 222, 1, 1, 1
375, 1, 871, 156, 79, 225, 1, 1, 1
376, 1, 878, 159, 73, 222, 1, 1, 1
377, 1, 881, 162, 70, 220, 1, 1, 1
378, 1, 884, 167, 83, 213, 1, 1, 1
379, 1, 877, 165, 102, 208, 1, 1, 1
380, 1, 869, 163, 113, 201, 1, 1, 1
381, 1, 886, 161, 100, 208, 1, 1, 1
382, 1, 888, 163, 104, 207, 1, 1, 1
383, 1, 886, 166, 105, 205, 1, 1, 1
384, 1, 894, 166, 105, 209, 1, 1, 1
385, 1, 895, 164, 99, 206, 1, 1, 1
386, 1, 896, 161, 97, 206, 1, 1, 1
387, 1, 893, 158, 96, 207, 1, 1, 1
388, 1, 900, 156, 89, 204, 1, 1, 1
389, 1, 908, 156, 87, 204, 1, 1, 1
390, 1, 917, 162, 84, 203, 1, 1, 1
391, 1, 925, 163, 80, 202, 1, 1, 1
392, 1, 935, 157, 77, 201, 1, 1, 1
393, 1, 935, 151, 82, 200, 1, 1, 1
394, 1, 935, 146, 88, 203, 1, 1, 1
395, 1, 941, 150, 96, 204, 1, 1, 1
396, 1, 948, 155, 100, 202, 1, 1, 1
397, 1, 957, 154, 99, 204, 1, 1, 1
398, 1, 956, 153, 101, 203, 1, 1, 1
399, 1, 950, 150, 105, 202, 1, 1, 1
400, 1, 947, 145, 104, 207, 1, 1, 1
401, 1, 956, 145, 95, 205, 1, 1, 1
402, 1, 963, 146, 98, 204, 1, 1, 1
403, 1, 971, 147, 94, 205, 1, 1, 1
404, 1, 971, 145, 96, 211, 1, 1, 1
405, 1, 967, 145, 98, 209, 1, 1, 1
406, 1, 969, 141, 91, 208, 1, 1, 1
407, 1, 976, 135, 83, 212, 1, 1, 1
408, 1, 982, 135, 81, 213, 1, 1, 1
409, 1, 991, 139, 77, 214, 1, 1, 1
410, 1, 1001, 141, 66, 216, 1, 1, 1
411, 1, 1010, 140, 57, 214, 1, 1, 1
412, 1, 1013, 135, 53, 218, 1, 1, 1
413, 1, 1015, 133, 49, 221, 1, 1, 1
414, 1, 1019, 137, 49, 219, 1, 1, 1
415, 1, 1027, 139, 55, 224, 1, 1, 1
416, 1, 1034, 140, 61, 220, 1, 1, 1
417, 1, 1035, 143, 67, 215, 1, 1, 1
418, 1, 1031, 145, 73, 214, 1, 1, 1
419, 1, 1031, 144, 75, 215, 1, 1, 1
420, 1, 1034, 143, 75, 217, 1, 1, 1
421, 1, 1040, 147, 76, 213, 1, 1, 1
422, 1, 1043, 153, 81, 213, 1, 1, 1
423, 1, 1040, 158, 81, 210, 1, 1, 1
424, 1, 1040, 156, 77, 208, 1, 1, 1
425, 1, 1037, 153, 79, 209, 1, 1, 1
426, 1, 1040, 155, 77, 206, 1, 1, 1
427, 1, 1047, 163, 74, 205, 1, 1, 1
428, 1, 1057, 165, 66, 206, 1, 1, 1
429, 1, 1063, 166, 61, 204, 1, 1, 1
430, 1, 1067, 165, 57, 202, 1, 1, 1
431, 1, 1067, 163, 58, 201, 1, 1, 1
432, 1, 1068, 165, 60, 200, 1, 1, 1
433, 1, 1073, 170, 64, 197, 1, 1, 1
434, 1, 1081, 173, 65, 196, 1, 1, 1
435, 1, 1085, 178, 65, 194, 1, 1, 1
436, 1, 1084, 179, 67, 194, 1, 1, 1
437, 1, 1080, 177, 70, 197, 1, 1, 1
438, 1, 1080, 178, 76, 201, 1, 1, 1
439, 1, 1085, 179, 78, 205, 1, 1, 1
440, 1, 1090, 184, 78, 208, 1, 1, 1
441, 1, 1097, 188, 71, 209, 1, 1, 1
442, 1, 1097, 188, 69, 210, 1, 1, 1
443, 1, 1095, 187, 68, 206, 1, 1, 1
444, 1, 1091, 186, 71, 209, 1, 1, 1
445, 1, 1095, 186, 70, 208, 1, 1, 1
446, 1, 1101, 190, 69, 208, 1, 1, 1
447, 1, 1107, 196, 68, 206, 1, 1, 1
448, 1, 1109, 196, 68, 204, 1, 1, 1
449, 1, 1107, 192, 68, 205, 1, 1, 1
450, 1, 1105, 191, 70, 203, 1, 1, 1
451, 1, 1106, 192, 74, 205, 1, 1, 1
452, 1, 1110, 197, 82, 208, 1, 1, 1
453, 1, 1116, 202, 80, 207, 1, 1, 1
454, 1, 1118, 204, 81, 217, 1, 1, 1
455, 1, 1114, 207, 81, 216, 1, 1, 1
456, 1, 1110, 206, 73, 223, 1, 1, 1
457, 1, 1110, 207, 72, 224, 1, 1, 1
458, 1, 1113, 211, 74, 222, 1, 1, 1
459, 1, 1117, 216, 74, 222, 1, 1, 1
460, 1, 1118, 219, 74, 223, 1, 1, 1
461, 1, 1117, 220, 74, 218, 1, 1, 1
462, 1, 1113, 220, 74, 219, 1, 1, 1
463, 1, 1112, 221, 75, 218, 1, 1, 1
464, 1, 1114, 226, 73, 215, 1, 1, 1
465, 1, 1118, 229, 73, 216, 1, 1, 1
466, 1, 1122, 230, 70, 212, 1, 1, 1
467, 1, 1119, 230, 73, 210, 1, 1, 1
468, 1, 1117, 232, 72, 207, 1, 1, 1
469, 1, 1116, 233, 71, 207, 1, 1, 1
470, 1, 1119, 235, 72, 205, 1, 1, 1
471, 1, 1123, 238, 72, 204, 1, 1, 1
472, 1, 1126, 241, 72, 202, 1, 1, 1
473, 1, 1125, 242, 75, 204, 1, 1, 1
474, 1, 1124, 243, 77, 208, 1, 1, 1
475, 1, 1124, 244, 82, 210, 1, 1, 1
476, 1, 1126, 246, 82, 208, 1, 1, 1
477, 1, 1130, 250, 86, 212, 1, 1, 1
478, 1, 1134, 257, 83, 211, 1, 1, 1
479, 1, 1135, 259, 78, 210, 1, 1, 1
480, 1, 1135, 259, 75, 211, 1, 1, 1
481, 1, 1137, 260, 71, 214, 1, 1, 1
482, 1, 1140, 264, 70, 213, 1, 1, 1
483, 1, 1144, 264, 71, 213, 1, 1, 1
484, 1, 1147, 263, 74, 212, 1, 1, 1
485, 1, 1147, 265, 75, 211, 1, 1, 1
486, 1, 1146, 266, 76, 211, 1, 1, 1
487, 1, 1148, 267, 77, 213, 1, 1, 1
488, 1, 1152, 267, 75, 211, 1, 1, 1
489, 1, 1157, 269, 72, 208, 1, 1, 1
490, 1, 1158, 271, 75, 209, 1, 1, 1
491, 1, 1157, 271, 75, 221, 1, 1, 1
492, 1, 1159, 271, 73, 228, 1, 1, 1
493, 1, 1162, 275, 74, 232, 1, 1, 1
494, 1, 1166, 280, 72, 234, 1, 1, 1
495, 1, 1167, 286, 72, 231, 1, 1, 1
496, 1, 1168, 286, 70, 230, 1, 1, 1
497, 1, 1167, 286, 70, 229, 1, 1, 1
498, 1, 1166, 288, 71, 231, 1, 1, 1
499, 1, 1169, 293, 70, 231, 1, 1, 1
500, 1, 1172, 298, 68, 228, 1, 1, 1
501, 1, 1173, 300, 68, 226, 1, 1, 1
502, 1, 1174, 301, 67, 224, 1, 1, 1
503, 1, 1175, 303, 68, 221, 1, 1, 1
504, 1, 1173, 305, 69, 220, 1, 1, 1
505, 1, 1175, 308, 69, 217, 1, 1, 1
506, 1, 1180, 311, 65, 214, 1, 1, 1
507, 1, 1180, 311, 68, 212, 1, 1, 1
508, 1, 1181, 314, 68, 212, 1, 1, 1
509, 1, 1181, 318, 70, 207, 1, 1, 1
510, 1, 1180, 318, 72, 207, 1, 1, 1
511, 1, 1183, 320, 71, 205, 1, 1, 1
512, 1, 1187, 323, 68, 209, 1, 1, 1
513, 1, 1188, 328, 73, 214, 1, 1, 1
514, 1, 1189, 329, 76, 217, 1, 1, 1
515, 1, 1188, 330, 80, 215, 1, 1, 1
516, 1, 1192, 335, 82, 220, 1, 1, 1
517, 1, 1197, 341, 74, 217, 1, 1, 1
518, 1, 1200, 341, 75, 219, 1, 1, 1
519, 1, 1201, 339, 72, 220, 1, 1, 1
520, 1, 1201, 341, 70, 219, 1, 1, 1
521, 1, 1202, 345, 75, 217, 1, 1, 1
522, 1, 1205, 347, 77, 215, 1, 1, 1
523, 1, 1214, 347, 75, 215, 1, 1, 1
524, 1, 1216, 350, 75, 213, 1, 1, 1
525, 1, 1216, 351, 72, 213, 1, 1, 1
526, 1, 1214, 348, 73, 214, 1, 1, 1
527, 1, 1215, 346, 75, 212, 1, 1, 1
528, 1, 1221, 351, 73, 212, 1, 1, 1
529, 1, 1226, 359, 78, 216, 1, 1, 1
530, 1, 1231, 364, 75, 226, 1, 1, 1
531, 1, 1230, 362, 79, 231, 1, 1, 1
532, 1, 1226, 360, 77, 237, 1, 1, 1
533, 1, 1224, 362, 75, 236, 1, 1, 1
534, 1, 1224, 368, 79, 236, 1, 1, 1
535, 1, 1233, 373, 79, 239, 1, 1, 1
536, 1, 1239, 375, 80, 236, 1, 1, 1
537, 1, 1238, 379, 85, 232, 1, 1, 1
538, 1, 1236, 382, 89, 230, 1, 1, 1
539, 1, 1235, 383, 91, 229, 1, 1, 1
540, 1, 1237, 383, 92, 227, 1, 1, 1
541, 1, 1248, 392, 91, 222, 1, 1, 1
542, 1, 1252, 399, 86, 218, 1, 1, 1
543, 1, 1250, 400, 83, 216, 1, 1, 1
544, 1, 1250, 394, 79, 215, 1, 1, 1
545, 1, 1251, 394, 76, 214, 1, 1, 1
546, 1, 1254, 403, 75, 210, 1, 1, 1
547, 1, 1262, 409, 71, 206, 1, 1, 1
548, 1, 1265, 407, 74, 208, 1, 1, 1
549, 1, 1265, 405, 79, 213, 1, 1, 1
550, 1, 1264, 409, 84, 214, 1, 1, 1
551, 1, 1265, 414, 92, 217, 1, 1, 1
552, 1, 1273, 417, 89, 217, 1, 1, 1
553, 1, 1278, 416, 88, 218, 1, 1, 1
554, 1, 1284, 418, 86, 222, 1, 1, 1
555, 1, 1281, 424, 87, 221, 1, 1, 1
556, 1, 1276, 425, 88, 218, 1, 1, 1
557, 1, 1281, 420, 86, 217, 1, 1, 1
558, 1, 1287, 419, 90, 220, 1, 1, 1
559, 1, 1292, 425, 96, 220, 1, 1, 1
560, 1, 1298, 429, 98, 221, 1, 1, 1
561, 1, 1302, 428, 92, 218, 1, 1, 1
562, 1, 1298, 425, 102, 217, 1, 1, 1
563, 1, 1297, 424, 103, 218, 1, 1, 1
564, 1, 1298, 429, 106, 217, 1, 1, 1
565, 1, 1306, 436, 102, 227, 1, 1, 1
566, 1, 1316, 441, 102, 232, 1, 1, 1
567, 1, 1314, 444, 102, 235, 1, 1, 1
568, 1, 1315, 446, 101, 235, 1, 1, 1
569, 1, 1317, 448, 99, 237, 1, 1, 1
570, 1, 1323, 451, 97, 237, 1, 1, 1
571, 1, 1329, 458, 97, 231, 1, 1, 1
572, 1, 1334, 464, 94, 231, 1, 1, 1
573, 1, 1337, 466, 94, 226, 1, 1, 1
574, 1, 1338, 466, 89, 223, 1, 1, 1
575, 1, 1340, 466, 86, 222, 1, 1, 1
576, 1, 1346, 469, 81, 222, 1, 1, 1
577, 1, 1352, 477, 78, 217, 1, 1, 1
578, 1, 1360, 479, 76, 217, 1, 1, 1
579, 1, 1364, 478, 72, 215, 1, 1, 1
580, 1, 1364, 480, 70, 212, 1, 1, 1
581, 1, 1363, 484, 73, 208, 1, 1, 1
582, 1, 1367, 489, 75, 207, 1, 1, 1
583, 1, 1372, 489, 82, 211, 1, 1, 1
584, 1, 1377, 493, 85, 216, 1, 1, 1
585, 1, 1377, 496, 91, 217, 1, 1, 1
586, 1, 1374, 497, 98, 219, 1, 1, 1
587, 1, 1374, 497, 93, 218, 1, 1, 1
588, 1, 1376, 499, 97, 218, 1, 1, 1
589, 1, 1380, 503, 95, 217, 1, 1, 1
590, 1, 1384, 507, 94, 218, 1, 1, 1
591, 1, 1390, 508, 103, 213, 1, 1, 1
592, 1, 1391, 507, 105, 212, 1, 1, 1
593, 1, 1401, 511, 102, 211, 1, 1, 1
594, 1, 1409, 513, 101, 209, 1, 1, 1
595, 1, 1418, 518, 100, 206, 1, 1, 1
596, 1, 1420, 519, 102, 209, 1, 1, 1
597, 1, 1419, 520, 102, 221, 1, 1, 1
598, 1, 1415, 524, 108, 226, 1, 1, 1
599, 1, 1417, 526, 106, 216, 1, 1, 1
600, 1, 1419, 531, 108, 231, 1, 1, 1
601, 1, 1422, 536, 106, 227, 1, 1, 1
602, 1, 1424, 542, 101, 226, 1, 1, 1
603, 1, 1425, 547, 102, 222, 1, 1, 1
604, 1, 1427, 548, 100, 225, 1, 1, 1
605, 1, 1430, 550, 97, 221, 1, 1, 1
606, 1, 1433, 555, 94, 217, 1, 1, 1
607, 1, 1441, 559, 88, 217, 1, 1, 1
608, 1, 1449, 563, 86, 213, 1, 1, 1
609, 1, 1453, 566, 87, 207, 1, 1, 1
610, 1, 1464, 566, 79, 204, 1, 1, 1
611, 1, 1465, 570, 80, 202, 1, 1, 1
612, 1, 1469, 573, 82, 202, 1, 1, 1
613, 1, 1473, 576, 87, 196, 1, 1, 1
614, 1, 1474, 579, 97, 192, 1, 1, 1
615, 1, 1474, 582, 101, 196, 1, 1, 1
616, 1, 1470, 585, 112, 197, 1, 1, 1
617, 1, 1471, 587, 119, 197, 1, 1, 1
618, 1, 1472, 591, 122, 195, 1, 1, 1
619, 1, 1475, 597, 130, 194, 1, 1, 1
620, 1, 1474, 605, 139, 193, 1, 1, 1
621, 1, 1476, 610, 139, 188, 1, 1, 1
622, 1, 1474, 614, 141, 183, 1, 1, 1
623, 1, 1474, 617, 142, 173, 1, 1, 1
624, 1, 1476, 620, 133, 180, 1, 1, 1
625, 1, 1481, 625, 134, 175, 1, 1, 1
626, 1, 1492, 633, 121, 171, 1, 1, 1
627, 1, 1500, 638, 108, 167, 1, 1, 1
628, 1, 1502, 640, 99, 165, 1, 1, 1
629, 1, 1504, 643, 94, 165, 1, 1, 1
630, 1, 1505, 646, 93, 165, 1, 1, 1
631, 1, 1508, 645, 91, 165, 1, 1, 1
632, 1, 1510, 652, 93, 159, 1, 1, 1
633, 1, 1514, 655, 91, 150, 1, 1, 1
634, 1, 1511, 656, 92, 152, 1, 1, 1
635, 1, 1507, 656, 95, 156, 1, 1, 1
636, 1, 1505, 657, 93, 151, 1, 1, 1
637, 1, 1507, 658, 95, 150, 1, 1, 1
638, 1, 1511, 658, 94, 150, 1, 1, 1
639, 1, 1511, 658, 93, 152, 1, 1, 1
640, 1, 1510, 657, 94, 155, 1, 1, 1
641, 1, 1508, 657, 94, 153, 1, 1, 1
642, 1, 1507, 656, 91, 153, 1, 1, 1
643, 1, 1508, 658, 95, 155, 1, 1, 1
644, 1, 1512, 660, 95, 157, 1, 1, 1
645, 1, 1513, 661, 94, 154, 1, 1, 1
646, 1, 1510, 660, 96, 156, 1, 1, 1
647, 1, 1508, 656, 95, 156, 1, 1, 1
648, 1, 1509, 656, 96, 155, 1, 1, 1
649, 1, 1510, 659, 96, 155, 1, 1, 1
650, 1, 1513, 658, 95, 157, 1, 1, 1
651, 1, 1513, 660, 95, 155, 1, 1, 1
652, 1, 1508, 658, 98, 156, 1, 1, 1
653, 1, 1508, 659, 97, 157, 1, 1, 1
654, 1, 1510, 660, 97, 154, 1, 1, 1
655, 1, 1514, 660, 94, 156, 1, 1, 1
656, 1, 1515, 660, 94, 155, 1, 1, 1
657, 1, 1514, 660, 95, 156, 1, 1, 1
658, 1, 1510, 660, 96, 152, 1, 1, 1
659, 1, 1507, 658, 98, 155, 1, 1, 1
660, 1, 1508, 656, 96, 156, 1, 1, 1
661, 1, 1512, 659, 97, 157, 1, 1, 1
662, 1, 1515, 662, 94, 154, 1, 1, 1
663, 1, 1514, 660, 95, 157, 1, 1, 1
664, 1, 1512, 659, 95, 155, 1, 1, 1
665, 1, 1508, 658, 97, 155, 1, 1, 1
666, 1, 1507, 657, 98, 156, 1, 1, 1
667, 1, 1511, 658, 94, 156, 1, 1, 1
668, 1, 1514, 659, 94, 156, 1, 1, 1
669, 1, 1514, 659, 94, 155, 1, 1, 1
670, 1, 1511, 658, 96, 155, 1, 1, 1
671, 1, 1509, 658, 95, 155, 1, 1, 1
672, 1, 1509, 655, 96, 157, 1, 1, 1
673, 1, 1514, 658, 94, 153, 1, 1, 1
674, 1, 1514, 659, 95, 155, 1, 1, 1
675, 1, 1515, 658, 94, 156, 1, 1, 1
676, 1, 1512, 655, 95, 157, 1, 1, 1
677, 1, 1508, 658, 97, 155, 1, 1, 1
678, 1, 1510, 657, 96, 155, 1, 1, 1
679, 1, 1513, 658, 95, 156, 1, 1, 1
680, 1, 1515, 659, 94, 156, 1, 1, 1
681, 1, 1515, 660, 95, 154, 1, 1, 1
682, 1, 1514, 659, 94, 156, 1, 1, 1
683, 1, 1511, 657, 96, 156, 1, 1, 1
684, 1, 1511, 657, 96, 154, 1, 1, 1
685, 1, 1511, 659, 96, 155, 1, 1, 1
686, 1, 1515, 660, 95, 156, 1, 1, 1
687, 1, 1516, 660, 95, 154, 1, 1, 1
688, 1, 1516, 660, 94, 153, 1, 1, 1
689, 1, 1511, 659, 97, 153, 1, 1, 1
690, 1, 1508, 658, 99, 155, 1, 1, 1
691, 1, 1510, 657, 97, 154, 1, 1, 1
692, 1, 1515, 659, 95, 155, 1, 1, 1
693, 1, 1515, 661, 98, 152, 1, 1, 1
694, 1, 1515, 661, 97, 154, 1, 1, 1
695, 1, 1513, 659, 95, 154, 1, 1, 1
696, 1, 1511, 656, 96, 154, 1, 1, 1
697, 1, 1511, 657, 97, 153, 1, 1, 1
698, 1, 1515, 656, 95, 156, 1, 1, 1
699, 1, 1517, 657, 94, 151, 1, 1, 1
700, 1, 1517, 657, 93, 150, 1, 1, 1
701, 1, 1514, 655, 94, 154, 1, 1, 1
702, 1, 1509, 654, 96, 152, 1, 1, 1
703, 1, 1509, 655, 96, 154, 1, 1, 1
704, 1, 1513, 656, 96, 155, 1, 1, 1
705, 1, 1519, 658, 93, 154, 1, 1, 1
706, 1, 1521, 660, 94, 148, 1, 1, 1
707, 1, 1515, 657, 96, 155, 1, 1, 1
708, 1, 1509, 657, 97, 153, 1, 1, 1
709, 1, 1506, 656, 98, 153, 1, 1, 1
710, 1, 1512, 657, 96, 155, 1, 1, 1
711, 1, 1515, 657, 98, 153, 1, 1, 1
712, 1, 1520, 661, 95, 150, 1, 1, 1
713, 1, 1515, 659, 98, 151, 1, 1, 1
714, 1, 1511, 657, 97, 154, 1, 1, 1
715, 1, 1508, 655, 97, 160, 1, 1, 1
716, 1, 1511, 654, 96, 175, 1, 1, 1
717, 1, 1514, 656, 95, 178, 1, 1, 1
718, 1, 1517, 663, 97, 175, 1, 1, 1
719, 1, 1514, 657, 96, 179, 1, 1, 1
720, 1, 1510, 655, 97, 183, 1, 1, 1
721, 1, 1506, 655, 97, 182, 1, 1, 1
722, 1, 1507, 656, 97, 182, 1, 1, 1
723, 1, 1514, 658, 95, 179, 1, 1, 1
724, 1, 1517, 660, 94, 180, 1, 1, 1
725, 1, 1515, 661, 97, 178, 1, 1, 1
726, 1, 1513, 658, 96, 183, 1, 1, 1
727, 1, 1506, 656, 99, 185, 1, 1, 1
728, 1, 1505, 656, 98, 182, 1, 1, 1
729, 1, 1512, 655, 95, 184, 1, 1, 1
730, 1, 1515, 658, 97, 179, 1, 1, 1
731, 1, 1514, 659, 98, 181, 1, 1, 1
732, 1, 1511, 657, 96, 181, 1, 1, 1
733, 1, 1507, 657, 99, 180, 1, 1, 1
734, 1, 1506, 656, 101, 180, 1, 1, 1
735, 1, 1510, 656, 99, 182, 1, 1, 1
736, 1, 1513, 659, 98, 176, 1, 1, 1
737, 1, 1515, 658, 94, 180, 1, 1, 1
738, 1, 1511, 658, 96, 181, 1, 1, 1
739, 1, 1508, 657, 98, 182, 1, 1, 1
740, 1, 1505, 655, 100, 183, 1, 1, 1
741, 1, 1508, 657, 98, 183, 1, 1, 1
742, 1, 1512, 659, 97, 183, 1, 1, 1
743, 1, 1514, 661, 98, 180, 1, 1, 1
744, 1, 1513, 661, 98, 182, 1, 1, 1
745, 1, 1509, 661, 99, 176, 1, 1, 1
746, 1, 1504, 661, 102, 178, 1, 1, 1
747, 1, 1506, 662, 101, 179, 1, 1, 1
748, 1, 1511, 662, 100, 180, 1, 1, 1
749, 1, 1514, 661, 98, 180, 1, 1, 1
750, 1, 1512, 663, 100, 171, 1, 1, 1
751, 1, 1508, 663, 101, 176, 1, 1, 1
752, 1, 1506, 662, 100, 174, 1, 1, 1
753, 1, 1505, 662, 100, 177, 1, 1, 1
754, 1, 1510, 664, 98, 179, 1, 1, 1
755, 1, 1512, 665, 99, 175, 1, 1, 1
756, 1, 1513, 661, 100, 177, 1, 1, 1
757, 1, 1508, 662, 99, 180, 1, 1, 1
758, 1, 1503, 663, 102, 175, 1, 1, 1
759, 1, 1503, 664, 100, 177, 1, 1, 1
760, 1, 1508, 663, 100, 179, 1, 1, 1
761, 1, 1512, 662, 99, 180, 1, 1, 1
762, 1, 1512, 663, 98, 179, 1, 1, 1
763, 1, 1507, 664, 101, 178, 1, 1, 1
764, 1, 1503, 664, 101, 177, 1, 1, 1
765, 1, 1503, 663, 100, 175, 1, 1, 1
766, 1, 1505, 664, 101, 176, 1, 1, 1
767, 1, 1508, 665, 100, 177, 1, 1, 1
768, 1, 1510, 665, 98, 176, 1, 1, 1
769, 1, 1508, 663, 99, 177, 1, 1, 1
770, 1, 1504, 663, 98, 178, 1, 1, 1
771, 1, 1503, 664, 99, 176, 1, 1, 1
772, 1, 1504, 665, 100, 177, 1, 1, 1
773, 1, 1508, 664, 99, 177, 1, 1, 1
774, 1, 1510, 664, 98, 174, 1, 1, 1
775, 1, 1507, 665, 100, 178, 1, 1, 1
776, 1, 1504, 665, 99, 177, 1, 1, 1
777, 1, 1503, 666, 100, 174, 1, 1, 1
778, 1, 1506, 664, 98, 175, 1, 1, 1
779, 1, 1507, 665, 101, 176, 1, 1, 1
780, 1, 1508, 668, 99, 175, 1, 1, 1
781, 1, 1506, 666, 100, 175, 1, 1, 1
782, 1, 1505, 665, 99, 174, 1, 1, 1
783, 1, 1502, 663, 101, 176, 1, 1, 1
784, 1, 1505, 666, 100, 176, 1, 1, 1
785, 1, 1508, 669, 100, 174, 1, 1, 1
786, 1, 1510, 669, 101, 175, 1, 1, 1
787, 1, 1508, 666, 100, 177, 1, 1, 1
788, 1, 1503, 666, 101, 172, 1, 1, 1
789, 1, 1501, 666, 102, 170, 1, 1, 1
790, 1, 1503, 665, 100, 174, 1, 1, 1
791, 1, 1505, 666, 102, 174, 1, 1, 1
792, 1, 1508, 668, 102, 174, 1, 1, 1
793, 1, 1507, 668, 100, 173, 1, 1, 1
794, 1, 1503, 666, 102, 168, 1, 1, 1
795, 1, 1500, 664, 104, 170, 1, 1, 1
796, 1, 1500, 664, 103, 172, 1, 1, 1
797, 1, 1503, 665, 103, 173, 1, 1, 1
798, 1, 1506, 666, 103, 170, 1, 1, 1
799, 1, 1507, 665, 103, 171, 1, 1, 1
800, 1, 1503, 665, 104, 172, 1, 1, 1
801, 1, 1501, 665, 103, 168, 1, 1, 1
802, 1, 1499, 664, 104, 170, 1, 1, 1
803, 1, 1502, 664, 104, 170, 1, 1, 1
804, 1, 1506, 665, 104, 169, 1, 1, 1
805, 1, 1506, 665, 104, 168, 1, 1, 1
806, 1, 1503, 666, 103, 169, 1, 1, 1
807, 1, 1500, 665, 104, 168, 1, 1, 1
808, 1, 1500, 663, 104, 170, 1, 1, 1
809, 1, 1502, 663, 104, 172, 1, 1, 1
810, 1, 1506, 665, 102, 173, 1, 1, 1
811, 1, 1505, 666, 104, 170, 1, 1, 1
812, 1, 1503, 665, 105, 173, 1, 1, 1
813, 1, 1500, 663, 104, 173, 1, 1, 1
814, 1, 1500, 663, 104, 174, 1, 1, 1
815, 1, 1501, 666, 103, 174, 1, 1, 1
816, 1, 1505, 666, 102, 174, 1, 1, 1
817, 1, 1506, 666, 103, 176, 1, 1, 1
818, 1, 1506, 665, 102, 176, 1, 1, 1
819, 1, 1501, 666, 103, 175, 1, 1, 1
820, 1, 1500, 665, 103, 175, 1, 1, 1
821, 1, 1500, 666, 104, 174, 1, 1, 1
822, 1, 1503, 665, 104, 175, 1, 1, 1
823, 1, 1506, 666, 102, 173, 1, 1, 1
824, 1, 1503, 666, 105, 172, 1, 1, 1
825, 1, 1502, 667, 104, 166, 1, 1, 1
826, 1, 1500, 664, 103, 167, 1, 1, 1
827, 1, 1500, 665, 102, 165, 1, 1, 1
828, 1, 1503, 666, 104, 168, 1, 1, 1
829, 1, 1503, 667, 105, 167, 1, 1, 1
830, 1, 1504, 666, 104, 167, 1, 1, 1
831, 1, 1501, 665, 105, 165, 1, 1, 1
832, 1, 1500, 665, 102, 164, 1, 1, 1
833, 1, 1500, 665, 102, 168, 1, 1, 1
834, 1, 1503, 667, 103, 166, 1, 1, 1
835, 1, 1504, 666, 104, 166, 1, 1, 1
836, 1, 1504, 666, 104, 166, 1, 1, 1
837, 1, 1502, 667, 104, 164, 1, 1, 1
838, 1, 1501, 667, 102, 167, 1, 1, 1
839, 1, 1500, 666, 103, 166, 1, 1, 1
840, 1, 1500, 665, 105, 166, 1, 1, 1
841, 1, 1504, 666, 104, 168, 1, 1, 1
842, 1, 1502, 667, 106, 162, 1, 1, 1
843, 1, 1502, 668, 104, 159, 1, 1, 1
844, 1, 1500, 666, 104, 157, 1, 1, 1
845, 1, 1499, 663, 105, 154, 1, 1, 1
846, 1, 1501, 665, 103, 152, 1, 1, 1
847, 1, 1503, 667, 103, 151, 1, 1, 1
848, 1, 1505, 667, 102, 150, 1, 1, 1
849, 1, 1504, 665, 102, 148, 1, 1, 1
850, 1, 1502, 664, 104, 149, 1, 1, 1
1, 2, 993, 423, 77, 210, 1, 1, 1
2, 2, 994, 418, 70, 214, 1, 1, 1
3, 2, 991, 415, 69, 212, 1, 1, 1
4, 2, 987, 413, 66, 212, 1, 1, 1
5, 2, 984, 410, 62, 212, 1, 1, 1
6, 2, 983, 407, 60, 205, 1, 1, 1
7, 2, 982, 407, 53, 202, 1, 1, 1
8, 2, 976, 407, 56, 203, 1, 1, 1
9, 2, 971, 406, 56, 201, 1, 1, 1
10, 2, 966, 403, 57, 205, 1, 1, 1
11, 2, 964, 401, 58, 207, 1, 1, 1
12, 2, 961, 400, 59, 208, 1, 1, 1
13, 2, 960, 400, 59, 207, 1, 1, 1
14, 2, 959, 400, 58, 206, 1, 1, 1
15, 2, 947, 398, 68, 208, 1, 1, 1
16, 2, 939, 397, 75, 208, 1, 1, 1
17, 2, 936, 397, 78, 208, 1, 1, 1
18, 2, 938, 397, 76, 208, 1, 1, 1
19, 2, 939, 397, 75, 208, 1, 1, 1
20, 2, 940, 398, 73, 205, 1, 1, 1
21, 2, 944, 395, 69, 209, 1, 1, 1
22, 2, 941, 394, 70, 206, 1, 1, 1
23, 2, 938, 393, 70, 205, 1, 1, 1
24, 2, 936, 392, 71, 205, 1, 1, 1
25, 2, 934, 391, 72, 205, 1, 1, 1
26, 2, 932, 392, 71, 203, 1, 1, 1
27, 2, 928, 392, 71, 201, 1, 1, 1
28, 2, 924, 391, 72, 202, 1, 1, 1
29, 2, 919, 389, 72, 203, 1, 1, 1
30, 2, 915, 390, 72, 202, 1, 1, 1
31, 2, 913, 390, 74, 202, 1, 1, 1
32, 2, 910, 390, 77, 202, 1, 1, 1
33, 2, 911, 389, 74, 205, 1, 1, 1
34, 2, 905, 387, 78, 206, 1, 1, 1
35, 2, 905, 386, 75, 206, 1, 1, 1
36, 2, 906, 385, 76, 207, 1, 1, 1
37, 2, 908, 385, 75, 206, 1, 1, 1
38, 2, 910, 386, 73, 207, 1, 1, 1
39, 2, 909, 386, 73, 208, 1, 1, 1
40, 2, 907, 384, 73, 207, 1, 1, 1
41, 2, 905, 381, 73, 208, 1, 1, 1
42, 2, 903, 381, 73, 209, 1, 1, 1
43, 2, 902, 379, 71, 210, 1, 1, 1
44, 2, 902, 378, 70, 211, 1, 1, 1
45, 2, 905, 376, 66, 210, 1, 1, 1
46, 2, 902, 375, 66, 208, 1, 1, 1
47, 2, 900, 375, 62, 205, 1, 1, 1
48, 2, 899, 373, 60, 204, 1, 1, 1
49, 2, 899, 373, 59, 200, 1, 1, 1
50, 2, 899, 370, 57, 202, 1, 1, 1
51, 2, 898, 371, 55, 204, 1, 1, 1
52, 2, 895, 370, 57, 204, 1, 1, 1
53, 2, 891, 368, 61, 205, 1, 1, 1
54, 2, 889, 365, 62, 208, 1, 1, 1
55, 2, 881, 366, 71, 208, 1, 1, 1
56, 2, 873, 367, 79, 209, 1, 1, 1
57, 2, 865, 367, 87, 212, 1, 1, 1
58, 2, 857, 366, 94, 214, 1, 1, 1
59, 2, 847, 367, 105, 212, 1, 1, 1
60, 2, 843, 370, 110, 210, 1, 1, 1
61, 2, 838, 370, 115, 212, 1, 1, 1
62, 2, 835, 374, 116, 211, 1, 1, 1
63, 2, 832, 375, 118, 211, 1, 1, 1
64, 2, 834, 376, 116, 212, 1, 1, 1
65, 2, 833, 375, 117, 213, 1, 1, 1
66, 2, 835, 376, 116, 212, 1, 1, 1
67, 2, 835, 376, 118, 212, 1, 1, 1
68, 2, 834, 380, 117, 206, 1, 1, 1
69, 2, 835, 382, 111, 203, 1, 1, 1
70, 2, 829, 381, 114, 203, 1, 1, 1
71, 2, 823, 383, 117, 200, 1, 1, 1
72, 2, 820, 386, 113, 198, 1, 1, 1
73, 2, 817, 390, 109, 198, 1, 1, 1
74, 2, 814, 391, 104, 199, 1, 1, 1
75, 2, 809, 390, 99, 199, 1, 1, 1
76, 2, 804, 387, 90, 200, 1, 1, 1
77, 2, 799, 387, 81, 198, 1, 1, 1
78, 2, 799, 389, 71, 197, 1, 1, 1
79, 2, 797, 391, 74, 196, 1, 1, 1
80, 2, 796, 393, 74, 195, 1, 1, 1
81, 2, 791, 393, 76, 195, 1, 1, 1
82, 2, 777, 390, 88, 196, 1, 1, 1
83, 2, 766, 387, 98, 196, 1, 1, 1
84, 2, 759, 387, 107, 196, 1, 1, 1
85, 2, 759, 394, 108, 192, 1, 1, 1
86, 2, 757, 397, 113, 192, 1, 1, 1
87, 2, 757, 394, 111, 192, 1, 1, 1
88, 2, 754, 390, 113, 193, 1, 1, 1
89, 2, 753, 387, 111, 194, 1, 1, 1
90, 2, 748, 389, 116, 195, 1, 1, 1
91, 2, 745, 393, 119, 193, 1, 1, 1
92, 2, 743, 392, 121, 194, 1, 1, 1
93, 2, 740, 386, 119, 195, 1, 1, 1
94, 2, 733, 385, 119, 195, 1, 1, 1
95, 2, 727, 386, 116, 197, 1, 1, 1
96, 2, 727, 383, 110, 199, 1, 1, 1
97, 2, 728, 380, 105, 200, 1, 1, 1
98, 2, 727, 380, 100, 202, 1, 1, 1
99, 2, 726, 381, 88, 204, 1, 1, 1
100, 2, 722, 381, 80, 208, 1, 1, 1
101, 2, 720, 377, 69, 211, 1, 1, 1
102, 2, 721, 375, 67, 209, 1, 1, 1
103, 2, 720, 377, 69, 208, 1, 1, 1
104, 2, 718, 380, 71, 208, 1, 1, 1
105, 2, 709, 379, 79, 208, 1, 1, 1
106, 2, 695, 376, 93, 209, 1, 1, 1
107, 2, 686, 376, 101, 206, 1, 1, 1
108, 2, 682, 377, 104, 205, 1, 1, 1
109, 2, 679, 380, 108, 204, 1, 1, 1
110, 2, 683, 382, 104, 202, 1, 1, 1
111, 2, 683, 381, 106, 202, 1, 1, 1
112, 2, 681, 381, 106, 203, 1, 1, 1
113, 2, 679, 383, 104, 202, 1, 1, 1
114, 2, 676, 382, 104, 200, 1, 1, 1
115, 2, 674, 380, 104, 201, 1, 1, 1
116, 2, 672, 380, 104, 203, 1, 1, 1
117, 2, 669, 383, 103, 201, 1, 1, 1
118, 2, 665, 386, 100, 201, 1, 1, 1
119, 2, 662, 383, 94, 201, 1, 1, 1
120, 2, 659, 377, 88, 203, 1, 1, 1
121, 2, 656, 377, 80, 205, 1, 1, 1
122, 2, 655, 383, 72, 206, 1, 1, 1
123, 2, 653, 384, 65, 204, 1, 1, 1
124, 2, 651, 380, 67, 204, 1, 1, 1
125, 2, 644, 379, 71, 203, 1, 1, 1
126, 2, 639, 381, 72, 204, 1, 1, 1
127, 2, 632, 380, 76, 204, 1, 1, 1
128, 2, 627, 374, 83, 203, 1, 1, 1
129, 2, 625, 373, 85, 206, 1, 1, 1
130, 2, 622, 379, 90, 205, 1, 1, 1
131, 2, 616, 385, 98, 204, 1, 1, 1
132, 2, 610, 379, 101, 205, 1, 1, 1
133, 2, 603, 370, 106, 205, 1, 1, 1
134, 2, 598, 368, 107, 206, 1, 1, 1
135, 2, 595, 377, 108, 206, 1, 1, 1
136, 2, 596, 380, 109, 202, 1, 1, 1
137, 2, 601, 374, 102, 204, 1, 1, 1
138, 2, 600, 369, 96, 204, 1, 1, 1
139, 2, 585, 374, 90, 200, 1, 1, 1
140, 2, 583, 369, 84, 201, 1, 1, 1
141, 2, 582, 364, 79, 203, 1, 1, 1
142, 2, 581, 370, 72, 205, 1, 1, 1
143, 2, 578, 377, 69, 205, 1, 1, 1
144, 2, 575, 375, 69, 206, 1, 1, 1
145, 2, 571, 364, 71, 205, 1, 1, 1
146, 2, 567, 364, 74, 205, 1, 1, 1
147, 2, 555, 374, 87, 206, 1, 1, 1
148, 2, 552, 378, 92, 203, 1, 1, 1
149, 2, 549, 372, 95, 202, 1, 1, 1
150, 2, 547, 367, 95, 203, 1, 1, 1
151, 2, 543, 373, 96, 202, 1, 1, 1
152, 2, 541, 380, 96, 200, 1, 1, 1
153, 2, 541, 376, 99, 199, 1, 1, 1
154, 2, 540, 372, 101, 199, 1, 1, 1
155, 2, 537, 374, 103, 199, 1, 1, 1
156, 2, 530, 380, 105, 199, 1, 1, 1
157, 2, 524, 382, 104, 199, 1, 1, 1
158, 2, 522, 375, 101, 196, 1, 1, 1
159, 2, 518, 369, 99, 198, 1, 1, 1
160, 2, 515, 377, 96, 198, 1, 1, 1
161, 2, 515, 385, 89, 199, 1, 1, 1
162, 2, 515, 384, 84, 198, 1, 1, 1
163, 2, 514, 378, 75, 199, 1, 1, 1
164, 2, 500, 381, 71, 198, 1, 1, 1
165, 2, 497, 381, 73, 199, 1, 1, 1
166, 2, 498, 377, 76, 196, 1, 1, 1
167, 2, 499, 375, 76, 198, 1, 1, 1
168, 2, 493, 381, 82, 199, 1, 1, 1
169, 2, 484, 386, 88, 196, 1, 1, 1
170, 2, 476, 380, 93, 198, 1, 1, 1
171, 2, 477, 370, 93, 198, 1, 1, 1
172, 2, 476, 371, 96, 199, 1, 1, 1
173, 2, 474, 380, 97, 200, 1, 1, 1
174, 2, 472, 382, 99, 201, 1, 1, 1
175, 2, 468, 375, 101, 201, 1, 1, 1
176, 2, 463, 368, 101, 198, 1, 1, 1
177, 2, 455, 366, 101, 199, 1, 1, 1
178, 2, 449, 371, 103, 201, 1, 1, 1
179, 2, 450, 371, 99, 199, 1, 1, 1
180, 2, 453, 369, 96, 200, 1, 1, 1
181, 2, 450, 368, 88, 200, 1, 1, 1
182, 2, 444, 371, 82, 204, 1, 1, 1
183, 2, 437, 370, 75, 203, 1, 1, 1
184, 2, 435, 364, 69, 204, 1, 1, 1
185, 2, 437, 361, 69, 207, 1, 1, 1
186, 2, 438, 371, 70, 206, 1, 1, 1
187, 2, 437, 378, 71, 208, 1, 1, 1
188, 2, 433, 376, 74, 201, 1, 1, 1
189, 2, 421, 365, 82, 205, 1, 1, 1
190, 2, 414, 361, 86, 205, 1, 1, 1
191, 2, 411, 370, 88, 204, 1, 1, 1
192, 2, 418, 377, 85, 203, 1, 1, 1
193, 2, 418, 376, 88, 203, 1, 1, 1
194, 2, 416, 374, 92, 202, 1, 1, 1
195, 2, 407, 374, 95, 202, 1, 1, 1
196, 2, 396, 377, 100, 200, 1, 1, 1
197, 2, 390, 375, 105, 199, 1, 1, 1
198, 2, 391, 375, 106, 197, 1, 1, 1
199, 2, 390, 380, 111, 196, 1, 1, 1
200, 2, 388, 386, 112, 197, 1, 1, 1
201, 2, 385, 386, 107, 198, 1, 1, 1
202, 2, 378, 380, 105, 196, 1, 1, 1
203, 2, 374, 374, 103, 197, 1, 1, 1
204, 2, 373, 376, 98, 197, 1, 1, 1
205, 2, 373, 381, 95, 200, 1, 1, 1
206, 2, 376, 384, 88, 198, 1, 1, 1
207, 2, 377, 380, 85, 198, 1, 1, 1
208, 2, 372, 377, 87, 199, 1, 1, 1
209, 2, 369, 376, 86, 200, 1, 1, 1
210, 2, 368, 376, 86, 200, 1, 1, 1
211, 2, 370, 377, 83, 200, 1, 1, 1
212, 2, 373, 377, 82, 200, 1, 1, 1
213, 2, 373, 376, 82, 201, 1, 1, 1
214, 2, 370, 375, 79, 202, 1, 1, 1
215, 2, 366, 370, 77, 205, 1, 1, 1
216, 2, 365, 367, 76, 205, 1, 1, 1
217, 2, 366, 366, 78, 207, 1, 1, 1
218, 2, 366, 368, 81, 210, 1, 1, 1
219, 2, 366, 368, 80, 211, 1, 1, 1
220, 2, 361, 364, 83, 212, 1, 1, 1
221, 2, 356, 359, 85, 212, 1, 1, 1
222, 2, 354, 358, 87, 214, 1, 1, 1
223, 2, 355, 361, 89, 216, 1, 1, 1
224, 2, 357, 362, 88, 215, 1, 1, 1
225, 2, 356, 360, 87, 212, 1, 1, 1
226, 2, 352, 360, 86, 212, 1, 1, 1
227, 2, 351, 361, 81, 211, 1, 1, 1
228, 2, 350, 361, 80, 211, 1, 1, 1
229, 2, 352, 364, 80, 200, 1, 1, 1
230, 2, 352, 368, 78, 201, 1, 1, 1
231, 2, 352, 371, 75, 205, 1, 1, 1
232, 2, 348, 371, 76, 204, 1, 1, 1
233, 2, 347, 370, 76, 199, 1, 1, 1
234, 2, 347, 371, 76, 201, 1, 1, 1
235, 2, 348, 379, 75, 197, 1, 1, 1
236, 2, 350, 386, 74, 196, 1, 1, 1
237, 2, 351, 389, 75, 191, 1, 1, 1
238, 2, 345, 390, 80, 185, 1, 1, 1
239, 2, 344, 396, 79, 179, 1, 1, 1
240, 2, 345, 402, 87, 177, 1, 1, 1
241, 2, 343, 404, 92, 176, 1, 1, 1
242, 2, 342, 405, 95, 176, 1, 1, 1
243, 2, 344, 408, 87, 172, 1, 1, 1
244, 2, 341, 412, 91, 170, 1, 1, 1
245, 2, 341, 417, 95, 168, 1, 1, 1
246, 2, 341, 416, 96, 167, 1, 1, 1
247, 2, 341, 418, 95, 165, 1, 1, 1
248, 2, 340, 423, 92, 163, 1, 1, 1
249, 2, 338, 424, 94, 161, 1, 1, 1
250, 2, 337, 423, 96, 159, 1, 1, 1
251, 2, 335, 419, 92, 160, 1, 1, 1
252, 2, 333, 424, 85, 160, 1, 1, 1
253, 2, 328, 429, 87, 159, 1, 1, 1
254, 2, 324, 431, 90, 157, 1, 1, 1
255, 2, 322, 430, 92, 155, 1, 1, 1
256, 2, 318, 431, 97, 154, 1, 1, 1
257, 2, 316, 437, 96, 150, 1, 1, 1
258, 2, 311, 441, 100, 146, 1, 1, 1
259, 2, 310, 441, 100, 140, 1, 1, 1
260, 2, 309, 441, 100, 140, 1, 1, 1
261, 2, 305, 443, 104, 142, 1, 1, 1
262, 2, 302, 449, 106, 139, 1, 1, 1
263, 2, 297, 448, 110, 131, 1, 1, 1
264, 2, 292, 449, 115, 132, 1, 1, 1
265, 2, 291, 457, 115, 127, 1, 1, 1
266, 2, 289, 459, 117, 127, 1, 1, 1
267, 2, 288, 458, 119, 125, 1, 1, 1
268, 2, 289, 458, 119, 125, 1, 1, 1
269, 2, 286, 462, 123, 125, 1, 1, 1
270, 2, 284, 464, 124, 125, 1, 1, 1
271, 2, 282, 461, 124, 122, 1, 1, 1
272, 2, 280, 457, 125, 123, 1, 1, 1
273, 2, 279, 460, 126, 122, 1, 1, 1
274, 2, 281, 467, 127, 123, 1, 1, 1
275, 2, 282, 470, 129, 121, 1, 1, 1
276, 2, 282, 466, 126, 120, 1, 1, 1
277, 2, 279, 460, 127, 120, 1, 1, 1
278, 2, 273, 462, 128, 120, 1, 1, 1
279, 2, 272, 465, 130, 121, 1, 1, 1
280, 2, 278, 469, 128, 118, 1, 1, 1
281, 2, 282, 471, 130, 116, 1, 1, 1
282, 2, 282, 471, 130, 115, 1, 1, 1
283, 2, 277, 472, 131, 116, 1, 1, 1
284, 2, 272, 469, 131, 117, 1, 1, 1
285, 2, 273, 466, 129, 115, 1, 1, 1
286, 2, 275, 466, 134, 114, 1, 1, 1
287, 2, 280, 471, 133, 115, 1, 1, 1
288, 2, 279, 472, 132, 116, 1, 1, 1
289, 2, 275, 464, 132, 118, 1, 1, 1
290, 2, 274, 461, 130, 120, 1, 1, 1
291, 2, 275, 466, 131, 122, 1, 1, 1
292, 2, 281, 471, 129, 126, 1, 1, 1
293, 2, 283, 471, 126, 125, 1, 1, 1
294, 2, 283, 469, 129, 126, 1, 1, 1
295, 2, 279, 465, 131, 130, 1, 1, 1
296, 2, 278, 465, 128, 131, 1, 1, 1
297, 2, 280, 466, 127, 132, 1, 1, 1
298, 2, 284, 467, 127, 130, 1, 1, 1
299, 2, 285, 468, 127, 133, 1, 1, 1
300, 2, 284, 468, 128, 130, 1, 1, 1
301, 2, 282, 466, 125, 128, 1, 1, 1
302, 2, 278, 466, 127, 118, 1, 1, 1
303, 2, 280, 466, 128, 119, 1, 1, 1
304, 2, 283, 467, 128, 120, 1, 1, 1
305, 2, 284, 471, 128, 116, 1, 1, 1
306, 2, 282, 471, 130, 116, 1, 1, 1
307, 2, 280, 467, 128, 117, 1, 1, 1
308, 2, 278, 464, 128, 116, 1, 1, 1
309, 2, 283, 464, 125, 116, 1, 1, 1
310, 2, 283, 467, 128, 117, 1, 1, 1
311, 2, 283, 472, 129, 115, 1, 1, 1
312, 2, 283, 472, 129, 115, 1, 1, 1
313, 2, 280, 463, 126, 116, 1, 1, 1
314, 2, 278, 465, 129, 116, 1, 1, 1
315, 2, 281, 469, 125, 117, 1, 1, 1
316, 2, 285, 470, 126, 116, 1, 1, 1
317, 2, 285, 469, 128, 117, 1, 1, 1
318, 2, 280, 468, 129, 115, 1, 1, 1
319, 2, 279, 466, 126, 117, 1, 1, 1
320, 2, 278, 465, 126, 117, 1, 1, 1
321, 2, 279, 467, 127, 116, 1, 1, 1
322, 2, 284, 470, 128, 117, 1, 1, 1
323, 2, 285, 471, 127, 116, 1, 1, 1
324, 2, 283, 468, 127, 116, 1, 1, 1
325, 2, 281, 466, 126, 117, 1, 1, 1
326, 2, 280, 466, 125, 116, 1, 1, 1
327, 2, 282, 467, 126, 117, 1, 1, 1
328, 2, 285, 470, 126, 116, 1, 1, 1
329, 2, 288, 470, 123, 117, 1, 1, 1
330, 2, 286, 469, 125, 116, 1, 1, 1
331, 2, 283, 466, 123, 115, 1, 1, 1
332, 2, 283, 464, 122, 118, 1, 1, 1
333, 2, 286, 466, 122, 116, 1, 1, 1
334, 2, 291, 468, 121, 119, 1, 1, 1
335, 2, 293, 469, 120, 119, 1, 1, 1
336, 2, 295, 469, 115, 121, 1, 1, 1
337, 2, 293, 468, 117, 121, 1, 1, 1
338, 2, 294, 465, 115, 121, 1, 1, 1
339, 2, 295, 463, 113, 122, 1, 1, 1
340, 2, 301, 465, 109, 125, 1, 1, 1
341, 2, 303, 469, 107, 125, 1, 1, 1
342, 2, 304, 470, 107, 125, 1, 1, 1
343, 2, 305, 467, 105, 127, 1, 1, 1
344, 2, 305, 465, 102, 130, 1, 1, 1
345, 2, 303, 467, 105, 133, 1, 1, 1
346, 2, 305, 470, 104, 134, 1, 1, 1
347, 2, 307, 470, 104, 133, 1, 1, 1
348, 2, 307, 467, 103, 137, 1, 1, 1
349, 2, 305, 468, 103, 133, 1, 1, 1
350, 2, 304, 470, 103, 137, 1, 1, 1
351, 2, 305, 470, 103, 135, 1, 1, 1
352, 2, 307, 470, 103, 131, 1, 1, 1
353, 2, 308, 471, 103, 131, 1, 1, 1
354, 2, 306, 472, 102, 133, 1, 1, 1
355, 2, 304, 470, 101, 145, 1, 1, 1
356, 2, 302, 467, 103, 143, 1, 1, 1
357, 2, 304, 467, 102, 143, 1, 1, 1
358, 2, 303, 472, 105, 142, 1, 1, 1
359, 2, 307, 475, 103, 143, 1, 1, 1
360, 2, 302, 474, 108, 141, 1, 1, 1
361, 2, 299, 468, 107, 137, 1, 1, 1
362, 2, 294, 465, 108, 135, 1, 1, 1
363, 2, 294, 467, 109, 135, 1, 1, 1
364, 2, 295, 470, 111, 134, 1, 1, 1
365, 2, 300, 473, 110, 128, 1, 1, 1
366, 2, 300, 473, 109, 126, 1, 1, 1
367, 2, 297, 472, 110, 125, 1, 1, 1
368, 2, 290, 469, 112, 124, 1, 1, 1
369, 2, 288, 467, 114, 125, 1, 1, 1
370, 2, 293, 468, 114, 122, 1, 1, 1
371, 2, 298, 472, 106, 123, 1, 1, 1
372, 2, 297, 475, 113, 123, 1, 1, 1
373, 2, 294, 473, 114, 123, 1, 1, 1
374, 2, 289, 468, 116, 126, 1, 1, 1
375, 2, 288, 467, 116, 125, 1, 1, 1
376, 2, 288, 469, 119, 129, 1, 1, 1
377, 2, 293, 474, 115, 127, 1, 1, 1
378, 2, 290, 476, 120, 127, 1, 1, 1
379, 2, 287, 473, 122, 126, 1, 1, 1
380, 2, 276, 470, 131, 128, 1, 1, 1
381, 2, 272, 469, 132, 125, 1, 1, 1
382, 2, 271, 470, 134, 125, 1, 1, 1
383, 2, 276, 473, 132, 124, 1, 1, 1
384, 2, 280, 474, 129, 124, 1, 1, 1
385, 2, 282, 473, 128, 125, 1, 1, 1
386, 2, 280, 471, 128, 125, 1, 1, 1
387, 2, 280, 468, 124, 124, 1, 1, 1
388, 2, 283, 466, 121, 120, 1, 1, 1
389, 2, 288, 469, 119, 117, 1, 1, 1
390, 2, 292, 476, 119, 117, 1, 1, 1
391, 2, 298, 478, 114, 117, 1, 1, 1
392, 2, 290, 473, 119, 116, 1, 1, 1
393, 2, 286, 465, 119, 114, 1, 1, 1
394, 2, 283, 464, 119, 115, 1, 1, 1
395, 2, 285, 470, 119, 116, 1, 1, 1
396, 2, 291, 475, 121, 117, 1, 1, 1
397, 2, 296, 476, 120, 117, 1, 1, 1
398, 2, 293, 472, 121, 117, 1, 1, 1
399, 2, 286, 468, 121, 122, 1, 1, 1
400, 2, 283, 466, 119, 120, 1, 1, 1
401, 2, 282, 466, 122, 119, 1, 1, 1
402, 2, 287, 467, 122, 123, 1, 1, 1
403, 2, 290, 470, 124, 123, 1, 1, 1
404, 2, 290, 472, 123, 123, 1, 1, 1
405, 2, 284, 471, 123, 121, 1, 1, 1
406, 2, 280, 466, 124, 118, 1, 1, 1
407, 2, 282, 462, 123, 119, 1, 1, 1
408, 2, 284, 465, 121, 116, 1, 1, 1
409, 2, 287, 471, 125, 118, 1, 1, 1
410, 2, 288, 474, 125, 118, 1, 1, 1
411, 2, 287, 472, 125, 119, 1, 1, 1
412, 2, 284, 466, 124, 118, 1, 1, 1
413, 2, 282, 465, 122, 116, 1, 1, 1
414, 2, 283, 467, 121, 118, 1, 1, 1
415, 2, 287, 470, 122, 118, 1, 1, 1
416, 2, 290, 470, 122, 119, 1, 1, 1
417, 2, 288, 471, 122, 118, 1, 1, 1
418, 2, 285, 470, 120, 121, 1, 1, 1
419, 2, 282, 467, 120, 120, 1, 1, 1
420, 2, 282, 466, 122, 124, 1, 1, 1
421, 2, 286, 467, 121, 129, 1, 1, 1
422, 2, 286, 472, 124, 131, 1, 1, 1
423, 2, 282, 473, 128, 132, 1, 1, 1
424, 2, 277, 468, 128, 133, 1, 1, 1
425, 2, 273, 465, 129, 130, 1, 1, 1
426, 2, 271, 466, 132, 130, 1, 1, 1
427, 2, 274, 470, 133, 131, 1, 1, 1
428, 2, 277, 473, 133, 131, 1, 1, 1
429, 2, 276, 471, 133, 134, 1, 1, 1
430, 2, 276, 467, 127, 136, 1, 1, 1
431, 2, 276, 465, 124, 134, 1, 1, 1
432, 2, 277, 465, 123, 137, 1, 1, 1
433, 2, 285, 469, 118, 140, 1, 1, 1
434, 2, 291, 472, 117, 139, 1, 1, 1
435, 2, 293, 473, 116, 143, 1, 1, 1
436, 2, 291, 469, 114, 145, 1, 1, 1
437, 2, 287, 466, 113, 144, 1, 1, 1
438, 2, 287, 463, 112, 145, 1, 1, 1
439, 2, 293, 467, 107, 145, 1, 1, 1
440, 2, 296, 470, 110, 149, 1, 1, 1
441, 2, 299, 473, 109, 151, 1, 1, 1
442, 2, 296, 472, 110, 150, 1, 1, 1
443, 2, 293, 467, 106, 147, 1, 1, 1
444, 2, 291, 465, 105, 148, 1, 1, 1
445, 2, 290, 467, 109, 149, 1, 1, 1
446, 2, 292, 471, 111, 149, 1, 1, 1
447, 2, 293, 473, 112, 151, 1, 1, 1
448, 2, 290, 472, 113, 149, 1, 1, 1
449, 2, 284, 468, 115, 145, 1, 1, 1
450, 2, 282, 466, 111, 145, 1, 1, 1
451, 2, 283, 468, 111, 150, 1, 1, 1
452, 2, 286, 471, 115, 150, 1, 1, 1
453, 2, 290, 473, 115, 148, 1, 1, 1
454, 2, 289, 473, 116, 147, 1, 1, 1
455, 2, 285, 472, 115, 141, 1, 1, 1
456, 2, 283, 469, 112, 141, 1, 1, 1
457, 2, 283, 466, 111, 138, 1, 1, 1
458, 2, 284, 468, 112, 137, 1, 1, 1
459, 2, 286, 472, 116, 137, 1, 1, 1
460, 2, 283, 475, 119, 133, 1, 1, 1
461, 2, 281, 472, 117, 125, 1, 1, 1
462, 2, 276, 469, 118, 123, 1, 1, 1
463, 2, 275, 469, 118, 122, 1, 1, 1
464, 2, 276, 472, 119, 120, 1, 1, 1
465, 2, 280, 475, 119, 121, 1, 1, 1
466, 2, 281, 474, 116, 121, 1, 1, 1
467, 2, 281, 471, 116, 123, 1, 1, 1
468, 2, 280, 471, 111, 123, 1, 1, 1
469, 2, 283, 471, 107, 125, 1, 1, 1
470, 2, 289, 470, 104, 127, 1, 1, 1
471, 2, 295, 471, 103, 131, 1, 1, 1
472, 2, 299, 473, 102, 129, 1, 1, 1
473, 2, 298, 474, 100, 126, 1, 1, 1
474, 2, 298, 471, 95, 126, 1, 1, 1
475, 2, 297, 468, 96, 128, 1, 1, 1
476, 2, 298, 468, 96, 131, 1, 1, 1
477, 2, 300, 471, 96, 130, 1, 1, 1
478, 2, 302, 474, 97, 127, 1, 1, 1
479, 2, 301, 472, 96, 127, 1, 1, 1
480, 2, 299, 468, 96, 131, 1, 1, 1
481, 2, 298, 468, 96, 132, 1, 1, 1
482, 2, 299, 471, 96, 133, 1, 1, 1
483, 2, 303, 471, 91, 137, 1, 1, 1
484, 2, 306, 470, 92, 141, 1, 1, 1
485, 2, 303, 470, 94, 140, 1, 1, 1
486, 2, 302, 471, 90, 146, 1, 1, 1
487, 2, 300, 471, 93, 149, 1, 1, 1
488, 2, 302, 471, 92, 147, 1, 1, 1
489, 2, 305, 471, 91, 155, 1, 1, 1
490, 2, 306, 471, 88, 151, 1, 1, 1
491, 2, 299, 469, 90, 156, 1, 1, 1
492, 2, 300, 467, 89, 155, 1, 1, 1
493, 2, 300, 469, 92, 156, 1, 1, 1
494, 2, 299, 471, 92, 157, 1, 1, 1
495, 2, 296, 473, 100, 158, 1, 1, 1
496, 2, 291, 472, 104, 149, 1, 1, 1
497, 2, 290, 469, 102, 150, 1, 1, 1
498, 2, 288, 469, 102, 147, 1, 1, 1
499, 2, 288, 471, 104, 145, 1, 1, 1
500, 2, 288, 473, 106, 145, 1, 1, 1
501, 2, 289, 473, 106, 146, 1, 1, 1
502, 2, 289, 473, 104, 142, 1, 1, 1
503, 2, 287, 471, 105, 146, 1, 1, 1
504, 2, 287, 472, 104, 144, 1, 1, 1
505, 2, 287, 472, 105, 146, 1, 1, 1
506, 2, 289, 472, 105, 146, 1, 1, 1
507, 2, 290, 472, 103, 145, 1, 1, 1
508, 2, 290, 472, 104, 146, 1, 1, 1
509, 2, 287, 473, 106, 147, 1, 1, 1
510, 2, 288, 472, 104, 143, 1, 1, 1
511, 2, 289, 471, 103, 143, 1, 1, 1
512, 2, 288, 472, 106, 142, 1, 1, 1
513, 2, 286, 473, 107, 147, 1, 1, 1
514, 2, 284, 473, 109, 147, 1, 1, 1
515, 2, 282, 472, 111, 142, 1, 1, 1
516, 2, 281, 473, 111, 148, 1, 1, 1
517, 2, 283, 475, 110, 153, 1, 1, 1
518, 2, 284, 473, 110, 146, 1, 1, 1
519, 2, 284, 470, 108, 139, 1, 1, 1
520, 2, 282, 470, 106, 132, 1, 1, 1
521, 2, 283, 471, 105, 126, 1, 1, 1
522, 2, 287, 472, 102, 123, 1, 1, 1
523, 2, 293, 474, 102, 116, 1, 1, 1
524, 2, 293, 475, 103, 115, 1, 1, 1
525, 2, 291, 474, 101, 119, 1, 1, 1
526, 2, 287, 470, 101, 117, 1, 1, 1
527, 2, 286, 467, 101, 116, 1, 1, 1
528, 2, 288, 470, 101, 115, 1, 1, 1
529, 2, 293, 476, 102, 117, 1, 1, 1
530, 2, 294, 481, 106, 113, 1, 1, 1
531, 2, 291, 475, 110, 116, 1, 1, 1
532, 2, 284, 469, 114, 117, 1, 1, 1
533, 2, 278, 467, 118, 115, 1, 1, 1
534, 2, 278, 469, 123, 116, 1, 1, 1
535, 2, 280, 472, 130, 116, 1, 1, 1
536, 2, 284, 473, 134, 116, 1, 1, 1
537, 2, 281, 473, 139, 117, 1, 1, 1
538, 2, 278, 472, 141, 116, 1, 1, 1
539, 2, 273, 471, 146, 115, 1, 1, 1
540, 2, 271, 467, 149, 114, 1, 1, 1
541, 2, 276, 473, 152, 121, 1, 1, 1
542, 2, 277, 477, 155, 120, 1, 1, 1
543, 2, 275, 476, 156, 112, 1, 1, 1
544, 2, 275, 468, 155, 113, 1, 1, 1
545, 2, 272, 467, 157, 114, 1, 1, 1
546, 2, 275, 473, 156, 115, 1, 1, 1
547, 2, 281, 477, 154, 114, 1, 1, 1
548, 2, 287, 473, 150, 114, 1, 1, 1
549, 2, 286, 469, 150, 114, 1, 1, 1
550, 2, 285, 468, 145, 116, 1, 1, 1
551, 2, 289, 469, 141, 118, 1, 1, 1
552, 2, 290, 469, 140, 119, 1, 1, 1
553, 2, 298, 467, 138, 119, 1, 1, 1
554, 2, 302, 467, 138, 119, 1, 1, 1
555, 2, 303, 467, 132, 121, 1, 1, 1
556, 2, 303, 463, 130, 124, 1, 1, 1
557, 2, 306, 456, 123, 125, 1, 1, 1
558, 2, 312, 454, 120, 128, 1, 1, 1
559, 2, 318, 455, 118, 131, 1, 1, 1
560, 2, 324, 457, 114, 133, 1, 1, 1
561, 2, 328, 454, 109, 134, 1, 1, 1
562, 2, 328, 447, 106, 136, 1, 1, 1
563, 2, 327, 442, 105, 139, 1, 1, 1
564, 2, 326, 442, 105, 141, 1, 1, 1
565, 2, 332, 445, 104, 142, 1, 1, 1
566, 2, 334, 439, 107, 148, 1, 1, 1
567, 2, 330, 436, 109, 150, 1, 1, 1
568, 2, 324, 432, 113, 152, 1, 1, 1
569, 2, 326, 430, 110, 154, 1, 1, 1
570, 2, 332, 430, 107, 153, 1, 1, 1
571, 2, 336, 430, 108, 157, 1, 1, 1
572, 2, 335, 431, 110, 160, 1, 1, 1
573, 2, 332, 428, 117, 159, 1, 1, 1
574, 2, 327, 424, 127, 160, 1, 1, 1
575, 2, 327, 419, 129, 162, 1, 1, 1
576, 2, 326, 422, 136, 161, 1, 1, 1
577, 2, 331, 429, 139, 158, 1, 1, 1
578, 2, 334, 427, 141, 160, 1, 1, 1
579, 2, 332, 425, 146, 160, 1, 1, 1
580, 2, 333, 422, 147, 163, 1, 1, 1
581, 2, 326, 423, 152, 163, 1, 1, 1
582, 2, 329, 424, 151, 164, 1, 1, 1
583, 2, 332, 425, 157, 162, 1, 1, 1
584, 2, 333, 426, 157, 162, 1, 1, 1
585, 2, 333, 425, 156, 164, 1, 1, 1
586, 2, 333, 425, 155, 164, 1, 1, 1
587, 2, 329, 423, 156, 164, 1, 1, 1
588, 2, 329, 423, 156, 162, 1, 1, 1
589, 2, 334, 425, 153, 163, 1, 1, 1
590, 2, 338, 427, 148, 163, 1, 1, 1
591, 2, 333, 426, 153, 162, 1, 1, 1
592, 2, 331, 426, 158, 161, 1, 1, 1
593, 2, 331, 425, 163, 161, 1, 1, 1
594, 2, 334, 427, 166, 161, 1, 1, 1
595, 2, 337, 430, 163, 158, 1, 1, 1
596, 2, 337, 430, 167, 159, 1, 1, 1
597, 2, 335, 429, 168, 159, 1, 1, 1
598, 2, 335, 428, 162, 160, 1, 1, 1
599, 2, 333, 428, 165, 160, 1, 1, 1
600, 2, 335, 428, 163, 160, 1, 1, 1
601, 2, 337, 427, 168, 161, 1, 1, 1
602, 2, 338, 430, 166, 160, 1, 1, 1
603, 2, 337, 430, 164, 158, 1, 1, 1
604, 2, 338, 427, 161, 159, 1, 1, 1
605, 2, 342, 426, 158, 159, 1, 1, 1
606, 2, 348, 428, 149, 160, 1, 1, 1
607, 2, 352, 430, 152, 159, 1, 1, 1
608, 2, 360, 430, 141, 160, 1, 1, 1
609, 2, 365, 430, 137, 159, 1, 1, 1
610, 2, 368, 428, 129, 159, 1, 1, 1
611, 2, 372, 428, 124, 159, 1, 1, 1
612, 2, 372, 430, 117, 159, 1, 1, 1
613, 2, 375, 429, 105, 161, 1, 1, 1
614, 2, 378, 431, 97, 163, 1, 1, 1
615, 2, 377, 430, 90, 164, 1, 1, 1
616, 2, 375, 429, 83, 164, 1, 1, 1
617, 2, 375, 430, 77, 164, 1, 1, 1
618, 2, 375, 430, 74, 163, 1, 1, 1
619, 2, 376, 430, 72, 163, 1, 1, 1
620, 2, 376, 434, 73, 162, 1, 1, 1
621, 2, 376, 436, 73, 161, 1, 1, 1
622, 2, 373, 434, 73, 162, 1, 1, 1
623, 2, 368, 436, 75, 157, 1, 1, 1
624, 2, 364, 437, 78, 155, 1, 1, 1
625, 2, 364, 439, 78, 156, 1, 1, 1
626, 2, 362, 444, 83, 154, 1, 1, 1
627, 2, 363, 447, 82, 149, 1, 1, 1
628, 2, 358, 448, 86, 148, 1, 1, 1
629, 2, 354, 449, 86, 146, 1, 1, 1
630, 2, 348, 451, 90, 144, 1, 1, 1
631, 2, 345, 452, 95, 141, 1, 1, 1
632, 2, 344, 454, 99, 142, 1, 1, 1
633, 2, 343, 459, 101, 138, 1, 1, 1
634, 2, 341, 460, 104, 138, 1, 1, 1
635, 2, 336, 462, 106, 132, 1, 1, 1
636, 2, 333, 462, 106, 130, 1, 1, 1
637, 2, 331, 466, 109, 128, 1, 1, 1
638, 2, 330, 469, 112, 128, 1, 1, 1
639, 2, 331, 472, 114, 125, 1, 1, 1
640, 2, 328, 473, 116, 123, 1, 1, 1
641, 2, 323, 473, 120, 122, 1, 1, 1
642, 2, 320, 472, 121, 123, 1, 1, 1
643, 2, 319, 473, 122, 122, 1, 1, 1
644, 2, 319, 478, 127, 118, 1, 1, 1
645, 2, 318, 480, 128, 118, 1, 1, 1
646, 2, 316, 479, 130, 118, 1, 1, 1
647, 2, 315, 477, 134, 117, 1, 1, 1
648, 2, 314, 477, 140, 117, 1, 1, 1
649, 2, 314, 478, 147, 117, 1, 1, 1
650, 2, 316, 480, 150, 115, 1, 1, 1
651, 2, 315, 479, 155, 116, 1, 1, 1
652, 2, 315, 478, 155, 116, 1, 1, 1
653, 2, 315, 478, 161, 116, 1, 1, 1
654, 2, 317, 478, 163, 116, 1, 1, 1
655, 2, 322, 481, 161, 116, 1, 1, 1
656, 2, 325, 481, 162, 116, 1, 1, 1
657, 2, 327, 482, 158, 113, 1, 1, 1
658, 2, 328, 479, 157, 113, 1, 1, 1
659, 2, 329, 477, 153, 114, 1, 1, 1
660, 2, 337, 477, 146, 115, 1, 1, 1
661, 2, 341, 477, 144, 118, 1, 1, 1
662, 2, 346, 477, 144, 120, 1, 1, 1
663, 2, 349, 475, 141, 123, 1, 1, 1
664, 2, 351, 473, 137, 123, 1, 1, 1
665, 2, 352, 468, 131, 128, 1, 1, 1
666, 2, 355, 466, 129, 129, 1, 1, 1
667, 2, 361, 466, 124, 129, 1, 1, 1
668, 2, 369, 467, 119, 131, 1, 1, 1
669, 2, 376, 462, 112, 135, 1, 1, 1
670, 2, 378, 461, 106, 134, 1, 1, 1
671, 2, 379, 457, 105, 139, 1, 1, 1
672, 2, 378, 456, 106, 139, 1, 1, 1
673, 2, 380, 459, 108, 138, 1, 1, 1
674, 2, 382, 457, 109, 141, 1, 1, 1
675, 2, 382, 456, 108, 141, 1, 1, 1
676, 2, 379, 453, 109, 143, 1, 1, 1
677, 2, 377, 452, 108, 141, 1, 1, 1
678, 2, 376, 452, 108, 142, 1, 1, 1
679, 2, 381, 450, 110, 146, 1, 1, 1
680, 2, 381, 450, 116, 149, 1, 1, 1
681, 2, 386, 452, 119, 146, 1, 1, 1
682, 2, 384, 449, 124, 147, 1, 1, 1
683, 2, 380, 446, 135, 147, 1, 1, 1
684, 2, 380, 445, 135, 148, 1, 1, 1
685, 2, 382, 448, 139, 146, 1, 1, 1
686, 2, 383, 450, 146, 149, 1, 1, 1
687, 2, 387, 451, 147, 148, 1, 1, 1
688, 2, 384, 450, 152, 146, 1, 1, 1
689, 2, 379, 450, 157, 144, 1, 1, 1
690, 2, 379, 449, 160, 144, 1, 1, 1
691, 2, 380, 451, 158, 143, 1, 1, 1
692, 2, 383, 452, 161, 143, 1, 1, 1
693, 2, 384, 454, 159, 143, 1, 1, 1
694, 2, 383, 452, 167, 145, 1, 1, 1
695, 2, 384, 452, 159, 142, 1, 1, 1
696, 2, 379, 451, 160, 139, 1, 1, 1
697, 2, 383, 451, 155, 142, 1, 1, 1
698, 2, 390, 453, 148, 145, 1, 1, 1
699, 2, 395, 453, 145, 148, 1, 1, 1
700, 2, 392, 454, 146, 150, 1, 1, 1
701, 2, 393, 451, 141, 155, 1, 1, 1
702, 2, 393, 450, 137, 156, 1, 1, 1
703, 2, 393, 451, 138, 153, 1, 1, 1
704, 2, 396, 454, 135, 158, 1, 1, 1
705, 2, 399, 458, 143, 161, 1, 1, 1
706, 2, 401, 460, 143, 163, 1, 1, 1
707, 2, 396, 458, 138, 162, 1, 1, 1
708, 2, 391, 454, 140, 162, 1, 1, 1
709, 2, 388, 453, 133, 163, 1, 1, 1
710, 2, 392, 457, 130, 163, 1, 1, 1
711, 2, 399, 460, 113, 163, 1, 1, 1
712, 2, 404, 464, 103, 161, 1, 1, 1
713, 2, 398, 463, 96, 161, 1, 1, 1
714, 2, 393, 461, 91, 160, 1, 1, 1
715, 2, 392, 459, 90, 158, 1, 1, 1
716, 2, 394, 460, 89, 160, 1, 1, 1
717, 2, 399, 465, 89, 159, 1, 1, 1
718, 2, 401, 469, 90, 158, 1, 1, 1
719, 2, 397, 472, 92, 154, 1, 1, 1
720, 2, 389, 469, 93, 151, 1, 1, 1
721, 2, 382, 466, 98, 151, 1, 1, 1
722, 2, 378, 468, 101, 151, 1, 1, 1
723, 2, 379, 477, 106, 146, 1, 1, 1
724, 2, 379, 483, 109, 143, 1, 1, 1
725, 2, 374, 483, 115, 142, 1, 1, 1
726, 2, 366, 480, 119, 140, 1, 1, 1
727, 2, 359, 479, 121, 137, 1, 1, 1
728, 2, 354, 479, 126, 138, 1, 1, 1
729, 2, 355, 483, 129, 135, 1, 1, 1
730, 2, 355, 487, 132, 135, 1, 1, 1
731, 2, 353, 491, 134, 134, 1, 1, 1
732, 2, 346, 490, 137, 131, 1, 1, 1
733, 2, 340, 488, 141, 131, 1, 1, 1
734, 2, 338, 487, 143, 130, 1, 1, 1
735, 2, 338, 493, 143, 125, 1, 1, 1
736, 2, 339, 498, 145, 124, 1, 1, 1
737, 2, 339, 499, 147, 124, 1, 1, 1
738, 2, 335, 501, 148, 121, 1, 1, 1
739, 2, 330, 499, 150, 117, 1, 1, 1
740, 2, 326, 498, 151, 116, 1, 1, 1
741, 2, 327, 499, 152, 118, 1, 1, 1
742, 2, 330, 504, 152, 118, 1, 1, 1
743, 2, 332, 507, 153, 116, 1, 1, 1
744, 2, 330, 506, 155, 116, 1, 1, 1
745, 2, 326, 504, 155, 117, 1, 1, 1
746, 2, 322, 503, 155, 115, 1, 1, 1
747, 2, 323, 504, 157, 114, 1, 1, 1
748, 2, 326, 507, 157, 113, 1, 1, 1
749, 2, 328, 509, 154, 115, 1, 1, 1
750, 2, 327, 509, 155, 115, 1, 1, 1
751, 2, 325, 507, 159, 114, 1, 1, 1
752, 2, 323, 504, 159, 115, 1, 1, 1
753, 2, 322, 504, 160, 115, 1, 1, 1
754, 2, 326, 507, 161, 114, 1, 1, 1
755, 2, 327, 509, 165, 114, 1, 1, 1
756, 2, 328, 508, 165, 115, 1, 1, 1
757, 2, 328, 505, 164, 115, 1, 1, 1
758, 2, 326, 505, 164, 114, 1, 1, 1
759, 2, 329, 505, 161, 116, 1, 1, 1
760, 2, 332, 508, 161, 114, 1, 1, 1
761, 2, 337, 509, 160, 114, 1, 1, 1
762, 2, 340, 509, 157, 114, 1, 1, 1
763, 2, 340, 508, 156, 114, 1, 1, 1
764, 2, 341, 503, 153, 116, 1, 1, 1
765, 2, 345, 501, 148, 117, 1, 1, 1
766, 2, 349, 500, 147, 120, 1, 1, 1
767, 2, 357, 502, 139, 120, 1, 1, 1
768, 2, 359, 501, 139, 121, 1, 1, 1
769, 2, 361, 497, 136, 123, 1, 1, 1
770, 2, 364, 494, 130, 123, 1, 1, 1
771, 2, 365, 493, 129, 127, 1, 1, 1
772, 2, 370, 493, 125, 128, 1, 1, 1
773, 2, 377, 492, 118, 130, 1, 1, 1
774, 2, 382, 491, 118, 131, 1, 1, 1
775, 2, 384, 490, 113, 133, 1, 1, 1
776, 2, 387, 487, 109, 135, 1, 1, 1
777, 2, 388, 485, 107, 135, 1, 1, 1
778, 2, 390, 483, 105, 138, 1, 1, 1
779, 2, 391, 484, 107, 138, 1, 1, 1
780, 2, 391, 484, 108, 139, 1, 1, 1
781, 2, 389, 483, 108, 140, 1, 1, 1
782, 2, 387, 479, 108, 141, 1, 1, 1
783, 2, 387, 477, 106, 142, 1, 1, 1
784, 2, 389, 478, 106, 143, 1, 1, 1
785, 2, 390, 479, 109, 145, 1, 1, 1
786, 2, 393, 479, 108, 145, 1, 1, 1
787, 2, 393, 478, 108, 144, 1, 1, 1
788, 2, 389, 474, 111, 148, 1, 1, 1
789, 2, 388, 472, 112, 147, 1, 1, 1
790, 2, 387, 471, 118, 149, 1, 1, 1
791, 2, 392, 472, 121, 150, 1, 1, 1
792, 2, 392, 475, 129, 148, 1, 1, 1
793, 2, 392, 474, 133, 149, 1, 1, 1
794, 2, 388, 473, 139, 148, 1, 1, 1
795, 2, 389, 470, 141, 149, 1, 1, 1
796, 2, 387, 469, 147, 149, 1, 1, 1
797, 2, 388, 473, 150, 147, 1, 1, 1
798, 2, 393, 474, 153, 149, 1, 1, 1
799, 2, 391, 475, 161, 147, 1, 1, 1
800, 2, 390, 474, 162, 147, 1, 1, 1
801, 2, 385, 474, 165, 146, 1, 1, 1
802, 2, 387, 474, 165, 146, 1, 1, 1
803, 2, 387, 476, 167, 144, 1, 1, 1
804, 2, 390, 477, 168, 144, 1, 1, 1
805, 2, 392, 478, 165, 145, 1, 1, 1
806, 2, 391, 477, 164, 145, 1, 1, 1
807, 2, 390, 476, 163, 144, 1, 1, 1
808, 2, 394, 475, 157, 145, 1, 1, 1
809, 2, 397, 476, 154, 146, 1, 1, 1
810, 2, 403, 479, 152, 150, 1, 1, 1
811, 2, 411, 481, 141, 151, 1, 1, 1
812, 2, 404, 479, 145, 152, 1, 1, 1
813, 2, 403, 476, 146, 155, 1, 1, 1
814, 2, 403, 476, 144, 157, 1, 1, 1
815, 2, 403, 478, 143, 160, 1, 1, 1
816, 2, 405, 482, 144, 159, 1, 1, 1
817, 2, 403, 483, 150, 161, 1, 1, 1
818, 2, 402, 482, 148, 163, 1, 1, 1
819, 2, 399, 482, 148, 162, 1, 1, 1
820, 2, 395, 482, 148, 164, 1, 1, 1
821, 2, 397, 483, 143, 164, 1, 1, 1
822, 2, 400, 486, 140, 162, 1, 1, 1
823, 2, 401, 486, 133, 163, 1, 1, 1
824, 2, 398, 488, 129, 163, 1, 1, 1
825, 2, 400, 488, 116, 160, 1, 1, 1
826, 2, 397, 486, 108, 160, 1, 1, 1
827, 2, 398, 486, 99, 162, 1, 1, 1
828, 2, 398, 489, 96, 161, 1, 1, 1
829, 2, 399, 492, 96, 160, 1, 1, 1
830, 2, 400, 494, 95, 157, 1, 1, 1
831, 2, 398, 494, 96, 154, 1, 1, 1
832, 2, 398, 494, 96, 152, 1, 1, 1
833, 2, 397, 496, 96, 151, 1, 1, 1
834, 2, 397, 498, 97, 152, 1, 1, 1
835, 2, 397, 500, 98, 150, 1, 1, 1
836, 2, 394, 502, 103, 148, 1, 1, 1
837, 2, 388, 504, 108, 144, 1, 1, 1
838, 2, 383, 504, 109, 145, 1, 1, 1
839, 2, 378, 506, 115, 141, 1, 1, 1
840, 2, 376, 507, 118, 140, 1, 1, 1
841, 2, 374, 511, 122, 138, 1, 1, 1
842, 2, 372, 515, 124, 134, 1, 1, 1
843, 2, 366, 516, 130, 134, 1, 1, 1
844, 2, 361, 515, 134, 131, 1, 1, 1
845, 2, 358, 515, 135, 130, 1, 1, 1
846, 2, 355, 518, 138, 129, 1, 1, 1
847, 2, 353, 522, 142, 128, 1, 1, 1
848, 2, 350, 523, 146, 125, 1, 1, 1
849, 2, 346, 523, 147, 124, 1, 1, 1
850, 2, 345, 523, 147, 124, 1, 1, 1