1, 1, 144, 418, 866, 162, 1, 4, 1
2, 1, 128, 397, 864, 168, 1, 4, 1
3, 1, 165, 428, 859, 163, 1, 4, 1
4, 1, 221, 412, 872, 184, 1, 4, 1
5, 1, 169, 382, 873, 187, 1, 4, 1
6, 1, 150, 436, 876, 160, 1, 4, 1
7, 1, 218, 425, 873, 160, 1, 4, 1
8, 1, 214, 393, 867, 167, 1, 4, 1
9, 1, 174, 406, 879, 186, 1, 4, 1
10, 1, 213, 427, 872, 180, 1, 4, 1
11, 1, 250, 386, 858, 167, 1, 4, 1
12, 1, 209, 420, 862, 166, 1, 4, 1
13, 1, 224, 438, 871, 167, 1, 4, 1
14, 1, 227, 397, 859, 169, 1, 4, 1
15, 1, 222, 396, 864, 171, 1, 4, 1
16, 1, 221, 433, 861, 167, 1, 4, 1
17, 1, 232, 426, 865, 163, 1, 4, 1
18, 1, 212, 389, 870, 172, 1, 4, 1
19, 1, 209, 418, 866, 176, 1, 4, 1
20, 1, 214, 422, 871, 167, 1, 4, 1
21, 1, 179, 419, 872, 158, 1, 4, 1
22, 1, 216, 414, 865, 161, 1, 4, 1
23, 1, 207, 423, 860, 169, 1, 4, 1
24, 1, 207, 430, 868, 161, 1, 4, 1
25, 1, 202, 398, 868, 171, 1, 4, 1
26, 1, 188, 428, 869, 164, 1, 4, 1
27, 1, 201, 430, 865, 167, 1, 4, 1
28, 1, 171, 410, 864, 164, 1, 4, 1
29, 1, 188, 412, 868, 161, 1, 4, 1
30, 1, 159, 431, 864, 169, 1, 4, 1
31, 1, 163, 421, 865, 168, 1, 4, 1
32, 1, 168, 412, 863, 167, 1, 4, 1
33, 1, 154, 427, 863, 166, 1, 4, 1
34, 1, 154, 430, 865, 166, 1, 4, 1
35, 1, 158, 416, 864, 164, 1, 4, 1
36, 1, 140, 419, 880, 171, 1, 4, 1
37, 1, 167, 435, 870, 174, 1, 4, 1
38, 1, 136, 415, 867, 168, 1, 4, 1
39, 1, 118, 416, 870, 168, 1, 4, 1
40, 1, 146, 436, 873, 172, 1, 4, 1
41, 1, 122, 425, 876, 167, 1, 4, 1
42, 1, 117, 413, 859, 168, 1, 4, 1
43, 1, 138, 429, 871, 174, 1, 4, 1
44, 1, 121, 432, 865, 170, 1, 4, 1
45, 1, 123, 421, 876, 164, 1, 4, 1
46, 1, 121, 424, 861, 168, 1, 4, 1
47, 1, 119, 438, 873, 171, 1, 4, 1
48, 1, 132, 421, 862, 170, 1, 4, 1
49, 1, 122, 420, 858, 165, 1, 4, 1
50, 1, 135, 438, 864, 170, 1, 4, 1
51, 1, 126, 425, 868, 171, 1, 4, 1
52, 1, 137, 416, 865, 165, 1, 4, 1
53, 1, 144, 433, 865, 169, 1, 4, 1
54, 1, 140, 432, 861, 166, 1, 4, 1
55, 1, 127, 426, 858, 170, 1, 4, 1
56, 1, 141, 426, 868, 170, 1, 4, 1
57, 1, 128, 433, 863, 166, 1, 4, 1
58, 1, 135, 429, 864, 165, 1, 4, 1
59, 1, 125, 425, 867, 167, 1, 4, 1
60, 1, 126, 430, 865, 168, 1, 4, 1
61, 1, 113, 440, 867, 168, 1, 4, 1
62, 1, 119, 424, 860, 164, 1, 4, 1
63, 1, 92, 426, 873, 165, 1, 4, 1
64, 1, 121, 435, 863, 169, 1, 4, 1
65, 1, 96, 427, 868, 171, 1, 4, 1
66, 1, 115, 426, 858, 166, 1, 4, 1
67, 1, 114, 434, 861, 166, 1, 4, 1
68, 1, 96, 430, 867, 168, 1, 4, 1
69, 1, 99, 429, 869, 169, 1, 4, 1
70, 1, 111, 435, 862, 165, 1, 4, 1
71, 1, 98, 437, 862, 166, 1, 4, 1
72, 1, 112, 431, 860, 167, 1, 4, 1
73, 1, 100, 431, 866, 168, 1, 4, 1
74, 1, 114, 439, 863, 167, 1, 4, 1
75, 1, 103, 433, 862, 168, 1, 4, 1
76, 1, 115, 432, 863, 170, 1, 4, 1
77, 1, 113, 437, 864, 169, 1, 4, 1
78, 1, 99, 432, 862, 167, 1, 4, 1
79, 1, 101, 434, 864, 171, 1, 4, 1
80, 1, 113, 433, 863, 166, 1, 4, 1
81, 1, 73, 438, 870, 172, 1, 4, 1
82, 1, 103, 437, 872, 171, 1, 4, 1
83, 1, 98, 436, 861, 162, 1, 4, 1
84, 1, 101, 440, 879, 162, 1, 4, 1
85, 1, 89, 431, 877, 171, 1, 4, 1
86, 1, 86, 432, 859, 171, 1, 4, 1
87, 1, 111, 442, 868, 168, 1, 4, 1
88, 1, 91, 432, 869, 167, 1, 4, 1
89, 1, 86, 430, 870, 172, 1, 4, 1
90, 1, 112, 442, 872, 167, 1, 4, 1
91, 1, 90, 433, 864, 165, 1, 4, 1
92, 1, 83, 434, 868, 170, 1, 4, 1
93, 1, 94, 439, 869, 168, 1, 4, 1
94, 1, 76, 427, 867, 170, 1, 4, 1
95, 1, 86, 429, 869, 171, 1, 4, 1
96, 1, 77, 444, 865, 169, 1, 4, 1
97, 1, 90, 435, 862, 169, 1, 4, 1
98, 1, 74, 426, 866, 170, 1, 4, 1
99, 1, 83, 440, 868, 171, 1, 4, 1
100, 1, 85, 438, 864, 169, 1, 4, 1
101, 1, 81, 434, 863, 161, 1, 4, 1
102, 1, 90, 437, 866, 168, 1, 4, 1
103, 1, 90, 439, 865, 164, 1, 4, 1
104, 1, 89, 429, 861, 164, 1, 4, 1
105, 1, 98, 432, 863, 166, 1, 4, 1
106, 1, 94, 439, 863, 164, 1, 4, 1
107, 1, 111, 432, 857, 162, 1, 4, 1
108, 1, 114, 431, 859, 163, 1, 4, 1
109, 1, 119, 433, 864, 164, 1, 4, 1
110, 1, 115, 435, 864, 162, 1, 4, 1
111, 1, 129, 432, 865, 163, 1, 4, 1
112, 1, 129, 429, 861, 161, 1, 4, 1
113, 1, 132, 431, 866, 168, 1, 4, 1
114, 1, 129, 420, 887, 184, 1, 4, 1
115, 1, 126, 432, 877, 179, 1, 4, 1
116, 1, 151, 451, 867, 155, 1, 4, 1
117, 1, 136, 436, 878, 163, 1, 4, 1
118, 1, 164, 427, 864, 158, 1, 4, 1
119, 1, 157, 432, 863, 165, 1, 4, 1
120, 1, 150, 439, 876, 163, 1, 4, 1
121, 1, 158, 421, 871, 164, 1, 4, 1
122, 1, 166, 418, 862, 158, 1, 4, 1
123, 1, 174, 415, 878, 167, 1, 4, 1
124, 1, 160, 418, 861, 168, 1, 4, 1
125, 1, 166, 421, 866, 168, 1, 4, 1
126, 1, 159, 426, 863, 170, 1, 4, 1
127, 1, 163, 426, 864, 170, 1, 4, 1
128, 1, 165, 428, 860, 168, 1, 4, 1
129, 1, 162, 434, 859, 164, 1, 4, 1
130, 1, 169, 432, 867, 163, 1, 4, 1
131, 1, 146, 430, 888, 166, 1, 4, 1
132, 1, 164, 423, 872, 166, 1, 4, 1
133, 1, 160, 423, 870, 170, 1, 4, 1
134, 1, 165, 424, 864, 169, 1, 4, 1
135, 1, 163, 423, 862, 167, 1, 4, 1
136, 1, 163, 424, 868, 172, 1, 4, 1
137, 1, 162, 425, 866, 172, 1, 4, 1
138, 1, 162, 422, 865, 171, 1, 4, 1
139, 1, 165, 424, 860, 174, 1, 4, 1
140, 1, 158, 430, 868, 169, 1, 4, 1
141, 1, 165, 426, 864, 169, 1, 4, 1
142, 1, 164, 426, 864, 167, 1, 4, 1
143, 1, 164, 426, 867, 167, 1, 4, 1
144, 1, 162, 425, 870, 166, 1, 4, 1
145, 1, 162, 425, 864, 167, 1, 4, 1
146, 1, 165, 423, 869, 167, 1, 4, 1
147, 1, 159, 422, 865, 166, 1, 4, 1
148, 1, 166, 422, 867, 169, 1, 4, 1
149, 1, 167, 424, 860, 171, 1, 4, 1
150, 1, 166, 426, 865, 168, 1, 4, 1
151, 1, 162, 427, 871, 165, 1, 4, 1
152, 1, 155, 427, 869, 167, 1, 4, 1
153, 1, 164, 427, 867, 169, 1, 4, 1
154, 1, 157, 429, 868, 164, 1, 4, 1
155, 1, 163, 428, 862, 166, 1, 4, 1
156, 1, 156, 428, 868, 166, 1, 4, 1
157, 1, 162, 431, 861, 164, 1, 4, 1
158, 1, 158, 428, 867, 169, 1, 4, 1
159, 1, 159, 429, 864, 167, 1, 4, 1
160, 1, 157, 430, 868, 165, 1, 4, 1
161, 1, 160, 428, 861, 169, 1, 4, 1
162, 1, 156, 429, 863, 166, 1, 4, 1
163, 1, 160, 430, 867, 166, 1, 4, 1
164, 1, 157, 429, 866, 165, 1, 4, 1
165, 1, 157, 424, 864, 168, 1, 4, 1
166, 1, 158, 427, 864, 167, 1, 4, 1
167, 1, 162, 433, 860, 169, 1, 4, 1
168, 1, 181, 426, 865, 168, 1, 4, 1
169, 1, 162, 419, 859, 165, 1, 4, 1
170, 1, 173, 436, 869, 169, 1, 4, 1
171, 1, 174, 432, 862, 166, 1, 4, 1
172, 1, 167, 419, 864, 172, 1, 4, 1
173, 1, 172, 433, 864, 162, 1, 4, 1
174, 1, 165, 432, 860, 169, 1, 4, 1
175, 1, 166, 425, 863, 167, 1, 4, 1
176, 1, 160, 426, 865, 168, 1, 4, 1
177, 1, 171, 437, 873, 169, 1, 4, 1
178, 1, 173, 432, 864, 165, 1, 4, 1
179, 1, 165, 424, 862, 168, 1, 4, 1
180, 1, 177, 436, 866, 166, 1, 4, 1
181, 1, 169, 435, 863, 168, 1, 4, 1
182, 1, 170, 426, 862, 165, 1, 4, 1
183, 1, 173, 431, 862, 166, 1, 4, 1
184, 1, 168, 438, 865, 167, 1, 4, 1
185, 1, 168, 428, 859, 167, 1, 4, 1
186, 1, 171, 427, 862, 169, 1, 4, 1
187, 1, 173, 436, 866, 167, 1, 4, 1
188, 1, 173, 434, 860, 168, 1, 4, 1
189, 1, 172, 426, 862, 167, 1, 4, 1
190, 1, 177, 432, 860, 169, 1, 4, 1
191, 1, 172, 436, 865, 168, 1, 4, 1
192, 1, 171, 429, 860, 167, 1, 4, 1
193, 1, 178, 432, 859, 164, 1, 4, 1
194, 1, 170, 434, 861, 167, 1, 4, 1
195, 1, 171, 432, 861, 168, 1, 4, 1
196, 1, 169, 429, 863, 167, 1, 4, 1
197, 1, 172, 431, 864, 169, 1, 4, 1
198, 1, 171, 432, 863, 166, 1, 4, 1
199, 1, 169, 430, 862, 168, 1, 4, 1
200, 1, 172, 430, 866, 169, 1, 4, 1
201, 1, 166, 433, 865, 168, 1, 4, 1
202, 1, 172, 431, 863, 167, 1, 4, 1
203, 1, 162, 430, 864, 168, 1, 4, 1
204, 1, 171, 433, 866, 169, 1, 4, 1
205, 1, 162, 433, 865, 164, 1, 4, 1
206, 1, 169, 430, 863, 169, 1, 4, 1
207, 1, 168, 432, 862, 169, 1, 4, 1
208, 1, 164, 433, 868, 168, 1, 4, 1
209, 1, 167, 430, 867, 168, 1, 4, 1
210, 1, 163, 431, 866, 167, 1, 4, 1
211, 1, 169, 433, 866, 167, 1, 4, 1
212, 1, 163, 428, 867, 170, 1, 4, 1
213, 1, 167, 431, 863, 167, 1, 4, 1
214, 1, 169, 432, 865, 169, 1, 4, 1
215, 1, 166, 429, 864, 168, 1, 4, 1
216, 1, 167, 429, 863, 169, 1, 4, 1
217, 1, 168, 430, 866, 169, 1, 4, 1
218, 1, 165, 430, 863, 168, 1, 4, 1
219, 1, 167, 429, 866, 169, 1, 4, 1
220, 1, 166, 430, 863, 169, 1, 4, 1
221, 1, 169, 430, 862, 168, 1, 4, 1
222, 1, 165, 429, 865, 169, 1, 4, 1
223, 1, 164, 428, 866, 168, 1, 4, 1
224, 1, 166, 430, 859, 169, 1, 4, 1
225, 1, 168, 430, 863, 170, 1, 4, 1
226, 1, 165, 428, 863, 167, 1, 4, 1
227, 1, 165, 429, 863, 168, 1, 4, 1
228, 1, 163, 428, 867, 170, 1, 4, 1
229, 1, 164, 427, 863, 168, 1, 4, 1
230, 1, 162, 431, 863, 165, 1, 4, 1
231, 1, 161, 432, 864, 164, 1, 4, 1
232, 1, 161, 427, 865, 166, 1, 4, 1
233, 1, 162, 429, 865, 166, 1, 4, 1
234, 1, 160, 432, 866, 163, 1, 4, 1
235, 1, 162, 429, 865, 165, 1, 4, 1
236, 1, 162, 428, 866, 165, 1, 4, 1
237, 1, 159, 432, 863, 164, 1, 4, 1
238, 1, 160, 431, 864, 164, 1, 4, 1
239, 1, 162, 427, 864, 165, 1, 4, 1
240, 1, 161, 427, 863, 166, 1, 4, 1
241, 1, 159, 429, 862, 167, 1, 4, 1
242, 1, 160, 428, 866, 164, 1, 4, 1
243, 1, 161, 427, 862, 164, 1, 4, 1
244, 1, 160, 430, 862, 164, 1, 4, 1
245, 1, 160, 428, 862, 166, 1, 4, 1
246, 1, 163, 427, 863, 163, 1, 4, 1
247, 1, 161, 428, 863, 165, 1, 4, 1
248, 1, 161, 431, 865, 164, 1, 4, 1
249, 1, 158, 427, 865, 163, 1, 4, 1
250, 1, 162, 424, 865, 166, 1, 4, 1
251, 1, 157, 428, 865, 167, 1, 4, 1
252, 1, 157, 429, 867, 164, 1, 4, 1
253, 1, 154, 427, 868, 165, 1, 4, 1
254, 1, 157, 430, 865, 165, 1, 4, 1
255, 1, 155, 429, 867, 165, 1, 4, 1
256, 1, 156, 426, 865, 166, 1, 4, 1
257, 1, 158, 429, 862, 166, 1, 4, 1
258, 1, 157, 429, 863, 167, 1, 4, 1
259, 1, 158, 428, 865, 164, 1, 4, 1
260, 1, 154, 427, 869, 166, 1, 4, 1
261, 1, 158, 432, 865, 163, 1, 4, 1
262, 1, 156, 428, 868, 165, 1, 4, 1
263, 1, 155, 428, 868, 165, 1, 4, 1
264, 1, 159, 429, 864, 166, 1, 4, 1
265, 1, 155, 427, 866, 168, 1, 4, 1
266, 1, 155, 426, 869, 167, 1, 4, 1
267, 1, 156, 426, 866, 169, 1, 4, 1
268, 1, 155, 428, 865, 166, 1, 4, 1
269, 1, 154, 427, 869, 167, 1, 4, 1
270, 1, 154, 427, 868, 167, 1, 4, 1
271, 1, 156, 428, 866, 167, 1, 4, 1
272, 1, 155, 428, 864, 166, 1, 4, 1
273, 1, 156, 428, 865, 166, 1, 4, 1
274, 1, 155, 428, 866, 167, 1, 4, 1
275, 1, 156, 428, 866, 167, 1, 4, 1
276, 1, 156, 428, 866, 166, 1, 4, 1
277, 1, 156, 428, 867, 167, 1, 4, 1
278, 1, 155, 429, 868, 167, 1, 4, 1
279, 1, 156, 429, 867, 166, 1, 4, 1
280, 1, 156, 428, 866, 167, 1, 4, 1
281, 1, 158, 432, 865, 164, 1, 4, 1
282, 1, 157, 429, 865, 166, 1, 4, 1
283, 1, 157, 429, 865, 165, 1, 4, 1
284, 1, 157, 431, 864, 165, 1, 4, 1
285, 1, 157, 433, 865, 162, 1, 4, 1
286, 1, 160, 430, 859, 165, 1, 4, 1
287, 1, 157, 430, 867, 165, 1, 4, 1
288, 1, 156, 433, 867, 163, 1, 4, 1
289, 1, 158, 432, 866, 163, 1, 4, 1
290, 1, 159, 430, 861, 166, 1, 4, 1
291, 1, 160, 432, 864, 165, 1, 4, 1
292, 1, 156, 433, 865, 163, 1, 4, 1
293, 1, 158, 432, 865, 164, 1, 4, 1
294, 1, 156, 432, 867, 163, 1, 4, 1
295, 1, 157, 433, 866, 163, 1, 4, 1
296, 1, 159, 432, 861, 164, 1, 4, 1
297, 1, 156, 431, 865, 164, 1, 4, 1
298, 1, 159, 434, 866, 162, 1, 4, 1
299, 1, 159, 433, 861, 163, 1, 4, 1
300, 1, 155, 433, 868, 162, 1, 4, 1
301, 1, 158, 433, 865, 163, 1, 4, 1
302, 1, 159, 433, 863, 162, 1, 4, 1
303, 1, 158, 431, 859, 164, 1, 4, 1
304, 1, 160, 433, 858, 163, 1, 4, 1
305, 1, 157, 434, 865, 162, 1, 4, 1
306, 1, 157, 433, 860, 162, 1, 4, 1
307, 1, 160, 433, 861, 163, 1, 4, 1
308, 1, 156, 434, 869, 164, 1, 4, 1
309, 1, 158, 433, 862, 162, 1, 4, 1
310, 1, 156, 432, 864, 163, 1, 4, 1
311, 1, 157, 433, 864, 164, 1, 4, 1
312, 1, 156, 432, 863, 165, 1, 4, 1
313, 1, 159, 432, 854, 164, 1, 4, 1
314, 1, 156, 432, 860, 165, 1, 4, 1
315, 1, 157, 433, 861, 163, 1, 4, 1
316, 1, 156, 432, 861, 164, 1, 4, 1
317, 1, 157, 431, 861, 165, 1, 4, 1
318, 1, 156, 433, 860, 163, 1, 4, 1
319, 1, 155, 433, 867, 163, 1, 4, 1
320, 1, 159, 431, 858, 164, 1, 4, 1
321, 1, 156, 432, 863, 164, 1, 4, 1
322, 1, 156, 433, 861, 162, 1, 4, 1
323, 1, 156, 432, 866, 163, 1, 4, 1
324, 1, 156, 432, 861, 164, 1, 4, 1
325, 1, 156, 432, 866, 163, 1, 4, 1
326, 1, 160, 431, 856, 165, 1, 4, 1
327, 1, 157, 432, 866, 164, 1, 4, 1
328, 1, 157, 431, 861, 164, 1, 4, 1
329, 1, 156, 431, 865, 164, 1, 4, 1
330, 1, 156, 431, 863, 164, 1, 4, 1
331, 1, 155, 431, 866, 165, 1, 4, 1
332, 1, 156, 431, 865, 164, 1, 4, 1
333, 1, 157, 431, 861, 164, 1, 4, 1
334, 1, 156, 432, 864, 163, 1, 4, 1
335, 1, 156, 432, 866, 164, 1, 4, 1
336, 1, 155, 431, 864, 163, 1, 4, 1
337, 1, 156, 431, 862, 163, 1, 4, 1
338, 1, 156, 432, 865, 162, 1, 4, 1
339, 1, 156, 431, 864, 164, 1, 4, 1
340, 1, 156, 430, 865, 165, 1, 4, 1
341, 1, 160, 431, 859, 164, 1, 4, 1
342, 1, 156, 431, 862, 164, 1, 4, 1
343, 1, 157, 431, 863, 165, 1, 4, 1
344, 1, 159, 431, 858, 164, 1, 4, 1
345, 1, 157, 431, 863, 164, 1, 4, 1
346, 1, 156, 431, 863, 164, 1, 4, 1
347, 1, 156, 431, 865, 164, 1, 4, 1
348, 1, 157, 431, 861, 164, 1, 4, 1
349, 1, 157, 431, 861, 164, 1, 4, 1
350, 1, 157, 431, 861, 165, 1, 4, 1
351, 1, 157, 430, 862, 164, 1, 4, 1
352, 1, 157, 431, 862, 163, 1, 4, 1
353, 1, 157, 430, 861, 163, 1, 4, 1
354, 1, 155, 430, 867, 163, 1, 4, 1
355, 1, 156, 431, 863, 163, 1, 4, 1
356, 1, 161, 430, 859, 164, 1, 4, 1
357, 1, 158, 429, 859, 163, 1, 4, 1
358, 1, 157, 430, 865, 164, 1, 4, 1
359, 1, 157, 429, 863, 164, 1, 4, 1
360, 1, 156, 430, 865, 163, 1, 4, 1
361, 1, 158, 430, 863, 165, 1, 4, 1
362, 1, 157, 430, 865, 164, 1, 4, 1
363, 1, 156, 429, 866, 165, 1, 4, 1
364, 1, 157, 430, 864, 164, 1, 4, 1
365, 1, 160, 431, 861, 163, 1, 4, 1
366, 1, 155, 430, 867, 165, 1, 4, 1
367, 1, 156, 429, 868, 165, 1, 4, 1
368, 1, 157, 431, 864, 164, 1, 4, 1
369, 1, 156, 430, 863, 165, 1, 4, 1
370, 1, 157, 431, 865, 163, 1, 4, 1
371, 1, 157, 430, 862, 165, 1, 4, 1
372, 1, 156, 432, 864, 162, 1, 4, 1
373, 1, 156, 430, 863, 164, 1, 4, 1
374, 1, 157, 431, 863, 164, 1, 4, 1
375, 1, 156, 432, 863, 163, 1, 4, 1
376, 1, 157, 431, 863, 165, 1, 4, 1
377, 1, 156, 430, 864, 166, 1, 4, 1
378, 1, 156, 431, 862, 165, 1, 4, 1
379, 1, 156, 430, 863, 166, 1, 4, 1
380, 1, 157, 430, 863, 164, 1, 4, 1
381, 1, 155, 429, 863, 166, 1, 4, 1
382, 1, 157, 430, 861, 165, 1, 4, 1
383, 1, 155, 430, 861, 164, 1, 4, 1
384, 1, 156, 429, 861, 166, 1, 4, 1
385, 1, 158, 431, 858, 165, 1, 4, 1
386, 1, 157, 430, 861, 165, 1, 4, 1
387, 1, 155, 429, 862, 166, 1, 4, 1
388, 1, 155, 430, 860, 165, 1, 4, 1
389, 1, 156, 429, 859, 166, 1, 4, 1
390, 1, 156, 430, 860, 165, 1, 4, 1
391, 1, 154, 430, 863, 165, 1, 4, 1
392, 1, 155, 430, 863, 166, 1, 4, 1
393, 1, 154, 430, 861, 165, 1, 4, 1
394, 1, 156, 431, 863, 165, 1, 4, 1
395, 1, 155, 430, 861, 166, 1, 4, 1
396, 1, 157, 432, 861, 163, 1, 4, 1
397, 1, 157, 432, 864, 164, 1, 4, 1
398, 1, 156, 431, 862, 164, 1, 4, 1
399, 1, 157, 432, 864, 164, 1, 4, 1
400, 1, 156, 432, 864, 163, 1, 4, 1
401, 1, 157, 431, 864, 163, 1, 4, 1
402, 1, 159, 433, 863, 162, 1, 4, 1
403, 1, 157, 431, 864, 164, 1, 4, 1
404, 1, 159, 432, 861, 163, 1, 4, 1
405, 1, 158, 432, 864, 163, 1, 4, 1
406, 1, 159, 433, 862, 163, 1, 4, 1
407, 1, 159, 432, 859, 163, 1, 4, 1
408, 1, 158, 432, 863, 164, 1, 4, 1
409, 1, 160, 433, 863, 162, 1, 4, 1
410, 1, 158, 432, 862, 163, 1, 4, 1
411, 1, 159, 433, 865, 162, 1, 4, 1
412, 1, 157, 433, 866, 163, 1, 4, 1
413, 1, 157, 433, 867, 162, 1, 4, 1
414, 1, 159, 433, 866, 162, 1, 4, 1
415, 1, 159, 433, 863, 162, 1, 4, 1
416, 1, 159, 433, 866, 163, 1, 4, 1
417, 1, 159, 434, 859, 162, 1, 4, 1
418, 1, 159, 434, 865, 163, 1, 4, 1
419, 1, 157, 433, 864, 163, 1, 4, 1
420, 1, 159, 434, 866, 163, 1, 4, 1
421, 1, 157, 434, 866, 162, 1, 4, 1
422, 1, 161, 434, 864, 162, 1, 4, 1
423, 1, 161, 434, 863, 162, 1, 4, 1
424, 1, 158, 433, 864, 162, 1, 4, 1
425, 1, 159, 434, 864, 164, 1, 4, 1
426, 1, 158, 434, 866, 162, 1, 4, 1
427, 1, 158, 433, 867, 164, 1, 4, 1
428, 1, 162, 434, 860, 163, 1, 4, 1
429, 1, 163, 434, 864, 165, 1, 4, 1
430, 1, 159, 432, 864, 164, 1, 4, 1
431, 1, 161, 432, 865, 165, 1, 4, 1
432, 1, 160, 433, 864, 163, 1, 4, 1
433, 1, 159, 432, 862, 164, 1, 4, 1
434, 1, 160, 431, 863, 165, 1, 4, 1
435, 1, 158, 432, 864, 163, 1, 4, 1
436, 1, 161, 432, 862, 165, 1, 4, 1
437, 1, 156, 432, 863, 164, 1, 4, 1
438, 1, 162, 432, 862, 165, 1, 4, 1
439, 1, 156, 432, 863, 164, 1, 4, 1
440, 1, 162, 432, 862, 164, 1, 4, 1
441, 1, 159, 432, 864, 164, 1, 4, 1
442, 1, 161, 432, 865, 164, 1, 4, 1
443, 1, 159, 432, 865, 163, 1, 4, 1
444, 1, 159, 432, 864, 162, 1, 4, 1
445, 1, 161, 431, 864, 164, 1, 4, 1
446, 1, 162, 431, 864, 164, 1, 4, 1
447, 1, 162, 431, 865, 164, 1, 4, 1
448, 1, 160, 431, 864, 164, 1, 4, 1
449, 1, 161, 431, 864, 164, 1, 4, 1
450, 1, 159, 431, 865, 163, 1, 4, 1
451, 1, 163, 431, 862, 164, 1, 4, 1
452, 1, 162, 431, 862, 165, 1, 4, 1
453, 1, 161, 431, 861, 163, 1, 4, 1
454, 1, 162, 431, 861, 164, 1, 4, 1
455, 1, 160, 430, 864, 165, 1, 4, 1
456, 1, 165, 431, 858, 165, 1, 4, 1
457, 1, 162, 431, 860, 163, 1, 4, 1
458, 1, 161, 430, 863, 164, 1, 4, 1
459, 1, 161, 430, 859, 164, 1, 4, 1
460, 1, 165, 430, 857, 164, 1, 4, 1
461, 1, 159, 430, 862, 164, 1, 4, 1
462, 1, 163, 430, 862, 165, 1, 4, 1
463, 1, 159, 430, 864, 164, 1, 4, 1
464, 1, 162, 430, 861, 165, 1, 4, 1
465, 1, 161, 430, 863, 165, 1, 4, 1
466, 1, 163, 430, 859, 164, 1, 4, 1
467, 1, 159, 430, 864, 164, 1, 4, 1
468, 1, 159, 430, 864, 164, 1, 4, 1
469, 1, 159, 429, 861, 164, 1, 4, 1
470, 1, 156, 429, 865, 164, 1, 4, 1
471, 1, 157, 430, 867, 165, 1, 4, 1
472, 1, 157, 430, 866, 164, 1, 4, 1
473, 1, 160, 430, 865, 164, 1, 4, 1
474, 1, 158, 429, 865, 165, 1, 4, 1
475, 1, 160, 431, 864, 164, 1, 4, 1
476, 1, 160, 430, 862, 164, 1, 4, 1
477, 1, 160, 430, 864, 164, 1, 4, 1
478, 1, 159, 429, 863, 164, 1, 4, 1
479, 1, 160, 430, 863, 165, 1, 4, 1
480, 1, 158, 429, 866, 164, 1, 4, 1
481, 1, 160, 429, 865, 165, 1, 4, 1
482, 1, 162, 430, 863, 164, 1, 4, 1
483, 1, 161, 429, 856, 165, 1, 4, 1
484, 1, 162, 429, 862, 164, 1, 4, 1
485, 1, 160, 430, 862, 163, 1, 4, 1
486, 1, 162, 431, 862, 163, 1, 4, 1
487, 1, 158, 430, 864, 163, 1, 4, 1
488, 1, 163, 431, 860, 162, 1, 4, 1
489, 1, 160, 430, 863, 163, 1, 4, 1
490, 1, 160, 430, 862, 163, 1, 4, 1
491, 1, 162, 430, 859, 163, 1, 4, 1
492, 1, 158, 430, 866, 162, 1, 4, 1
493, 1, 159, 430, 865, 163, 1, 4, 1
494, 1, 160, 430, 865, 164, 1, 4, 1
495, 1, 159, 429, 863, 163, 1, 4, 1
496, 1, 157, 430, 868, 163, 1, 4, 1
497, 1, 158, 430, 865, 164, 1, 4, 1
498, 1, 158, 430, 867, 164, 1, 4, 1
499, 1, 161, 431, 862, 162, 1, 4, 1
500, 1, 162, 431, 861, 162, 1, 4, 1
501, 1, 156, 428, 863, 164, 1, 4, 1
502, 1, 159, 430, 860, 163, 1, 4, 1
503, 1, 158, 430, 864, 164, 1, 4, 1
504, 1, 156, 429, 869, 164, 1, 4, 1
505, 1, 160, 429, 864, 165, 1, 4, 1
506, 1, 158, 430, 865, 163, 1, 4, 1
507, 1, 159, 430, 866, 164, 1, 4, 1
508, 1, 162, 430, 863, 164, 1, 4, 1
509, 1, 161, 430, 862, 164, 1, 4, 1
510, 1, 159, 430, 862, 164, 1, 4, 1
511, 1, 157, 430, 866, 165, 1, 4, 1
512, 1, 159, 430, 866, 164, 1, 4, 1
513, 1, 159, 429, 862, 165, 1, 4, 1
514, 1, 161, 430, 863, 165, 1, 4, 1
515, 1, 159, 429, 865, 165, 1, 4, 1
516, 1, 158, 429, 861, 166, 1, 4, 1
517, 1, 160, 429, 864, 166, 1, 4, 1
518, 1, 162, 430, 860, 163, 1, 4, 1
519, 1, 159, 430, 864, 164, 1, 4, 1
520, 1, 161, 430, 862, 164, 1, 4, 1
521, 1, 159, 430, 862, 164, 1, 4, 1
522, 1, 160, 430, 862, 164, 1, 4, 1
523, 1, 158, 429, 864, 164, 1, 4, 1
524, 1, 158, 430, 863, 163, 1, 4, 1
525, 1, 158, 431, 866, 163, 1, 4, 1
526, 1, 161, 429, 863, 165, 1, 4, 1
527, 1, 158, 429, 866, 165, 1, 4, 1
528, 1, 160, 430, 865, 164, 1, 4, 1
529, 1, 159, 429, 864, 164, 1, 4, 1
530, 1, 160, 430, 861, 164, 1, 4, 1
531, 1, 160, 431, 864, 162, 1, 4, 1
532, 1, 162, 430, 860, 165, 1, 4, 1
533, 1, 158, 430, 866, 164, 1, 4, 1
534, 1, 158, 430, 865, 165, 1, 4, 1
535, 1, 161, 431, 863, 164, 1, 4, 1
536, 1, 158, 430, 866, 163, 1, 4, 1
537, 1, 159, 429, 865, 165, 1, 4, 1
538, 1, 160, 431, 863, 163, 1, 4, 1
539, 1, 159, 429, 862, 166, 1, 4, 1
540, 1, 159, 429, 864, 165, 1, 4, 1
541, 1, 158, 430, 865, 164, 1, 4, 1
542, 1, 159, 430, 864, 164, 1, 4, 1
543, 1, 159, 430, 863, 165, 1, 4, 1
544, 1, 158, 429, 864, 166, 1, 4, 1
545, 1, 157, 430, 866, 164, 1, 4, 1
546, 1, 158, 430, 863, 164, 1, 4, 1
547, 1, 160, 430, 863, 164, 1, 4, 1
548, 1, 158, 429, 864, 164, 1, 4, 1
549, 1, 158, 430, 861, 164, 1, 4, 1
550, 1, 161, 430, 859, 164, 1, 4, 1
551, 1, 153, 431, 865, 164, 1, 4, 1
552, 1, 152, 431, 866, 163, 1, 4, 1
553, 1, 154, 431, 865, 164, 1, 4, 1
554, 1, 154, 431, 866, 164, 1, 4, 1
555, 1, 154, 431, 865, 164, 1, 4, 1
556, 1, 154, 431, 864, 163, 1, 4, 1
557, 1, 153, 431, 863, 164, 1, 4, 1
558, 1, 154, 430, 861, 163, 1, 4, 1
559, 1, 153, 431, 862, 163, 1, 4, 1
560, 1, 153, 430, 865, 163, 1, 4, 1
561, 1, 151, 430, 867, 164, 1, 4, 1
562, 1, 152, 431, 864, 163, 1, 4, 1
563, 1, 153, 430, 864, 164, 1, 4, 1
564, 1, 153, 430, 865, 164, 1, 4, 1
565, 1, 154, 430, 859, 163, 1, 4, 1
566, 1, 152, 430, 866, 164, 1, 4, 1
567, 1, 153, 431, 864, 163, 1, 4, 1
568, 1, 153, 431, 864, 163, 1, 4, 1
569, 1, 155, 431, 862, 162, 1, 4, 1
570, 1, 154, 430, 862, 163, 1, 4, 1
571, 1, 153, 430, 865, 164, 1, 4, 1
572, 1, 154, 430, 864, 163, 1, 4, 1
573, 1, 153, 430, 861, 163, 1, 4, 1
574, 1, 152, 431, 867, 163, 1, 4, 1
575, 1, 155, 430, 861, 163, 1, 4, 1
576, 1, 154, 430, 863, 163, 1, 4, 1
577, 1, 153, 430, 863, 163, 1, 4, 1
578, 1, 154, 430, 864, 163, 1, 4, 1
579, 1, 154, 429, 862, 164, 1, 4, 1
580, 1, 153, 429, 866, 164, 1, 4, 1
581, 1, 153, 430, 865, 163, 1, 4, 1
582, 1, 154, 430, 862, 163, 1, 4, 1
583, 1, 153, 430, 866, 163, 1, 4, 1
584, 1, 153, 430, 865, 163, 1, 4, 1
585, 1, 153, 430, 865, 163, 1, 4, 1
586, 1, 153, 430, 864, 163, 1, 4, 1
587, 1, 153, 429, 864, 164, 1, 4, 1
588, 1, 153, 430, 866, 162, 1, 4, 1
589, 1, 154, 429, 865, 163, 1, 4, 1
590, 1, 152, 430, 867, 163, 1, 4, 1
591, 1, 154, 429, 865, 164, 1, 4, 1
592, 1, 153, 429, 861, 164, 1, 4, 1
593, 1, 154, 430, 862, 164, 1, 4, 1
594, 1, 154, 430, 863, 163, 1, 4, 1
595, 1, 154, 430, 864, 163, 1, 4, 1
596, 1, 156, 430, 862, 164, 1, 4, 1
597, 1, 155, 430, 861, 164, 1, 4, 1
598, 1, 155, 429, 864, 164, 1, 4, 1
599, 1, 154, 429, 864, 165, 1, 4, 1
600, 1, 153, 429, 865, 164, 1, 4, 1
601, 1, 154, 429, 864, 162, 1, 4, 1
602, 1, 154, 429, 865, 163, 1, 4, 1
603, 1, 155, 429, 863, 161, 1, 4, 1
604, 1, 153, 429, 863, 163, 1, 4, 1
605, 1, 153, 429, 864, 163, 1, 4, 1
606, 1, 153, 428, 864, 164, 1, 4, 1
607, 1, 154, 429, 863, 163, 1, 4, 1
608, 1, 154, 429, 861, 162, 1, 4, 1
609, 1, 154, 429, 863, 162, 1, 4, 1
610, 1, 155, 429, 861, 164, 1, 4, 1
611, 1, 155, 429, 860, 163, 1, 4, 1
612, 1, 155, 429, 861, 164, 1, 4, 1
613, 1, 155, 429, 862, 163, 1, 4, 1
614, 1, 155, 429, 862, 164, 1, 4, 1
615, 1, 155, 430, 863, 164, 1, 4, 1
616, 1, 157, 430, 860, 163, 1, 4, 1
617, 1, 155, 430, 861, 163, 1, 4, 1
618, 1, 155, 430, 862, 163, 1, 4, 1
619, 1, 156, 430, 861, 164, 1, 4, 1
620, 1, 157, 430, 863, 163, 1, 4, 1
621, 1, 154, 430, 865, 163, 1, 4, 1
622, 1, 154, 430, 864, 163, 1, 4, 1
623, 1, 157, 430, 861, 163, 1, 4, 1
624, 1, 153, 430, 865, 163, 1, 4, 1
625, 1, 154, 430, 863, 164, 1, 4, 1
626, 1, 155, 430, 864, 164, 1, 4, 1
627, 1, 155, 430, 863, 163, 1, 4, 1
628, 1, 155, 431, 863, 163, 1, 4, 1
629, 1, 155, 430, 864, 164, 1, 4, 1
630, 1, 155, 430, 864, 164, 1, 4, 1
631, 1, 157, 431, 862, 164, 1, 4, 1
632, 1, 156, 431, 864, 164, 1, 4, 1
633, 1, 156, 431, 863, 163, 1, 4, 1
634, 1, 155, 431, 865, 164, 1, 4, 1
635, 1, 156, 431, 864, 163, 1, 4, 1
636, 1, 157, 431, 864, 164, 1, 4, 1
637, 1, 155, 431, 865, 163, 1, 4, 1
638, 1, 156, 431, 865, 163, 1, 4, 1
639, 1, 155, 431, 865, 163, 1, 4, 1
640, 1, 154, 431, 866, 164, 1, 4, 1
641, 1, 155, 431, 866, 164, 1, 4, 1
642, 1, 155, 431, 865, 164, 1, 4, 1
643, 1, 155, 431, 865, 163, 1, 4, 1
644, 1, 154, 431, 866, 162, 1, 4, 1
645, 1, 155, 431, 865, 163, 1, 4, 1
646, 1, 156, 431, 864, 162, 1, 4, 1
647, 1, 155, 431, 866, 163, 1, 4, 1
648, 1, 157, 431, 863, 162, 1, 4, 1
649, 1, 156, 430, 865, 163, 1, 4, 1
650, 1, 157, 431, 863, 163, 1, 4, 1
651, 1, 156, 432, 863, 163, 1, 4, 1
652, 1, 159, 432, 860, 163, 1, 4, 1
653, 1, 155, 431, 864, 163, 1, 4, 1
654, 1, 158, 431, 863, 164, 1, 4, 1
655, 1, 157, 431, 863, 164, 1, 4, 1
656, 1, 157, 432, 862, 163, 1, 4, 1
657, 1, 157, 431, 864, 163, 1, 4, 1
658, 1, 156, 431, 864, 164, 1, 4, 1
659, 1, 157, 432, 862, 162, 1, 4, 1
660, 1, 157, 431, 862, 164, 1, 4, 1
661, 1, 159, 432, 859, 163, 1, 4, 1
662, 1, 156, 432, 863, 162, 1, 4, 1
663, 1, 158, 431, 863, 163, 1, 4, 1
664, 1, 157, 432, 863, 162, 1, 4, 1
665, 1, 157, 431, 863, 163, 1, 4, 1
666, 1, 157, 432, 863, 163, 1, 4, 1
667, 1, 157, 431, 862, 163, 1, 4, 1
668, 1, 157, 431, 864, 163, 1, 4, 1
669, 1, 157, 430, 863, 163, 1, 4, 1
670, 1, 156, 430, 863, 163, 1, 4, 1
671, 1, 156, 430, 864, 164, 1, 4, 1
672, 1, 157, 430, 861, 164, 1, 4, 1
673, 1, 158, 430, 861, 163, 1, 4, 1
674, 1, 158, 430, 862, 164, 1, 4, 1
675, 1, 158, 430, 863, 164, 1, 4, 1
676, 1, 157, 430, 864, 164, 1, 4, 1
677, 1, 157, 430, 864, 164, 1, 4, 1
678, 1, 158, 430, 865, 163, 1, 4, 1
679, 1, 158, 430, 864, 163, 1, 4, 1
680, 1, 157, 430, 865, 164, 1, 4, 1
681, 1, 157, 430, 865, 164, 1, 4, 1
682, 1, 158, 430, 866, 163, 1, 4, 1
683, 1, 156, 429, 865, 164, 1, 4, 1
684, 1, 159, 429, 864, 166, 1, 4, 1
685, 1, 157, 429, 863, 164, 1, 4, 1
686, 1, 157, 430, 866, 164, 1, 4, 1
687, 1, 157, 429, 863, 165, 1, 4, 1
688, 1, 157, 429, 865, 164, 1, 4, 1
689, 1, 157, 429, 862, 164, 1, 4, 1
690, 1, 156, 430, 867, 164, 1, 4, 1
691, 1, 157, 429, 865, 165, 1, 4, 1
692, 1, 158, 429, 861, 165, 1, 4, 1
693, 1, 157, 430, 864, 163, 1, 4, 1
694, 1, 156, 429, 865, 164, 1, 4, 1
695, 1, 157, 430, 864, 163, 1, 4, 1
696, 1, 156, 429, 865, 164, 1, 4, 1
697, 1, 158, 430, 862, 163, 1, 4, 1
698, 1, 156, 429, 864, 165, 1, 4, 1
699, 1, 158, 430, 863, 164, 1, 4, 1
700, 1, 156, 430, 864, 163, 1, 4, 1
701, 1, 156, 429, 868, 163, 1, 4, 1
702, 1, 155, 428, 868, 163, 1, 4, 1
703, 1, 157, 428, 865, 164, 1, 4, 1
704, 1, 157, 429, 866, 163, 1, 4, 1
705, 1, 157, 429, 866, 162, 1, 4, 1
706, 1, 156, 429, 867, 162, 1, 4, 1
707, 1, 154, 429, 870, 163, 1, 4, 1
708, 1, 155, 429, 870, 164, 1, 4, 1
709, 1, 156, 430, 867, 162, 1, 4, 1
710, 1, 156, 429, 868, 164, 1, 4, 1
711, 1, 156, 429, 869, 163, 1, 4, 1
712, 1, 157, 429, 866, 163, 1, 4, 1
713, 1, 156, 429, 868, 164, 1, 4, 1
714, 1, 157, 429, 866, 164, 1, 4, 1
715, 1, 155, 429, 868, 164, 1, 4, 1
716, 1, 155, 429, 867, 164, 1, 4, 1
717, 1, 156, 429, 867, 163, 1, 4, 1
718, 1, 158, 429, 863, 164, 1, 4, 1
719, 1, 157, 429, 867, 164, 1, 4, 1
720, 1, 156, 429, 867, 164, 1, 4, 1
721, 1, 156, 430, 868, 164, 1, 4, 1
722, 1, 156, 430, 869, 163, 1, 4, 1
723, 1, 158, 429, 862, 165, 1, 4, 1
724, 1, 157, 430, 865, 164, 1, 4, 1
725, 1, 158, 430, 866, 164, 1, 4, 1
726, 1, 156, 430, 867, 164, 1, 4, 1
727, 1, 157, 429, 864, 165, 1, 4, 1
728, 1, 157, 430, 866, 164, 1, 4, 1
729, 1, 155, 430, 870, 164, 1, 4, 1
730, 1, 157, 430, 868, 165, 1, 4, 1
731, 1, 156, 430, 868, 164, 1, 4, 1
732, 1, 156, 432, 868, 163, 1, 4, 1
733, 1, 157, 432, 868, 162, 1, 4, 1
734, 1, 158, 432, 867, 162, 1, 4, 1
735, 1, 157, 431, 867, 163, 1, 4, 1
736, 1, 158, 430, 867, 164, 1, 4, 1
737, 1, 157, 430, 865, 164, 1, 4, 1
738, 1, 159, 430, 866, 164, 1, 4, 1
739, 1, 161, 430, 863, 164, 1, 4, 1
740, 1, 161, 431, 864, 163, 1, 4, 1
741, 1, 159, 430, 865, 163, 1, 4, 1
742, 1, 158, 431, 865, 163, 1, 4, 1
743, 1, 157, 431, 862, 163, 1, 4, 1
744, 1, 157, 431, 865, 163, 1, 4, 1
745, 1, 157, 430, 864, 164, 1, 4, 1
746, 1, 158, 430, 865, 164, 1, 4, 1
747, 1, 159, 430, 863, 164, 1, 4, 1
748, 1, 157, 431, 863, 162, 1, 4, 1
749, 1, 159, 432, 861, 161, 1, 4, 1
750, 1, 156, 430, 866, 163, 1, 4, 1
1, 2, 1100, 381, 662, 194, 1, 4, 1
2, 2, 1082, 364, 657, 193, 1, 4, 1
3, 2, 1119, 390, 644, 191, 1, 4, 1
4, 2, 1183, 377, 629, 207, 1, 4, 1
5, 2, 1129, 345, 664, 216, 1, 4, 1
6, 2, 1114, 397, 652, 194, 1, 4, 1
7, 2, 1176, 389, 628, 188, 1, 4, 1
8, 2, 1164, 357, 648, 197, 1, 4, 1
9, 2, 1130, 372, 649, 214, 1, 4, 1
10, 2, 1174, 386, 629, 212, 1, 4, 1
11, 2, 1205, 351, 612, 196, 1, 4, 1
12, 2, 1156, 375, 651, 210, 1, 4, 1
13, 2, 1186, 403, 632, 199, 1, 4, 1
14, 2, 1181, 369, 637, 193, 1, 4, 1
15, 2, 1177, 364, 637, 197, 1, 4, 1
16, 2, 1175, 392, 642, 207, 1, 4, 1
17, 2, 1183, 393, 635, 193, 1, 4, 1
18, 2, 1162, 356, 653, 202, 1, 4, 1
19, 2, 1154, 382, 656, 210, 1, 4, 1
20, 2, 1167, 389, 647, 200, 1, 4, 1
21, 2, 1134, 377, 665, 201, 1, 4, 1
22, 2, 1166, 372, 647, 201, 1, 4, 1
23, 2, 1158, 385, 655, 207, 1, 4, 1
24, 2, 1160, 389, 652, 203, 1, 4, 1
25, 2, 1154, 361, 655, 204, 1, 4, 1
26, 2, 1138, 389, 657, 204, 1, 4, 1
27, 2, 1147, 392, 660, 206, 1, 4, 1
28, 2, 1117, 373, 663, 200, 1, 4, 1
29, 2, 1140, 373, 662, 201, 1, 4, 1
30, 2, 1110, 396, 656, 204, 1, 4, 1
31, 2, 1118, 385, 655, 199, 1, 4, 1
32, 2, 1117, 374, 661, 201, 1, 4, 1
33, 2, 1103, 390, 654, 202, 1, 4, 1
34, 2, 1103, 393, 654, 202, 1, 4, 1
35, 2, 1111, 377, 661, 197, 1, 4, 1
36, 2, 1099, 383, 661, 206, 1, 4, 1
37, 2, 1121, 398, 661, 203, 1, 4, 1
38, 2, 1098, 377, 655, 197, 1, 4, 1
39, 2, 1070, 373, 657, 203, 1, 4, 1
40, 2, 1101, 399, 659, 206, 1, 4, 1
41, 2, 1082, 387, 663, 202, 1, 4, 1
42, 2, 1066, 374, 657, 202, 1, 4, 1
43, 2, 1092, 391, 660, 207, 1, 4, 1
44, 2, 1071, 393, 657, 203, 1, 4, 1
45, 2, 1080, 383, 666, 197, 1, 4, 1
46, 2, 1071, 386, 651, 201, 1, 4, 1
47, 2, 1069, 399, 661, 205, 1, 4, 1
48, 2, 1083, 382, 664, 203, 1, 4, 1
49, 2, 1070, 381, 661, 197, 1, 4, 1
50, 2, 1088, 399, 656, 205, 1, 4, 1
51, 2, 1076, 389, 665, 205, 1, 4, 1
52, 2, 1085, 379, 669, 195, 1, 4, 1
53, 2, 1091, 397, 665, 200, 1, 4, 1
54, 2, 1088, 398, 663, 201, 1, 4, 1
55, 2, 1076, 390, 661, 197, 1, 4, 1
56, 2, 1091, 390, 664, 202, 1, 4, 1
57, 2, 1077, 395, 663, 202, 1, 4, 1
58, 2, 1083, 395, 666, 198, 1, 4, 1
59, 2, 1077, 387, 663, 200, 1, 4, 1
60, 2, 1076, 390, 660, 207, 1, 4, 1
61, 2, 1063, 400, 664, 205, 1, 4, 1
62, 2, 1071, 386, 660, 198, 1, 4, 1
63, 2, 1053, 389, 658, 197, 1, 4, 1
64, 2, 1072, 400, 666, 199, 1, 4, 1
65, 2, 1050, 391, 659, 203, 1, 4, 1
66, 2, 1056, 388, 658, 202, 1, 4, 1
67, 2, 1063, 398, 656, 201, 1, 4, 1
68, 2, 1046, 396, 660, 199, 1, 4, 1
69, 2, 1049, 390, 661, 204, 1, 4, 1
70, 2, 1057, 399, 660, 198, 1, 4, 1
71, 2, 1045, 399, 664, 199, 1, 4, 1
72, 2, 1060, 394, 656, 199, 1, 4, 1
73, 2, 1051, 396, 659, 199, 1, 4, 1
74, 2, 1065, 403, 654, 197, 1, 4, 1
75, 2, 1054, 399, 659, 204, 1, 4, 1
76, 2, 1058, 394, 662, 203, 1, 4, 1
77, 2, 1058, 399, 661, 203, 1, 4, 1
78, 2, 1047, 394, 654, 201, 1, 4, 1
79, 2, 1047, 397, 662, 203, 1, 4, 1
80, 2, 1059, 395, 657, 204, 1, 4, 1
81, 2, 1028, 401, 659, 203, 1, 4, 1
82, 2, 1058, 400, 656, 203, 1, 4, 1
83, 2, 1046, 398, 661, 198, 1, 4, 1
84, 2, 1063, 402, 661, 197, 1, 4, 1
85, 2, 1049, 394, 660, 206, 1, 4, 1
86, 2, 1034, 392, 654, 206, 1, 4, 1
87, 2, 1067, 403, 650, 202, 1, 4, 1
88, 2, 1045, 396, 662, 198, 1, 4, 1
89, 2, 1041, 393, 660, 205, 1, 4, 1
90, 2, 1066, 402, 656, 203, 1, 4, 1
91, 2, 1040, 394, 655, 202, 1, 4, 1
92, 2, 1035, 395, 663, 205, 1, 4, 1
93, 2, 1053, 403, 653, 201, 1, 4, 1
94, 2, 1027, 391, 658, 203, 1, 4, 1
95, 2, 1039, 391, 657, 208, 1, 4, 1
96, 2, 1034, 405, 656, 203, 1, 4, 1
97, 2, 1040, 397, 654, 204, 1, 4, 1
98, 2, 1029, 389, 652, 205, 1, 4, 1
99, 2, 1038, 401, 650, 208, 1, 4, 1
100, 2, 1035, 399, 656, 202, 1, 4, 1
101, 2, 1032, 390, 657, 203, 1, 4, 1
102, 2, 1040, 396, 660, 205, 1, 4, 1
103, 2, 1041, 400, 661, 201, 1, 4, 1
104, 2, 1042, 389, 660, 202, 1, 4, 1
105, 2, 1052, 392, 658, 205, 1, 4, 1
106, 2, 1047, 401, 664, 200, 1, 4, 1
107, 2, 1058, 393, 662, 203, 1, 4, 1
108, 2, 1056, 389, 663, 205, 1, 4, 1
109, 2, 1072, 392, 659, 205, 1, 4, 1
110, 2, 1061, 393, 665, 206, 1, 4, 1
111, 2, 1084, 390, 664, 203, 1, 4, 1
112, 2, 1083, 389, 660, 202, 1, 4, 1
113, 2, 1086, 391, 657, 208, 1, 4, 1
114, 2, 1097, 384, 633, 213, 1, 4, 1
115, 2, 1090, 394, 653, 212, 1, 4, 1
116, 2, 1100, 407, 657, 205, 1, 4, 1
117, 2, 1094, 400, 649, 192, 1, 4, 1
118, 2, 1107, 390, 656, 200, 1, 4, 1
119, 2, 1102, 395, 659, 203, 1, 4, 1
120, 2, 1104, 401, 659, 195, 1, 4, 1
121, 2, 1115, 395, 643, 184, 1, 4, 1
122, 2, 1109, 383, 663, 195, 1, 4, 1
123, 2, 1112, 382, 667, 199, 1, 4, 1
124, 2, 1100, 384, 658, 205, 1, 4, 1
125, 2, 1116, 385, 660, 206, 1, 4, 1
126, 2, 1111, 387, 653, 209, 1, 4, 1
127, 2, 1113, 387, 653, 200, 1, 4, 1
128, 2, 1112, 390, 659, 197, 1, 4, 1
129, 2, 1106, 391, 658, 201, 1, 4, 1
130, 2, 1116, 395, 656, 192, 1, 4, 1
131, 2, 1115, 394, 650, 190, 1, 4, 1
132, 2, 1115, 388, 649, 195, 1, 4, 1
133, 2, 1112, 386, 657, 202, 1, 4, 1
134, 2, 1110, 386, 651, 197, 1, 4, 1
135, 2, 1110, 384, 659, 198, 1, 4, 1
136, 2, 1112, 387, 659, 198, 1, 4, 1
137, 2, 1109, 387, 658, 200, 1, 4, 1
138, 2, 1107, 384, 662, 194, 1, 4, 1
139, 2, 1112, 388, 658, 200, 1, 4, 1
140, 2, 1111, 393, 657, 196, 1, 4, 1
141, 2, 1110, 387, 658, 201, 1, 4, 1
142, 2, 1111, 389, 656, 201, 1, 4, 1
143, 2, 1113, 389, 656, 199, 1, 4, 1
144, 2, 1110, 386, 663, 200, 1, 4, 1
145, 2, 1109, 386, 659, 203, 1, 4, 1
146, 2, 1112, 386, 665, 200, 1, 4, 1
147, 2, 1107, 384, 662, 199, 1, 4, 1
148, 2, 1110, 384, 663, 203, 1, 4, 1
149, 2, 1110, 385, 661, 206, 1, 4, 1
150, 2, 1107, 386, 660, 205, 1, 4, 1
151, 2, 1116, 388, 661, 199, 1, 4, 1
152, 2, 1115, 387, 643, 204, 1, 4, 1
153, 2, 1116, 388, 653, 204, 1, 4, 1
154, 2, 1114, 390, 644, 201, 1, 4, 1
155, 2, 1116, 389, 649, 201, 1, 4, 1
156, 2, 1113, 388, 651, 203, 1, 4, 1
157, 2, 1113, 391, 655, 200, 1, 4, 1
158, 2, 1111, 389, 653, 203, 1, 4, 1
159, 2, 1114, 389, 648, 201, 1, 4, 1
160, 2, 1111, 392, 652, 199, 1, 4, 1
161, 2, 1120, 389, 646, 202, 1, 4, 1
162, 2, 1112, 391, 651, 200, 1, 4, 1
163, 2, 1116, 392, 651, 197, 1, 4, 1
164, 2, 1114, 390, 654, 200, 1, 4, 1
165, 2, 1111, 388, 657, 203, 1, 4, 1
166, 2, 1110, 391, 657, 201, 1, 4, 1
167, 2, 1116, 393, 657, 199, 1, 4, 1
168, 2, 1136, 391, 653, 200, 1, 4, 1
169, 2, 1105, 383, 664, 198, 1, 4, 1
170, 2, 1126, 399, 663, 203, 1, 4, 1
171, 2, 1129, 390, 660, 208, 1, 4, 1
172, 2, 1120, 382, 654, 203, 1, 4, 1
173, 2, 1129, 390, 656, 202, 1, 4, 1
174, 2, 1112, 392, 664, 200, 1, 4, 1
175, 2, 1112, 387, 658, 198, 1, 4, 1
176, 2, 1113, 386, 663, 201, 1, 4, 1
177, 2, 1125, 400, 656, 200, 1, 4, 1
178, 2, 1132, 393, 654, 199, 1, 4, 1
179, 2, 1119, 384, 661, 205, 1, 4, 1
180, 2, 1129, 398, 662, 200, 1, 4, 1
181, 2, 1120, 395, 662, 198, 1, 4, 1
182, 2, 1124, 385, 659, 200, 1, 4, 1
183, 2, 1127, 387, 657, 207, 1, 4, 1
184, 2, 1119, 399, 664, 199, 1, 4, 1
185, 2, 1122, 386, 657, 203, 1, 4, 1
186, 2, 1122, 385, 660, 204, 1, 4, 1
187, 2, 1128, 395, 658, 204, 1, 4, 1
188, 2, 1128, 393, 661, 202, 1, 4, 1
189, 2, 1123, 384, 661, 205, 1, 4, 1
190, 2, 1134, 391, 657, 206, 1, 4, 1
191, 2, 1127, 398, 658, 202, 1, 4, 1
192, 2, 1128, 387, 656, 203, 1, 4, 1
193, 2, 1135, 387, 654, 207, 1, 4, 1
194, 2, 1128, 391, 657, 206, 1, 4, 1
195, 2, 1129, 390, 657, 205, 1, 4, 1
196, 2, 1127, 385, 658, 205, 1, 4, 1
197, 2, 1135, 389, 659, 205, 1, 4, 1
198, 2, 1129, 389, 658, 206, 1, 4, 1
199, 2, 1130, 385, 653, 207, 1, 4, 1
200, 2, 1138, 387, 656, 204, 1, 4, 1
201, 2, 1115, 398, 662, 201, 1, 4, 1
202, 2, 1122, 393, 663, 203, 1, 4, 1
203, 2, 1114, 392, 662, 205, 1, 4, 1
204, 2, 1128, 396, 659, 203, 1, 4, 1
205, 2, 1111, 395, 665, 203, 1, 4, 1
206, 2, 1120, 392, 659, 206, 1, 4, 1
207, 2, 1118, 394, 661, 205, 1, 4, 1
208, 2, 1119, 396, 659, 203, 1, 4, 1
209, 2, 1119, 393, 658, 204, 1, 4, 1
210, 2, 1113, 393, 662, 206, 1, 4, 1
211, 2, 1122, 396, 660, 203, 1, 4, 1
212, 2, 1115, 392, 660, 203, 1, 4, 1
213, 2, 1117, 393, 660, 204, 1, 4, 1
214, 2, 1119, 396, 658, 202, 1, 4, 1
215, 2, 1117, 392, 656, 204, 1, 4, 1
216, 2, 1119, 392, 656, 205, 1, 4, 1
217, 2, 1119, 393, 658, 206, 1, 4, 1
218, 2, 1114, 393, 664, 205, 1, 4, 1
219, 2, 1120, 392, 662, 203, 1, 4, 1
220, 2, 1116, 393, 659, 203, 1, 4, 1
221, 2, 1118, 393, 658, 204, 1, 4, 1
222, 2, 1118, 392, 658, 205, 1, 4, 1
223, 2, 1117, 392, 663, 203, 1, 4, 1
224, 2, 1115, 393, 663, 203, 1, 4, 1
225, 2, 1119, 393, 659, 203, 1, 4, 1
226, 2, 1114, 391, 661, 203, 1, 4, 1
227, 2, 1118, 392, 660, 205, 1, 4, 1
228, 2, 1117, 392, 661, 204, 1, 4, 1
229, 2, 1116, 391, 659, 204, 1, 4, 1
230, 2, 1116, 392, 660, 204, 1, 4, 1
231, 2, 1115, 392, 662, 205, 1, 4, 1
232, 2, 1115, 391, 662, 204, 1, 4, 1
233, 2, 1114, 392, 661, 205, 1, 4, 1
234, 2, 1114, 393, 660, 205, 1, 4, 1
235, 2, 1114, 391, 663, 204, 1, 4, 1
236, 2, 1116, 391, 660, 203, 1, 4, 1
237, 2, 1115, 392, 659, 205, 1, 4, 1
238, 2, 1114, 392, 660, 206, 1, 4, 1
239, 2, 1115, 391, 661, 203, 1, 4, 1
240, 2, 1114, 392, 660, 204, 1, 4, 1
241, 2, 1114, 393, 660, 206, 1, 4, 1
242, 2, 1116, 392, 659, 203, 1, 4, 1
243, 2, 1117, 392, 656, 202, 1, 4, 1
244, 2, 1114, 393, 659, 204, 1, 4, 1
245, 2, 1112, 393, 659, 204, 1, 4, 1
246, 2, 1115, 390, 658, 203, 1, 4, 1
247, 2, 1113, 392, 658, 204, 1, 4, 1
248, 2, 1115, 392, 658, 204, 1, 4, 1
249, 2, 1113, 392, 657, 203, 1, 4, 1
250, 2, 1116, 393, 659, 204, 1, 4, 1
251, 2, 1111, 391, 659, 203, 1, 4, 1
252, 2, 1117, 389, 656, 202, 1, 4, 1
253, 2, 1111, 387, 655, 203, 1, 4, 1
254, 2, 1114, 390, 652, 204, 1, 4, 1
255, 2, 1109, 389, 657, 203, 1, 4, 1
256, 2, 1113, 387, 653, 204, 1, 4, 1
257, 2, 1109, 389, 657, 203, 1, 4, 1
258, 2, 1109, 390, 657, 205, 1, 4, 1
259, 2, 1112, 388, 656, 203, 1, 4, 1
260, 2, 1113, 388, 653, 204, 1, 4, 1
261, 2, 1113, 390, 656, 203, 1, 4, 1
262, 2, 1115, 389, 653, 203, 1, 4, 1
263, 2, 1116, 387, 653, 205, 1, 4, 1
264, 2, 1115, 389, 652, 205, 1, 4, 1
265, 2, 1111, 389, 656, 204, 1, 4, 1
266, 2, 1116, 388, 653, 203, 1, 4, 1
267, 2, 1113, 388, 655, 205, 1, 4, 1
268, 2, 1112, 389, 655, 205, 1, 4, 1
269, 2, 1113, 389, 654, 203, 1, 4, 1
270, 2, 1112, 388, 654, 204, 1, 4, 1
271, 2, 1110, 389, 656, 206, 1, 4, 1
272, 2, 1112, 389, 654, 203, 1, 4, 1
273, 2, 1112, 389, 654, 205, 1, 4, 1
274, 2, 1112, 389, 656, 205, 1, 4, 1
275, 2, 1112, 389, 657, 204, 1, 4, 1
276, 2, 1112, 389, 653, 204, 1, 4, 1
277, 2, 1110, 389, 658, 205, 1, 4, 1
278, 2, 1111, 390, 659, 206, 1, 4, 1
279, 2, 1112, 389, 659, 206, 1, 4, 1
280, 2, 1108, 390, 656, 203, 1, 4, 1
281, 2, 1109, 392, 658, 205, 1, 4, 1
282, 2, 1108, 391, 659, 204, 1, 4, 1
283, 2, 1107, 391, 661, 204, 1, 4, 1
284, 2, 1107, 391, 658, 207, 1, 4, 1
285, 2, 1107, 392, 658, 206, 1, 4, 1
286, 2, 1107, 392, 659, 204, 1, 4, 1
287, 2, 1109, 391, 659, 205, 1, 4, 1
288, 2, 1108, 394, 655, 204, 1, 4, 1
289, 2, 1110, 393, 661, 205, 1, 4, 1
290, 2, 1107, 392, 659, 204, 1, 4, 1
291, 2, 1109, 393, 662, 205, 1, 4, 1
292, 2, 1108, 394, 656, 204, 1, 4, 1
293, 2, 1107, 392, 658, 204, 1, 4, 1
294, 2, 1107, 393, 657, 204, 1, 4, 1
295, 2, 1108, 395, 655, 203, 1, 4, 1
296, 2, 1106, 393, 660, 205, 1, 4, 1
297, 2, 1107, 393, 656, 204, 1, 4, 1
298, 2, 1106, 396, 661, 204, 1, 4, 1
299, 2, 1107, 394, 659, 204, 1, 4, 1
300, 2, 1106, 394, 659, 203, 1, 4, 1
301, 2, 1106, 395, 657, 204, 1, 4, 1
302, 2, 1106, 395, 656, 205, 1, 4, 1
303, 2, 1108, 393, 653, 205, 1, 4, 1
304, 2, 1106, 393, 657, 206, 1, 4, 1
305, 2, 1107, 394, 661, 206, 1, 4, 1
306, 2, 1105, 394, 656, 204, 1, 4, 1
307, 2, 1108, 393, 657, 206, 1, 4, 1
308, 2, 1107, 395, 658, 206, 1, 4, 1
309, 2, 1107, 394, 656, 204, 1, 4, 1
310, 2, 1111, 394, 650, 205, 1, 4, 1
311, 2, 1108, 395, 657, 205, 1, 4, 1
312, 2, 1107, 394, 655, 204, 1, 4, 1
313, 2, 1105, 394, 657, 204, 1, 4, 1
314, 2, 1107, 394, 657, 205, 1, 4, 1
315, 2, 1107, 394, 654, 203, 1, 4, 1
316, 2, 1107, 395, 656, 203, 1, 4, 1
317, 2, 1107, 394, 654, 204, 1, 4, 1
318, 2, 1107, 394, 657, 205, 1, 4, 1
319, 2, 1108, 394, 654, 204, 1, 4, 1
320, 2, 1105, 394, 656, 203, 1, 4, 1
321, 2, 1108, 393, 656, 206, 1, 4, 1
322, 2, 1103, 394, 659, 204, 1, 4, 1
323, 2, 1109, 393, 659, 204, 1, 4, 1
324, 2, 1105, 394, 658, 203, 1, 4, 1
325, 2, 1108, 393, 659, 205, 1, 4, 1
326, 2, 1104, 393, 657, 205, 1, 4, 1
327, 2, 1110, 394, 657, 204, 1, 4, 1
328, 2, 1107, 394, 656, 205, 1, 4, 1
329, 2, 1110, 392, 656, 204, 1, 4, 1
330, 2, 1109, 393, 656, 204, 1, 4, 1
331, 2, 1110, 393, 655, 205, 1, 4, 1
332, 2, 1110, 393, 655, 204, 1, 4, 1
333, 2, 1109, 393, 659, 204, 1, 4, 1
334, 2, 1109, 393, 658, 204, 1, 4, 1
335, 2, 1109, 393, 657, 204, 1, 4, 1
336, 2, 1110, 393, 658, 203, 1, 4, 1
337, 2, 1109, 393, 657, 204, 1, 4, 1
338, 2, 1109, 393, 660, 205, 1, 4, 1
339, 2, 1109, 393, 660, 204, 1, 4, 1
340, 2, 1108, 393, 657, 203, 1, 4, 1
341, 2, 1107, 393, 662, 203, 1, 4, 1
342, 2, 1107, 394, 660, 203, 1, 4, 1
343, 2, 1108, 393, 659, 204, 1, 4, 1
344, 2, 1107, 394, 658, 203, 1, 4, 1
345, 2, 1108, 394, 657, 203, 1, 4, 1
346, 2, 1106, 394, 660, 202, 1, 4, 1
347, 2, 1109, 394, 658, 202, 1, 4, 1
348, 2, 1109, 394, 657, 202, 1, 4, 1
349, 2, 1110, 394, 656, 202, 1, 4, 1
350, 2, 1110, 394, 656, 203, 1, 4, 1
351, 2, 1106, 394, 661, 203, 1, 4, 1
352, 2, 1108, 393, 658, 204, 1, 4, 1
353, 2, 1106, 393, 659, 203, 1, 4, 1
354, 2, 1109, 393, 659, 203, 1, 4, 1
355, 2, 1106, 393, 657, 203, 1, 4, 1
356, 2, 1107, 393, 659, 203, 1, 4, 1
357, 2, 1106, 392, 656, 204, 1, 4, 1
358, 2, 1107, 392, 660, 206, 1, 4, 1
359, 2, 1106, 393, 660, 203, 1, 4, 1
360, 2, 1108, 392, 656, 204, 1, 4, 1
361, 2, 1107, 393, 657, 203, 1, 4, 1
362, 2, 1106, 393, 658, 203, 1, 4, 1
363, 2, 1104, 391, 660, 205, 1, 4, 1
364, 2, 1107, 392, 657, 204, 1, 4, 1
365, 2, 1107, 392, 658, 204, 1, 4, 1
366, 2, 1107, 392, 656, 205, 1, 4, 1
367, 2, 1108, 391, 658, 206, 1, 4, 1
368, 2, 1107, 392, 656, 204, 1, 4, 1
369, 2, 1104, 392, 660, 204, 1, 4, 1
370, 2, 1105, 393, 659, 205, 1, 4, 1
371, 2, 1106, 393, 661, 205, 1, 4, 1
372, 2, 1105, 394, 659, 204, 1, 4, 1
373, 2, 1104, 392, 662, 205, 1, 4, 1
374, 2, 1105, 394, 659, 203, 1, 4, 1
375, 2, 1107, 393, 657, 205, 1, 4, 1
376, 2, 1104, 394, 660, 202, 1, 4, 1
377, 2, 1106, 393, 658, 203, 1, 4, 1
378, 2, 1105, 395, 657, 202, 1, 4, 1
379, 2, 1102, 395, 660, 202, 1, 4, 1
380, 2, 1104, 394, 660, 202, 1, 4, 1
381, 2, 1103, 394, 661, 202, 1, 4, 1
382, 2, 1104, 395, 661, 203, 1, 4, 1
383, 2, 1103, 394, 661, 202, 1, 4, 1
384, 2, 1104, 394, 661, 202, 1, 4, 1
385, 2, 1104, 394, 660, 203, 1, 4, 1
386, 2, 1106, 395, 661, 202, 1, 4, 1
387, 2, 1104, 394, 660, 202, 1, 4, 1
388, 2, 1107, 394, 660, 204, 1, 4, 1
389, 2, 1104, 394, 660, 203, 1, 4, 1
390, 2, 1106, 394, 661, 203, 1, 4, 1
391, 2, 1105, 395, 662, 202, 1, 4, 1
392, 2, 1106, 394, 658, 203, 1, 4, 1
393, 2, 1107, 394, 660, 203, 1, 4, 1
394, 2, 1106, 394, 659, 203, 1, 4, 1
395, 2, 1106, 394, 661, 203, 1, 4, 1
396, 2, 1106, 394, 659, 203, 1, 4, 1
397, 2, 1107, 395, 661, 204, 1, 4, 1
398, 2, 1107, 393, 657, 205, 1, 4, 1
399, 2, 1107, 393, 659, 204, 1, 4, 1
400, 2, 1107, 393, 657, 205, 1, 4, 1
401, 2, 1109, 392, 657, 206, 1, 4, 1
402, 2, 1110, 390, 659, 207, 1, 4, 1
403, 2, 1108, 391, 657, 207, 1, 4, 1
404, 2, 1110, 391, 658, 206, 1, 4, 1
405, 2, 1110, 390, 656, 208, 1, 4, 1
406, 2, 1110, 392, 658, 207, 1, 4, 1
407, 2, 1111, 390, 655, 207, 1, 4, 1
408, 2, 1109, 389, 657, 208, 1, 4, 1
409, 2, 1110, 392, 657, 207, 1, 4, 1
410, 2, 1109, 390, 656, 208, 1, 4, 1
411, 2, 1112, 391, 655, 208, 1, 4, 1
412, 2, 1109, 392, 659, 207, 1, 4, 1
413, 2, 1107, 389, 659, 209, 1, 4, 1
414, 2, 1110, 388, 659, 210, 1, 4, 1
415, 2, 1108, 392, 659, 206, 1, 4, 1
416, 2, 1109, 393, 662, 204, 1, 4, 1
417, 2, 1110, 395, 657, 204, 1, 4, 1
418, 2, 1113, 395, 657, 202, 1, 4, 1
419, 2, 1105, 394, 662, 203, 1, 4, 1
420, 2, 1114, 395, 659, 203, 1, 4, 1
421, 2, 1109, 394, 661, 204, 1, 4, 1
422, 2, 1110, 394, 662, 205, 1, 4, 1
423, 2, 1112, 394, 658, 204, 1, 4, 1
424, 2, 1108, 395, 661, 204, 1, 4, 1
425, 2, 1110, 394, 660, 205, 1, 4, 1
426, 2, 1109, 394, 659, 205, 1, 4, 1
427, 2, 1112, 393, 660, 204, 1, 4, 1
428, 2, 1109, 394, 659, 205, 1, 4, 1
429, 2, 1112, 394, 659, 204, 1, 4, 1
430, 2, 1110, 391, 656, 207, 1, 4, 1
431, 2, 1109, 392, 660, 207, 1, 4, 1
432, 2, 1112, 395, 658, 203, 1, 4, 1
433, 2, 1112, 394, 657, 204, 1, 4, 1
434, 2, 1113, 394, 657, 203, 1, 4, 1
435, 2, 1107, 395, 660, 203, 1, 4, 1
436, 2, 1113, 396, 659, 202, 1, 4, 1
437, 2, 1108, 393, 659, 206, 1, 4, 1
438, 2, 1115, 394, 656, 203, 1, 4, 1
439, 2, 1109, 395, 658, 203, 1, 4, 1
440, 2, 1116, 392, 655, 205, 1, 4, 1
441, 2, 1112, 393, 660, 206, 1, 4, 1
442, 2, 1113, 392, 658, 206, 1, 4, 1
443, 2, 1113, 393, 658, 206, 1, 4, 1
444, 2, 1112, 393, 662, 205, 1, 4, 1
445, 2, 1115, 394, 659, 203, 1, 4, 1
446, 2, 1114, 393, 658, 205, 1, 4, 1
447, 2, 1113, 393, 659, 203, 1, 4, 1
448, 2, 1110, 393, 661, 205, 1, 4, 1
449, 2, 1112, 393, 659, 204, 1, 4, 1
450, 2, 1110, 393, 660, 204, 1, 4, 1
451, 2, 1113, 393, 661, 203, 1, 4, 1
452, 2, 1112, 394, 661, 205, 1, 4, 1
453, 2, 1111, 393, 663, 203, 1, 4, 1
454, 2, 1112, 392, 662, 204, 1, 4, 1
455, 2, 1112, 393, 661, 203, 1, 4, 1
456, 2, 1113, 392, 660, 203, 1, 4, 1
457, 2, 1111, 393, 660, 205, 1, 4, 1
458, 2, 1111, 394, 662, 202, 1, 4, 1
459, 2, 1111, 394, 661, 203, 1, 4, 1
460, 2, 1113, 393, 658, 203, 1, 4, 1
461, 2, 1109, 393, 661, 204, 1, 4, 1
462, 2, 1112, 393, 659, 203, 1, 4, 1
463, 2, 1111, 394, 660, 204, 1, 4, 1
464, 2, 1111, 395, 660, 202, 1, 4, 1
465, 2, 1110, 395, 661, 203, 1, 4, 1
466, 2, 1111, 394, 660, 202, 1, 4, 1
467, 2, 1111, 393, 659, 204, 1, 4, 1
468, 2, 1111, 393, 659, 204, 1, 4, 1
469, 2, 1110, 393, 661, 204, 1, 4, 1
470, 2, 1110, 393, 661, 203, 1, 4, 1
471, 2, 1110, 394, 660, 204, 1, 4, 1
472, 2, 1108, 393, 662, 205, 1, 4, 1
473, 2, 1112, 393, 661, 203, 1, 4, 1
474, 2, 1108, 393, 663, 203, 1, 4, 1
475, 2, 1110, 393, 660, 204, 1, 4, 1
476, 2, 1107, 393, 663, 205, 1, 4, 1
477, 2, 1110, 393, 662, 203, 1, 4, 1
478, 2, 1107, 393, 664, 203, 1, 4, 1
479, 2, 1112, 394, 661, 204, 1, 4, 1
480, 2, 1111, 393, 660, 204, 1, 4, 1
481, 2, 1110, 393, 660, 203, 1, 4, 1
482, 2, 1112, 393, 662, 203, 1, 4, 1
483, 2, 1110, 393, 659, 203, 1, 4, 1
484, 2, 1111, 392, 661, 203, 1, 4, 1
485, 2, 1108, 393, 662, 203, 1, 4, 1
486, 2, 1113, 393, 659, 204, 1, 4, 1
487, 2, 1108, 393, 660, 204, 1, 4, 1
488, 2, 1111, 393, 659, 205, 1, 4, 1
489, 2, 1110, 393, 660, 204, 1, 4, 1
490, 2, 1109, 393, 660, 203, 1, 4, 1
491, 2, 1110, 393, 661, 204, 1, 4, 1
492, 2, 1108, 393, 661, 204, 1, 4, 1
493, 2, 1110, 393, 660, 204, 1, 4, 1
494, 2, 1110, 393, 659, 204, 1, 4, 1
495, 2, 1110, 393, 660, 205, 1, 4, 1
496, 2, 1109, 393, 661, 205, 1, 4, 1
497, 2, 1110, 393, 661, 204, 1, 4, 1
498, 2, 1111, 394, 658, 203, 1, 4, 1
499, 2, 1110, 394, 660, 203, 1, 4, 1
500, 2, 1110, 393, 659, 205, 1, 4, 1
501, 2, 1112, 391, 659, 206, 1, 4, 1
502, 2, 1113, 392, 661, 205, 1, 4, 1
503, 2, 1115, 391, 658, 206, 1, 4, 1
504, 2, 1114, 392, 658, 207, 1, 4, 1
505, 2, 1115, 392, 658, 206, 1, 4, 1
506, 2, 1114, 393, 657, 204, 1, 4, 1
507, 2, 1113, 393, 659, 202, 1, 4, 1
508, 2, 1111, 393, 661, 200, 1, 4, 1
509, 2, 1112, 393, 660, 199, 1, 4, 1
510, 2, 1111, 393, 660, 199, 1, 4, 1
511, 2, 1111, 393, 659, 200, 1, 4, 1
512, 2, 1114, 394, 656, 198, 1, 4, 1
513, 2, 1111, 393, 658, 204, 1, 4, 1
514, 2, 1111, 393, 660, 203, 1, 4, 1
515, 2, 1112, 393, 657, 203, 1, 4, 1
516, 2, 1112, 393, 656, 205, 1, 4, 1
517, 2, 1113, 394, 658, 203, 1, 4, 1
518, 2, 1112, 394, 660, 203, 1, 4, 1
519, 2, 1113, 394, 659, 202, 1, 4, 1
520, 2, 1113, 394, 660, 202, 1, 4, 1
521, 2, 1113, 394, 660, 203, 1, 4, 1
522, 2, 1112, 394, 660, 203, 1, 4, 1
523, 2, 1112, 394, 661, 204, 1, 4, 1
524, 2, 1112, 394, 659, 204, 1, 4, 1
525, 2, 1112, 394, 659, 203, 1, 4, 1
526, 2, 1112, 394, 659, 203, 1, 4, 1
527, 2, 1112, 394, 659, 203, 1, 4, 1
528, 2, 1113, 394, 658, 203, 1, 4, 1
529, 2, 1111, 394, 657, 203, 1, 4, 1
530, 2, 1112, 394, 655, 203, 1, 4, 1
531, 2, 1110, 394, 655, 203, 1, 4, 1
532, 2, 1109, 394, 655, 204, 1, 4, 1
533, 2, 1112, 394, 653, 204, 1, 4, 1
534, 2, 1110, 394, 654, 204, 1, 4, 1
535, 2, 1112, 394, 653, 205, 1, 4, 1
536, 2, 1112, 394, 654, 203, 1, 4, 1
537, 2, 1113, 394, 655, 203, 1, 4, 1
538, 2, 1112, 394, 659, 205, 1, 4, 1
539, 2, 1112, 394, 660, 204, 1, 4, 1
540, 2, 1112, 394, 659, 203, 1, 4, 1
541, 2, 1113, 394, 656, 203, 1, 4, 1
542, 2, 1111, 394, 659, 205, 1, 4, 1
543, 2, 1112, 394, 658, 204, 1, 4, 1
544, 2, 1113, 394, 657, 205, 1, 4, 1
545, 2, 1111, 395, 659, 203, 1, 4, 1
546, 2, 1113, 395, 655, 203, 1, 4, 1
547, 2, 1111, 395, 658, 202, 1, 4, 1
548, 2, 1112, 395, 658, 203, 1, 4, 1
549, 2, 1110, 395, 658, 204, 1, 4, 1
550, 2, 1110, 394, 660, 203, 1, 4, 1
551, 2, 1108, 394, 655, 204, 1, 4, 1
552, 2, 1108, 394, 655, 205, 1, 4, 1
553, 2, 1105, 394, 658, 204, 1, 4, 1
554, 2, 1107, 394, 657, 204, 1, 4, 1
555, 2, 1106, 394, 658, 204, 1, 4, 1
556, 2, 1106, 394, 658, 204, 1, 4, 1
557, 2, 1105, 395, 660, 203, 1, 4, 1
558, 2, 1104, 394, 661, 205, 1, 4, 1
559, 2, 1107, 394, 659, 204, 1, 4, 1
560, 2, 1102, 394, 663, 203, 1, 4, 1
561, 2, 1107, 394, 657, 204, 1, 4, 1
562, 2, 1105, 394, 660, 203, 1, 4, 1
563, 2, 1105, 394, 660, 204, 1, 4, 1
564, 2, 1106, 394, 658, 204, 1, 4, 1
565, 2, 1105, 394, 660, 203, 1, 4, 1
566, 2, 1105, 394, 659, 203, 1, 4, 1
567, 2, 1106, 394, 658, 204, 1, 4, 1
568, 2, 1106, 394, 660, 204, 1, 4, 1
569, 2, 1106, 395, 659, 202, 1, 4, 1
570, 2, 1104, 394, 660, 203, 1, 4, 1
571, 2, 1106, 394, 659, 203, 1, 4, 1
572, 2, 1105, 394, 659, 204, 1, 4, 1
573, 2, 1106, 394, 659, 203, 1, 4, 1
574, 2, 1107, 394, 658, 204, 1, 4, 1
575, 2, 1107, 394, 658, 203, 1, 4, 1
576, 2, 1106, 393, 659, 204, 1, 4, 1
577, 2, 1105, 393, 658, 204, 1, 4, 1
578, 2, 1106, 393, 659, 205, 1, 4, 1
579, 2, 1106, 393, 658, 203, 1, 4, 1
580, 2, 1105, 393, 659, 204, 1, 4, 1
581, 2, 1106, 393, 658, 203, 1, 4, 1
582, 2, 1105, 393, 660, 203, 1, 4, 1
583, 2, 1106, 393, 658, 203, 1, 4, 1
584, 2, 1106, 393, 658, 204, 1, 4, 1
585, 2, 1106, 393, 659, 203, 1, 4, 1
586, 2, 1106, 393, 659, 203, 1, 4, 1
587, 2, 1107, 393, 656, 204, 1, 4, 1
588, 2, 1107, 393, 658, 204, 1, 4, 1
589, 2, 1107, 393, 657, 203, 1, 4, 1
590, 2, 1107, 393, 657, 203, 1, 4, 1
591, 2, 1108, 393, 657, 203, 1, 4, 1
592, 2, 1107, 393, 657, 204, 1, 4, 1
593, 2, 1109, 393, 655, 203, 1, 4, 1
594, 2, 1108, 393, 656, 203, 1, 4, 1
595, 2, 1108, 393, 656, 204, 1, 4, 1
596, 2, 1108, 394, 656, 203, 1, 4, 1
597, 2, 1107, 393, 657, 204, 1, 4, 1
598, 2, 1108, 393, 656, 204, 1, 4, 1
599, 2, 1108, 393, 657, 204, 1, 4, 1
600, 2, 1107, 394, 656, 203, 1, 4, 1
601, 2, 1108, 391, 659, 204, 1, 4, 1
602, 2, 1110, 391, 659, 204, 1, 4, 1
603, 2, 1109, 391, 659, 205, 1, 4, 1
604, 2, 1109, 390, 659, 205, 1, 4, 1
605, 2, 1109, 392, 660, 203, 1, 4, 1
606, 2, 1109, 391, 659, 205, 1, 4, 1
607, 2, 1110, 392, 660, 203, 1, 4, 1
608, 2, 1111, 392, 659, 203, 1, 4, 1
609, 2, 1111, 392, 660, 204, 1, 4, 1
610, 2, 1110, 392, 661, 204, 1, 4, 1
611, 2, 1111, 392, 657, 204, 1, 4, 1
612, 2, 1111, 392, 659, 205, 1, 4, 1
613, 2, 1113, 392, 657, 205, 1, 4, 1
614, 2, 1112, 392, 657, 204, 1, 4, 1
615, 2, 1112, 392, 658, 205, 1, 4, 1
616, 2, 1113, 392, 656, 204, 1, 4, 1
617, 2, 1113, 393, 656, 203, 1, 4, 1
618, 2, 1112, 393, 659, 204, 1, 4, 1
619, 2, 1112, 393, 660, 203, 1, 4, 1
620, 2, 1112, 393, 660, 204, 1, 4, 1
621, 2, 1112, 394, 658, 203, 1, 4, 1
622, 2, 1112, 393, 659, 205, 1, 4, 1
623, 2, 1112, 393, 659, 204, 1, 4, 1
624, 2, 1112, 394, 660, 203, 1, 4, 1
625, 2, 1113, 394, 658, 203, 1, 4, 1
626, 2, 1110, 394, 661, 203, 1, 4, 1
627, 2, 1111, 394, 660, 203, 1, 4, 1
628, 2, 1111, 394, 658, 203, 1, 4, 1
629, 2, 1111, 394, 658, 204, 1, 4, 1
630, 2, 1111, 394, 657, 204, 1, 4, 1
631, 2, 1110, 394, 659, 204, 1, 4, 1
632, 2, 1112, 394, 657, 204, 1, 4, 1
633, 2, 1112, 394, 656, 205, 1, 4, 1
634, 2, 1110, 394, 659, 205, 1, 4, 1
635, 2, 1111, 394, 659, 204, 1, 4, 1
636, 2, 1109, 394, 661, 204, 1, 4, 1
637, 2, 1111, 394, 659, 205, 1, 4, 1
638, 2, 1109, 394, 661, 204, 1, 4, 1
639, 2, 1111, 394, 658, 205, 1, 4, 1
640, 2, 1111, 394, 658, 205, 1, 4, 1
641, 2, 1110, 394, 658, 204, 1, 4, 1
642, 2, 1110, 394, 659, 204, 1, 4, 1
643, 2, 1113, 394, 657, 204, 1, 4, 1
644, 2, 1110, 394, 660, 204, 1, 4, 1
645, 2, 1113, 394, 656, 205, 1, 4, 1
646, 2, 1111, 394, 658, 204, 1, 4, 1
647, 2, 1110, 394, 660, 204, 1, 4, 1
648, 2, 1108, 394, 662, 205, 1, 4, 1
649, 2, 1109, 394, 661, 203, 1, 4, 1
650, 2, 1111, 394, 659, 203, 1, 4, 1
651, 2, 1110, 394, 661, 203, 1, 4, 1
652, 2, 1109, 394, 662, 203, 1, 4, 1
653, 2, 1110, 393, 661, 204, 1, 4, 1
654, 2, 1110, 393, 659, 205, 1, 4, 1
655, 2, 1110, 393, 661, 204, 1, 4, 1
656, 2, 1110, 393, 659, 205, 1, 4, 1
657, 2, 1110, 393, 662, 205, 1, 4, 1
658, 2, 1111, 393, 659, 205, 1, 4, 1
659, 2, 1111, 393, 658, 204, 1, 4, 1
660, 2, 1112, 393, 658, 204, 1, 4, 1
661, 2, 1110, 393, 660, 204, 1, 4, 1
662, 2, 1112, 393, 656, 205, 1, 4, 1
663, 2, 1111, 392, 657, 204, 1, 4, 1
664, 2, 1109, 393, 659, 205, 1, 4, 1
665, 2, 1111, 392, 658, 205, 1, 4, 1
666, 2, 1110, 392, 659, 205, 1, 4, 1
667, 2, 1111, 393, 659, 204, 1, 4, 1
668, 2, 1110, 393, 659, 204, 1, 4, 1
669, 2, 1112, 393, 658, 204, 1, 4, 1
670, 2, 1111, 393, 659, 204, 1, 4, 1
671, 2, 1111, 393, 659, 204, 1, 4, 1
672, 2, 1111, 393, 660, 204, 1, 4, 1
673, 2, 1111, 393, 659, 205, 1, 4, 1
674, 2, 1110, 393, 661, 204, 1, 4, 1
675, 2, 1110, 393, 661, 204, 1, 4, 1
676, 2, 1109, 393, 662, 204, 1, 4, 1
677, 2, 1110, 392, 660, 204, 1, 4, 1
678, 2, 1110, 392, 661, 204, 1, 4, 1
679, 2, 1111, 392, 660, 204, 1, 4, 1
680, 2, 1110, 392, 660, 203, 1, 4, 1
681, 2, 1112, 391, 656, 205, 1, 4, 1
682, 2, 1111, 391, 659, 204, 1, 4, 1
683, 2, 1111, 390, 657, 205, 1, 4, 1
684, 2, 1113, 390, 656, 203, 1, 4, 1
685, 2, 1112, 389, 657, 204, 1, 4, 1
686, 2, 1111, 390, 659, 203, 1, 4, 1
687, 2, 1112, 389, 657, 205, 1, 4, 1
688, 2, 1111, 389, 659, 205, 1, 4, 1
689, 2, 1111, 388, 659, 205, 1, 4, 1
690, 2, 1111, 388, 659, 205, 1, 4, 1
691, 2, 1111, 388, 658, 204, 1, 4, 1
692, 2, 1110, 388, 659, 205, 1, 4, 1
693, 2, 1111, 388, 658, 204, 1, 4, 1
694, 2, 1111, 388, 660, 203, 1, 4, 1
695, 2, 1112, 388, 658, 205, 1, 4, 1
696, 2, 1111, 388, 661, 205, 1, 4, 1
697, 2, 1113, 388, 657, 204, 1, 4, 1
698, 2, 1110, 388, 662, 205, 1, 4, 1
699, 2, 1110, 388, 661, 204, 1, 4, 1
700, 2, 1111, 387, 661, 204, 1, 4, 1
701, 2, 1111, 389, 659, 204, 1, 4, 1
702, 2, 1112, 389, 656, 204, 1, 4, 1
703, 2, 1110, 389, 659, 203, 1, 4, 1
704, 2, 1110, 388, 659, 204, 1, 4, 1
705, 2, 1111, 389, 658, 203, 1, 4, 1
706, 2, 1111, 389, 656, 203, 1, 4, 1
707, 2, 1111, 389, 658, 204, 1, 4, 1
708, 2, 1114, 389, 653, 203, 1, 4, 1
709, 2, 1112, 389, 658, 203, 1, 4, 1
710, 2, 1112, 389, 658, 203, 1, 4, 1
711, 2, 1115, 390, 655, 203, 1, 4, 1
712, 2, 1112, 390, 659, 204, 1, 4, 1
713, 2, 1111, 390, 659, 203, 1, 4, 1
714, 2, 1112, 390, 656, 203, 1, 4, 1
715, 2, 1110, 390, 658, 204, 1, 4, 1
716, 2, 1112, 390, 655, 205, 1, 4, 1
717, 2, 1112, 391, 657, 204, 1, 4, 1
718, 2, 1110, 391, 658, 203, 1, 4, 1
719, 2, 1112, 391, 658, 203, 1, 4, 1
720, 2, 1111, 391, 658, 203, 1, 4, 1
721, 2, 1110, 392, 660, 202, 1, 4, 1
722, 2, 1113, 392, 657, 204, 1, 4, 1
723, 2, 1111, 392, 658, 203, 1, 4, 1
724, 2, 1111, 392, 656, 204, 1, 4, 1
725, 2, 1112, 391, 656, 204, 1, 4, 1
726, 2, 1111, 392, 655, 203, 1, 4, 1
727, 2, 1111, 391, 652, 205, 1, 4, 1
728, 2, 1110, 391, 637, 205, 1, 4, 1
729, 2, 1111, 391, 626, 206, 1, 4, 1
730, 2, 1111, 392, 607, 204, 1, 4, 1
731, 2, 1111, 391, 603, 207, 1, 4, 1
732, 2, 1112, 392, 600, 206, 1, 4, 1
733, 2, 1110, 392, 620, 205, 1, 4, 1
734, 2, 1110, 392, 637, 206, 1, 4, 1
735, 2, 1110, 392, 632, 204, 1, 4, 1
736, 2, 1113, 392, 636, 203, 1, 4, 1
737, 2, 1108, 392, 658, 205, 1, 4, 1
738, 2, 1111, 392, 655, 206, 1, 4, 1
739, 2, 1112, 392, 651, 204, 1, 4, 1
740, 2, 1112, 393, 651, 204, 1, 4, 1
741, 2, 1113, 392, 651, 205, 1, 4, 1
742, 2, 1114, 392, 649, 204, 1, 4, 1
743, 2, 1112, 392, 651, 203, 1, 4, 1
744, 2, 1113, 392, 649, 201, 1, 4, 1
745, 2, 1113, 392, 649, 201, 1, 4, 1
746, 2, 1113, 392, 649, 201, 1, 4, 1
747, 2, 1107, 392, 649, 191, 1, 4, 1
748, 2, 1106, 392, 647, 182, 1, 4, 1
749, 2, 1106, 392, 647, 182, 1, 4, 1
750, 2, 1102, 393, 650, 188, 1, 4, 1