1, 1, 845, 176, 250, 220, 1, 8, 1
2, 1, 845, 177, 250, 220, 1, 8, 1
3, 1, 846, 179, 247, 217, 1, 8, 1
4, 1, 846, 179, 247, 219, 1, 8, 1
5, 1, 846, 177, 248, 219, 1, 8, 1
6, 1, 845, 176, 249, 220, 1, 8, 1
7, 1, 846, 176, 245, 219, 1, 8, 1
8, 1, 844, 176, 247, 218, 1, 8, 1
9, 1, 844, 176, 245, 219, 1, 8, 1
10, 1, 844, 173, 243, 219, 1, 8, 1
11, 1, 842, 173, 245, 219, 1, 8, 1
12, 1, 840, 173, 246, 218, 1, 8, 1
13, 1, 842, 173, 244, 218, 1, 8, 1
14, 1, 842, 173, 241, 221, 1, 8, 1
15, 1, 838, 174, 247, 221, 1, 8, 1
16, 1, 833, 173, 252, 219, 1, 8, 1
17, 1, 829, 172, 254, 219, 1, 8, 1
18, 1, 832, 172, 251, 220, 1, 8, 1
19, 1, 830, 172, 252, 221, 1, 8, 1
20, 1, 828, 173, 253, 218, 1, 8, 1
21, 1, 828, 171, 254, 221, 1, 8, 1
22, 1, 828, 169, 256, 222, 1, 8, 1
23, 1, 826, 168, 257, 220, 1, 8, 1
24, 1, 826, 168, 255, 220, 1, 8, 1
25, 1, 825, 167, 256, 217, 1, 8, 1
26, 1, 826, 168, 254, 218, 1, 8, 1
27, 1, 829, 168, 251, 218, 1, 8, 1
28, 1, 825, 167, 254, 220, 1, 8, 1
29, 1, 827, 166, 252, 218, 1, 8, 1
30, 1, 825, 167, 253, 217, 1, 8, 1
31, 1, 828, 167, 247, 218, 1, 8, 1
32, 1, 829, 167, 245, 218, 1, 8, 1
33, 1, 822, 166, 253, 218, 1, 8, 1
34, 1, 822, 164, 252, 221, 1, 8, 1
35, 1, 824, 163, 252, 221, 1, 8, 1
36, 1, 820, 163, 257, 218, 1, 8, 1
37, 1, 823, 163, 252, 220, 1, 8, 1
38, 1, 821, 163, 253, 221, 1, 8, 1
39, 1, 819, 162, 257, 222, 1, 8, 1
40, 1, 819, 162, 256, 221, 1, 8, 1
41, 1, 814, 161, 259, 221, 1, 8, 1
42, 1, 815, 161, 255, 220, 1, 8, 1
43, 1, 813, 162, 257, 217, 1, 8, 1
44, 1, 814, 162, 253, 218, 1, 8, 1
45, 1, 811, 163, 258, 216, 1, 8, 1
46, 1, 810, 161, 257, 219, 1, 8, 1
47, 1, 815, 159, 252, 218, 1, 8, 1
48, 1, 815, 160, 251, 219, 1, 8, 1
49, 1, 812, 160, 254, 218, 1, 8, 1
50, 1, 811, 160, 254, 217, 1, 8, 1
51, 1, 812, 160, 253, 215, 1, 8, 1
52, 1, 811, 159, 256, 218, 1, 8, 1
53, 1, 810, 157, 252, 219, 1, 8, 1
54, 1, 812, 157, 250, 215, 1, 8, 1
55, 1, 810, 158, 251, 214, 1, 8, 1
56, 1, 810, 158, 252, 215, 1, 8, 1
57, 1, 809, 160, 249, 211, 1, 8, 1
58, 1, 809, 162, 250, 213, 1, 8, 1
59, 1, 810, 158, 247, 214, 1, 8, 1
60, 1, 809, 155, 247, 215, 1, 8, 1
61, 1, 810, 153, 246, 216, 1, 8, 1
62, 1, 809, 156, 247, 214, 1, 8, 1
63, 1, 810, 156, 245, 215, 1, 8, 1
64, 1, 807, 156, 248, 215, 1, 8, 1
65, 1, 808, 153, 245, 215, 1, 8, 1
66, 1, 806, 152, 247, 214, 1, 8, 1
67, 1, 805, 151, 247, 214, 1, 8, 1
68, 1, 807, 152, 245, 214, 1, 8, 1
69, 1, 806, 153, 247, 213, 1, 8, 1
70, 1, 806, 152, 247, 215, 1, 8, 1
71, 1, 805, 150, 249, 217, 1, 8, 1
72, 1, 805, 149, 247, 214, 1, 8, 1
73, 1, 803, 150, 249, 213, 1, 8, 1
74, 1, 804, 152, 250, 215, 1, 8, 1
75, 1, 801, 152, 250, 216, 1, 8, 1
76, 1, 802, 149, 251, 216, 1, 8, 1
77, 1, 802, 148, 247, 216, 1, 8, 1
78, 1, 802, 145, 248, 216, 1, 8, 1
79, 1, 800, 145, 249, 216, 1, 8, 1
80, 1, 801, 148, 248, 214, 1, 8, 1
81, 1, 801, 150, 249, 214, 1, 8, 1
82, 1, 800, 146, 249, 216, 1, 8, 1
83, 1, 800, 146, 249, 217, 1, 8, 1
84, 1, 798, 145, 250, 216, 1, 8, 1
85, 1, 801, 147, 247, 216, 1, 8, 1
86, 1, 799, 147, 248, 216, 1, 8, 1
87, 1, 796, 147, 251, 216, 1, 8, 1
88, 1, 798, 146, 247, 217, 1, 8, 1
89, 1, 798, 146, 249, 215, 1, 8, 1
90, 1, 796, 144, 249, 216, 1, 8, 1
91, 1, 796, 143, 251, 219, 1, 8, 1
92, 1, 797, 143, 250, 218, 1, 8, 1
93, 1, 795, 143, 251, 218, 1, 8, 1
94, 1, 796, 141, 249, 221, 1, 8, 1
95, 1, 793, 143, 252, 219, 1, 8, 1
96, 1, 795, 143, 250, 219, 1, 8, 1
97, 1, 792, 142, 249, 216, 1, 8, 1
98, 1, 793, 144, 251, 217, 1, 8, 1
99, 1, 793, 143, 252, 216, 1, 8, 1
100, 1, 793, 143, 251, 215, 1, 8, 1
101, 1, 792, 142, 251, 214, 1, 8, 1
102, 1, 792, 144, 251, 213, 1, 8, 1
103, 1, 792, 143, 248, 214, 1, 8, 1
104, 1, 789, 144, 253, 213, 1, 8, 1
105, 1, 790, 145, 249, 211, 1, 8, 1
106, 1, 790, 143, 249, 213, 1, 8, 1
107, 1, 790, 142, 249, 216, 1, 8, 1
108, 1, 790, 143, 248, 215, 1, 8, 1
109, 1, 789, 143, 250, 215, 1, 8, 1
110, 1, 788, 143, 253, 216, 1, 8, 1
111, 1, 788, 143, 252, 217, 1, 8, 1
112, 1, 788, 142, 251, 217, 1, 8, 1
113, 1, 785, 142, 255, 218, 1, 8, 1
114, 1, 785, 141, 253, 217, 1, 8, 1
115, 1, 787, 139, 247, 210, 1, 8, 1
116, 1, 787, 142, 248, 208, 1, 8, 1
117, 1, 783, 144, 252, 213, 1, 8, 1
118, 1, 781, 145, 253, 215, 1, 8, 1
119, 1, 779, 142, 255, 212, 1, 8, 1
120, 1, 783, 141, 251, 213, 1, 8, 1
121, 1, 781, 138, 252, 212, 1, 8, 1
122, 1, 780, 139, 252, 213, 1, 8, 1
123, 1, 779, 142, 255, 213, 1, 8, 1
124, 1, 781, 142, 253, 215, 1, 8, 1
125, 1, 781, 138, 254, 215, 1, 8, 1
126, 1, 778, 135, 256, 214, 1, 8, 1
127, 1, 783, 135, 249, 214, 1, 8, 1
128, 1, 783, 137, 248, 213, 1, 8, 1
129, 1, 778, 140, 255, 212, 1, 8, 1
130, 1, 778, 142, 254, 212, 1, 8, 1
131, 1, 780, 135, 251, 217, 1, 8, 1
132, 1, 783, 137, 248, 214, 1, 8, 1
133, 1, 782, 136, 248, 214, 1, 8, 1
134, 1, 780, 138, 250, 212, 1, 8, 1
135, 1, 781, 140, 248, 211, 1, 8, 1
136, 1, 778, 139, 250, 212, 1, 8, 1
137, 1, 777, 138, 249, 212, 1, 8, 1
138, 1, 778, 137, 245, 213, 1, 8, 1
139, 1, 777, 141, 247, 210, 1, 8, 1
140, 1, 776, 139, 247, 211, 1, 8, 1
141, 1, 771, 135, 254, 215, 1, 8, 1
142, 1, 771, 133, 254, 214, 1, 8, 1
143, 1, 769, 131, 258, 212, 1, 8, 1
144, 1, 769, 135, 254, 208, 1, 8, 1
145, 1, 767, 138, 256, 210, 1, 8, 1
146, 1, 767, 137, 256, 212, 1, 8, 1
147, 1, 766, 135, 256, 212, 1, 8, 1
148, 1, 765, 135, 254, 212, 1, 8, 1
149, 1, 764, 133, 258, 213, 1, 8, 1
150, 1, 764, 133, 256, 216, 1, 8, 1
151, 1, 762, 134, 256, 214, 1, 8, 1
152, 1, 762, 135, 259, 212, 1, 8, 1
153, 1, 762, 132, 259, 212, 1, 8, 1
154, 1, 761, 133, 259, 208, 1, 8, 1
155, 1, 761, 134, 261, 210, 1, 8, 1
156, 1, 759, 135, 261, 208, 1, 8, 1
157, 1, 759, 135, 262, 210, 1, 8, 1
158, 1, 759, 128, 261, 211, 1, 8, 1
159, 1, 758, 126, 259, 214, 1, 8, 1
160, 1, 759, 127, 256, 213, 1, 8, 1
161, 1, 755, 131, 260, 212, 1, 8, 1
162, 1, 756, 129, 256, 213, 1, 8, 1
163, 1, 757, 128, 257, 213, 1, 8, 1
164, 1, 757, 126, 256, 212, 1, 8, 1
165, 1, 755, 125, 257, 212, 1, 8, 1
166, 1, 757, 126, 253, 213, 1, 8, 1
167, 1, 753, 125, 255, 214, 1, 8, 1
168, 1, 754, 123, 254, 216, 1, 8, 1
169, 1, 755, 124, 254, 216, 1, 8, 1
170, 1, 756, 125, 251, 214, 1, 8, 1
171, 1, 757, 123, 249, 215, 1, 8, 1
172, 1, 755, 123, 251, 214, 1, 8, 1
173, 1, 752, 123, 255, 215, 1, 8, 1
174, 1, 753, 121, 253, 217, 1, 8, 1
175, 1, 752, 121, 253, 215, 1, 8, 1
176, 1, 752, 122, 252, 211, 1, 8, 1
177, 1, 752, 121, 252, 217, 1, 8, 1
178, 1, 752, 122, 252, 215, 1, 8, 1
179, 1, 752, 121, 252, 214, 1, 8, 1
180, 1, 753, 121, 249, 211, 1, 8, 1
181, 1, 751, 120, 251, 213, 1, 8, 1
182, 1, 748, 121, 254, 210, 1, 8, 1
183, 1, 744, 124, 255, 206, 1, 8, 1
184, 1, 747, 123, 251, 207, 1, 8, 1
185, 1, 744, 118, 253, 211, 1, 8, 1
186, 1, 746, 118, 251, 211, 1, 8, 1
187, 1, 745, 114, 252, 212, 1, 8, 1
188, 1, 744, 118, 251, 211, 1, 8, 1
189, 1, 743, 116, 253, 212, 1, 8, 1
190, 1, 740, 114, 255, 214, 1, 8, 1
191, 1, 737, 116, 258, 215, 1, 8, 1
192, 1, 734, 114, 261, 216, 1, 8, 1
193, 1, 736, 114, 259, 216, 1, 8, 1
194, 1, 733, 115, 261, 214, 1, 8, 1
195, 1, 733, 115, 260, 215, 1, 8, 1
196, 1, 733, 115, 259, 214, 1, 8, 1
197, 1, 730, 115, 261, 215, 1, 8, 1
198, 1, 728, 115, 263, 214, 1, 8, 1
199, 1, 729, 114, 262, 214, 1, 8, 1
200, 1, 727, 114, 262, 215, 1, 8, 1
201, 1, 729, 115, 260, 214, 1, 8, 1
202, 1, 728, 115, 259, 213, 1, 8, 1
203, 1, 726, 117, 261, 212, 1, 8, 1
204, 1, 725, 117, 261, 211, 1, 8, 1
205, 1, 725, 116, 260, 209, 1, 8, 1
206, 1, 723, 116, 260, 209, 1, 8, 1
207, 1, 723, 116, 258, 208, 1, 8, 1
208, 1, 722, 117, 259, 207, 1, 8, 1
209, 1, 719, 118, 260, 206, 1, 8, 1
210, 1, 719, 115, 260, 211, 1, 8, 1
211, 1, 718, 118, 260, 209, 1, 8, 1
212, 1, 716, 119, 261, 207, 1, 8, 1
213, 1, 717, 117, 260, 209, 1, 8, 1
214, 1, 716, 117, 258, 210, 1, 8, 1
215, 1, 716, 117, 258, 207, 1, 8, 1
216, 1, 715, 119, 258, 209, 1, 8, 1
217, 1, 713, 118, 259, 208, 1, 8, 1
218, 1, 713, 115, 260, 210, 1, 8, 1
219, 1, 712, 115, 262, 209, 1, 8, 1
220, 1, 712, 115, 256, 209, 1, 8, 1
221, 1, 709, 120, 259, 205, 1, 8, 1
222, 1, 708, 118, 258, 208, 1, 8, 1
223, 1, 707, 115, 258, 211, 1, 8, 1
224, 1, 706, 116, 258, 208, 1, 8, 1
225, 1, 705, 114, 258, 210, 1, 8, 1
226, 1, 703, 117, 259, 207, 1, 8, 1
227, 1, 702, 117, 258, 208, 1, 8, 1
228, 1, 702, 117, 256, 208, 1, 8, 1
229, 1, 699, 115, 257, 210, 1, 8, 1
230, 1, 700, 115, 258, 208, 1, 8, 1
231, 1, 696, 112, 260, 212, 1, 8, 1
232, 1, 696, 113, 260, 212, 1, 8, 1
233, 1, 695, 113, 260, 211, 1, 8, 1
234, 1, 694, 113, 261, 213, 1, 8, 1
235, 1, 693, 113, 259, 212, 1, 8, 1
236, 1, 692, 112, 258, 212, 1, 8, 1
237, 1, 690, 112, 258, 213, 1, 8, 1
238, 1, 688, 112, 258, 215, 1, 8, 1
239, 1, 690, 113, 256, 212, 1, 8, 1
240, 1, 685, 109, 261, 213, 1, 8, 1
241, 1, 684, 108, 259, 216, 1, 8, 1
242, 1, 684, 108, 259, 216, 1, 8, 1
243, 1, 683, 108, 260, 216, 1, 8, 1
244, 1, 681, 108, 261, 217, 1, 8, 1
245, 1, 682, 106, 260, 217, 1, 8, 1
246, 1, 681, 106, 262, 216, 1, 8, 1
247, 1, 681, 108, 258, 216, 1, 8, 1
248, 1, 681, 107, 260, 217, 1, 8, 1
249, 1, 678, 105, 260, 219, 1, 8, 1
250, 1, 679, 107, 259, 218, 1, 8, 1
251, 1, 677, 107, 261, 217, 1, 8, 1
252, 1, 676, 106, 262, 217, 1, 8, 1
253, 1, 676, 104, 258, 219, 1, 8, 1
254, 1, 676, 104, 258, 218, 1, 8, 1
255, 1, 674, 103, 259, 216, 1, 8, 1
256, 1, 674, 104, 259, 216, 1, 8, 1
257, 1, 675, 102, 257, 218, 1, 8, 1
258, 1, 676, 103, 256, 217, 1, 8, 1
259, 1, 673, 102, 259, 217, 1, 8, 1
260, 1, 678, 104, 252, 214, 1, 8, 1
261, 1, 674, 103, 256, 218, 1, 8, 1
262, 1, 675, 102, 255, 218, 1, 8, 1
263, 1, 676, 101, 253, 216, 1, 8, 1
264, 1, 675, 101, 253, 216, 1, 8, 1
265, 1, 674, 101, 256, 215, 1, 8, 1
266, 1, 672, 101, 258, 216, 1, 8, 1
267, 1, 671, 100, 255, 217, 1, 8, 1
268, 1, 670, 100, 258, 215, 1, 8, 1
269, 1, 671, 100, 256, 216, 1, 8, 1
270, 1, 668, 101, 257, 214, 1, 8, 1
271, 1, 671, 100, 256, 216, 1, 8, 1
272, 1, 670, 102, 258, 215, 1, 8, 1
273, 1, 664, 100, 261, 215, 1, 8, 1
274, 1, 666, 100, 258, 214, 1, 8, 1
275, 1, 664, 99, 261, 213, 1, 8, 1
276, 1, 664, 99, 262, 215, 1, 8, 1
277, 1, 665, 100, 260, 215, 1, 8, 1
278, 1, 664, 99, 261, 215, 1, 8, 1
279, 1, 664, 97, 260, 217, 1, 8, 1
280, 1, 665, 97, 260, 214, 1, 8, 1
281, 1, 664, 99, 260, 214, 1, 8, 1
282, 1, 663, 99, 262, 216, 1, 8, 1
283, 1, 662, 98, 262, 216, 1, 8, 1
284, 1, 663, 98, 262, 215, 1, 8, 1
285, 1, 664, 98, 261, 215, 1, 8, 1
286, 1, 663, 97, 262, 214, 1, 8, 1
287, 1, 664, 96, 260, 215, 1, 8, 1
288, 1, 663, 97, 262, 214, 1, 8, 1
289, 1, 664, 96, 261, 215, 1, 8, 1
290, 1, 664, 96, 260, 214, 1, 8, 1
291, 1, 666, 94, 259, 215, 1, 8, 1
292, 1, 666, 95, 260, 213, 1, 8, 1
293, 1, 665, 96, 259, 213, 1, 8, 1
294, 1, 665, 96, 260, 213, 1, 8, 1
295, 1, 664, 94, 261, 214, 1, 8, 1
296, 1, 667, 94, 258, 212, 1, 8, 1
297, 1, 666, 94, 259, 214, 1, 8, 1
298, 1, 667, 95, 257, 213, 1, 8, 1
299, 1, 662, 93, 263, 214, 1, 8, 1
300, 1, 664, 93, 261, 214, 1, 8, 1
301, 1, 662, 93, 263, 213, 1, 8, 1
302, 1, 663, 92, 264, 213, 1, 8, 1
303, 1, 665, 92, 261, 213, 1, 8, 1
304, 1, 665, 91, 262, 214, 1, 8, 1
305, 1, 664, 90, 261, 214, 1, 8, 1
306, 1, 665, 91, 260, 214, 1, 8, 1
307, 1, 667, 90, 259, 214, 1, 8, 1
308, 1, 669, 90, 257, 213, 1, 8, 1
309, 1, 668, 89, 258, 213, 1, 8, 1
310, 1, 670, 89, 257, 214, 1, 8, 1
311, 1, 671, 88, 255, 216, 1, 8, 1
312, 1, 670, 88, 255, 214, 1, 8, 1
313, 1, 668, 87, 257, 215, 1, 8, 1
314, 1, 667, 87, 258, 214, 1, 8, 1
315, 1, 671, 89, 258, 214, 1, 8, 1
316, 1, 671, 88, 258, 214, 1, 8, 1
317, 1, 668, 86, 260, 211, 1, 8, 1
318, 1, 669, 88, 258, 211, 1, 8, 1
319, 1, 672, 87, 259, 214, 1, 8, 1
320, 1, 671, 87, 260, 213, 1, 8, 1
321, 1, 674, 87, 257, 213, 1, 8, 1
322, 1, 673, 86, 258, 211, 1, 8, 1
323, 1, 675, 87, 257, 214, 1, 8, 1
324, 1, 676, 88, 256, 211, 1, 8, 1
325, 1, 674, 87, 257, 217, 1, 8, 1
326, 1, 672, 87, 261, 215, 1, 8, 1
327, 1, 672, 89, 261, 213, 1, 8, 1
328, 1, 675, 87, 260, 215, 1, 8, 1
329, 1, 676, 88, 257, 212, 1, 8, 1
330, 1, 677, 88, 257, 212, 1, 8, 1
331, 1, 675, 89, 260, 212, 1, 8, 1
332, 1, 673, 92, 261, 212, 1, 8, 1
333, 1, 675, 89, 260, 214, 1, 8, 1
334, 1, 674, 89, 261, 212, 1, 8, 1
335, 1, 677, 90, 260, 212, 1, 8, 1
336, 1, 678, 90, 261, 215, 1, 8, 1
337, 1, 677, 91, 263, 212, 1, 8, 1
338, 1, 676, 91, 263, 214, 1, 8, 1
339, 1, 678, 91, 264, 215, 1, 8, 1
340, 1, 680, 91, 262, 216, 1, 8, 1
341, 1, 676, 91, 267, 215, 1, 8, 1
342, 1, 673, 91, 271, 217, 1, 8, 1
343, 1, 677, 90, 268, 218, 1, 8, 1
344, 1, 676, 91, 269, 215, 1, 8, 1
345, 1, 680, 91, 266, 216, 1, 8, 1
346, 1, 682, 93, 263, 215, 1, 8, 1
347, 1, 682, 91, 263, 218, 1, 8, 1
348, 1, 683, 91, 265, 215, 1, 8, 1
349, 1, 681, 96, 266, 213, 1, 8, 1
350, 1, 682, 94, 264, 214, 1, 8, 1
351, 1, 686, 92, 262, 216, 1, 8, 1
352, 1, 684, 94, 263, 214, 1, 8, 1
353, 1, 685, 96, 261, 212, 1, 8, 1
354, 1, 685, 96, 263, 213, 1, 8, 1
355, 1, 685, 94, 262, 212, 1, 8, 1
356, 1, 688, 96, 262, 211, 1, 8, 1
357, 1, 688, 97, 262, 212, 1, 8, 1
358, 1, 687, 98, 265, 214, 1, 8, 1
359, 1, 690, 97, 262, 213, 1, 8, 1
360, 1, 692, 96, 263, 214, 1, 8, 1
361, 1, 689, 98, 266, 212, 1, 8, 1
362, 1, 694, 97, 263, 214, 1, 8, 1
363, 1, 692, 98, 269, 214, 1, 8, 1
364, 1, 693, 98, 267, 214, 1, 8, 1
365, 1, 693, 97, 266, 215, 1, 8, 1
366, 1, 697, 99, 262, 214, 1, 8, 1
367, 1, 694, 99, 267, 216, 1, 8, 1
368, 1, 700, 98, 263, 217, 1, 8, 1
369, 1, 701, 100, 262, 214, 1, 8, 1
370, 1, 699, 101, 265, 214, 1, 8, 1
371, 1, 701, 101, 264, 213, 1, 8, 1
372, 1, 700, 103, 264, 212, 1, 8, 1
373, 1, 699, 104, 269, 211, 1, 8, 1
374, 1, 700, 105, 269, 212, 1, 8, 1
375, 1, 704, 106, 267, 211, 1, 8, 1
376, 1, 705, 104, 267, 213, 1, 8, 1
377, 1, 707, 104, 266, 213, 1, 8, 1
378, 1, 705, 109, 269, 210, 1, 8, 1
379, 1, 709, 110, 267, 209, 1, 8, 1
380, 1, 710, 107, 266, 212, 1, 8, 1
381, 1, 712, 108, 265, 209, 1, 8, 1
382, 1, 720, 109, 259, 209, 1, 8, 1
383, 1, 719, 108, 261, 213, 1, 8, 1
384, 1, 717, 112, 262, 209, 1, 8, 1
385, 1, 718, 111, 265, 210, 1, 8, 1
386, 1, 723, 111, 261, 209, 1, 8, 1
387, 1, 723, 113, 260, 209, 1, 8, 1
388, 1, 726, 111, 259, 209, 1, 8, 1
389, 1, 723, 111, 262, 209, 1, 8, 1
390, 1, 724, 113, 262, 210, 1, 8, 1
391, 1, 725, 112, 266, 210, 1, 8, 1
392, 1, 725, 112, 267, 211, 1, 8, 1
393, 1, 726, 113, 267, 210, 1, 8, 1
394, 1, 725, 112, 270, 211, 1, 8, 1
395, 1, 727, 114, 268, 209, 1, 8, 1
396, 1, 729, 116, 268, 210, 1, 8, 1
397, 1, 728, 114, 268, 212, 1, 8, 1
398, 1, 731, 114, 267, 212, 1, 8, 1
399, 1, 730, 115, 267, 211, 1, 8, 1
400, 1, 733, 115, 267, 212, 1, 8, 1
401, 1, 732, 117, 267, 211, 1, 8, 1
402, 1, 733, 119, 266, 210, 1, 8, 1
403, 1, 734, 117, 267, 211, 1, 8, 1
404, 1, 733, 120, 270, 211, 1, 8, 1
405, 1, 735, 120, 267, 209, 1, 8, 1
406, 1, 738, 119, 267, 210, 1, 8, 1
407, 1, 741, 119, 263, 211, 1, 8, 1
408, 1, 739, 120, 268, 210, 1, 8, 1
409, 1, 741, 120, 266, 211, 1, 8, 1
410, 1, 742, 119, 266, 213, 1, 8, 1
411, 1, 741, 118, 267, 213, 1, 8, 1
412, 1, 741, 121, 269, 211, 1, 8, 1
413, 1, 742, 126, 270, 209, 1, 8, 1
414, 1, 742, 124, 270, 211, 1, 8, 1
415, 1, 742, 128, 271, 210, 1, 8, 1
416, 1, 740, 132, 274, 206, 1, 8, 1
417, 1, 741, 134, 276, 205, 1, 8, 1
418, 1, 739, 132, 275, 211, 1, 8, 1
419, 1, 743, 133, 273, 210, 1, 8, 1
420, 1, 743, 133, 274, 211, 1, 8, 1
421, 1, 745, 136, 274, 211, 1, 8, 1
422, 1, 745, 136, 274, 210, 1, 8, 1
423, 1, 748, 133, 272, 212, 1, 8, 1
424, 1, 746, 132, 272, 214, 1, 8, 1
425, 1, 751, 133, 269, 213, 1, 8, 1
426, 1, 751, 135, 270, 211, 1, 8, 1
427, 1, 752, 135, 269, 213, 1, 8, 1
428, 1, 751, 133, 270, 214, 1, 8, 1
429, 1, 755, 133, 268, 215, 1, 8, 1
430, 1, 754, 137, 268, 212, 1, 8, 1
431, 1, 759, 133, 264, 214, 1, 8, 1
432, 1, 758, 132, 265, 216, 1, 8, 1
433, 1, 762, 135, 261, 210, 1, 8, 1
434, 1, 760, 135, 266, 213, 1, 8, 1
435, 1, 770, 134, 258, 214, 1, 8, 1
436, 1, 769, 132, 259, 217, 1, 8, 1
437, 1, 770, 137, 260, 215, 1, 8, 1
438, 1, 771, 137, 259, 214, 1, 8, 1
439, 1, 772, 138, 258, 213, 1, 8, 1
440, 1, 772, 139, 261, 211, 1, 8, 1
441, 1, 770, 141, 260, 211, 1, 8, 1
442, 1, 771, 142, 261, 213, 1, 8, 1
443, 1, 773, 142, 259, 211, 1, 8, 1
444, 1, 773, 139, 258, 213, 1, 8, 1
445, 1, 776, 138, 257, 215, 1, 8, 1
446, 1, 776, 140, 258, 214, 1, 8, 1
447, 1, 778, 143, 257, 212, 1, 8, 1
448, 1, 780, 142, 255, 213, 1, 8, 1
449, 1, 779, 144, 254, 212, 1, 8, 1
450, 1, 781, 143, 254, 211, 1, 8, 1
451, 1, 783, 145, 252, 211, 1, 8, 1
452, 1, 784, 144, 250, 212, 1, 8, 1
453, 1, 782, 143, 254, 212, 1, 8, 1
454, 1, 780, 145, 254, 212, 1, 8, 1
455, 1, 779, 145, 255, 214, 1, 8, 1
456, 1, 779, 148, 257, 211, 1, 8, 1
457, 1, 779, 150, 255, 209, 1, 8, 1
458, 1, 780, 149, 255, 209, 1, 8, 1
459, 1, 781, 152, 254, 207, 1, 8, 1
460, 1, 780, 154, 256, 207, 1, 8, 1
461, 1, 779, 154, 255, 206, 1, 8, 1
462, 1, 781, 155, 255, 205, 1, 8, 1
463, 1, 781, 155, 253, 206, 1, 8, 1
464, 1, 782, 157, 253, 204, 1, 8, 1
465, 1, 780, 157, 255, 206, 1, 8, 1
466, 1, 781, 157, 253, 208, 1, 8, 1
467, 1, 783, 157, 255, 206, 1, 8, 1
468, 1, 782, 157, 255, 211, 1, 8, 1
469, 1, 785, 157, 251, 211, 1, 8, 1
470, 1, 784, 158, 255, 211, 1, 8, 1
471, 1, 783, 157, 252, 211, 1, 8, 1
472, 1, 784, 158, 251, 210, 1, 8, 1
473, 1, 784, 157, 252, 214, 1, 8, 1
474, 1, 784, 158, 250, 212, 1, 8, 1
475, 1, 781, 158, 256, 211, 1, 8, 1
476, 1, 781, 159, 255, 209, 1, 8, 1
477, 1, 782, 157, 253, 211, 1, 8, 1
478, 1, 783, 159, 255, 209, 1, 8, 1
479, 1, 781, 158, 256, 210, 1, 8, 1
480, 1, 780, 157, 254, 213, 1, 8, 1
481, 1, 782, 159, 255, 211, 1, 8, 1
482, 1, 781, 158, 254, 213, 1, 8, 1
483, 1, 779, 157, 255, 215, 1, 8, 1
484, 1, 779, 157, 258, 215, 1, 8, 1
485, 1, 782, 160, 253, 209, 1, 8, 1
486, 1, 781, 159, 257, 213, 1, 8, 1
487, 1, 779, 160, 258, 211, 1, 8, 1
488, 1, 778, 160, 259, 211, 1, 8, 1
489, 1, 778, 160, 259, 214, 1, 8, 1
490, 1, 777, 164, 259, 214, 1, 8, 1
491, 1, 778, 160, 261, 217, 1, 8, 1
492, 1, 779, 160, 261, 217, 1, 8, 1
493, 1, 781, 161, 257, 220, 1, 8, 1
494, 1, 783, 160, 258, 217, 1, 8, 1
495, 1, 779, 162, 259, 219, 1, 8, 1
496, 1, 777, 163, 262, 218, 1, 8, 1
497, 1, 778, 162, 260, 216, 1, 8, 1
498, 1, 781, 164, 261, 219, 1, 8, 1
499, 1, 779, 166, 261, 217, 1, 8, 1
500, 1, 783, 165, 258, 218, 1, 8, 1
501, 1, 784, 166, 254, 217, 1, 8, 1
502, 1, 785, 168, 254, 217, 1, 8, 1
503, 1, 786, 167, 256, 218, 1, 8, 1
504, 1, 786, 167, 253, 218, 1, 8, 1
505, 1, 786, 168, 252, 211, 1, 8, 1
506, 1, 790, 170, 252, 214, 1, 8, 1
507, 1, 795, 171, 246, 217, 1, 8, 1
508, 1, 796, 170, 247, 216, 1, 8, 1
509, 1, 798, 170, 244, 215, 1, 8, 1
510, 1, 799, 169, 244, 218, 1, 8, 1
511, 1, 802, 172, 242, 215, 1, 8, 1
512, 1, 800, 175, 245, 215, 1, 8, 1
513, 1, 799, 172, 245, 214, 1, 8, 1
514, 1, 800, 174, 246, 213, 1, 8, 1
515, 1, 798, 176, 248, 215, 1, 8, 1
516, 1, 797, 176, 250, 217, 1, 8, 1
517, 1, 800, 177, 248, 214, 1, 8, 1
518, 1, 797, 178, 251, 214, 1, 8, 1
519, 1, 798, 177, 250, 217, 1, 8, 1
520, 1, 799, 181, 251, 216, 1, 8, 1
521, 1, 797, 181, 252, 215, 1, 8, 1
522, 1, 798, 178, 250, 219, 1, 8, 1
523, 1, 800, 180, 253, 215, 1, 8, 1
524, 1, 797, 181, 254, 217, 1, 8, 1
525, 1, 800, 180, 256, 217, 1, 8, 1
526, 1, 798, 180, 257, 216, 1, 8, 1
527, 1, 796, 183, 256, 211, 1, 8, 1
528, 1, 798, 182, 258, 220, 1, 8, 1
529, 1, 798, 183, 257, 219, 1, 8, 1
530, 1, 799, 183, 254, 214, 1, 8, 1
531, 1, 796, 182, 258, 217, 1, 8, 1
532, 1, 798, 184, 256, 220, 1, 8, 1
533, 1, 798, 185, 254, 218, 1, 8, 1
534, 1, 800, 185, 254, 218, 1, 8, 1
535, 1, 795, 183, 258, 221, 1, 8, 1
536, 1, 796, 186, 257, 218, 1, 8, 1
537, 1, 797, 187, 256, 219, 1, 8, 1
538, 1, 796, 185, 257, 218, 1, 8, 1
539, 1, 797, 185, 256, 220, 1, 8, 1
540, 1, 800, 185, 253, 219, 1, 8, 1
541, 1, 803, 190, 252, 212, 1, 8, 1
542, 1, 805, 190, 253, 214, 1, 8, 1
543, 1, 802, 189, 254, 213, 1, 8, 1
544, 1, 804, 187, 253, 214, 1, 8, 1
545, 1, 809, 192, 250, 211, 1, 8, 1
546, 1, 810, 192, 250, 212, 1, 8, 1
547, 1, 806, 187, 254, 215, 1, 8, 1
548, 1, 809, 189, 251, 212, 1, 8, 1
549, 1, 807, 188, 254, 213, 1, 8, 1
550, 1, 808, 191, 252, 211, 1, 8, 1
551, 1, 810, 193, 251, 209, 1, 8, 1
552, 1, 810, 193, 249, 206, 1, 8, 1
553, 1, 808, 191, 252, 212, 1, 8, 1
554, 1, 806, 195, 255, 210, 1, 8, 1
555, 1, 808, 192, 253, 211, 1, 8, 1
556, 1, 807, 192, 254, 212, 1, 8, 1
557, 1, 807, 193, 252, 211, 1, 8, 1
558, 1, 806, 194, 256, 212, 1, 8, 1
559, 1, 806, 198, 256, 208, 1, 8, 1
560, 1, 804, 195, 255, 210, 1, 8, 1
561, 1, 808, 197, 255, 209, 1, 8, 1
562, 1, 802, 202, 262, 208, 1, 8, 1
563, 1, 801, 201, 262, 207, 1, 8, 1
564, 1, 800, 203, 262, 206, 1, 8, 1
565, 1, 799, 204, 263, 208, 1, 8, 1
566, 1, 798, 203, 264, 209, 1, 8, 1
567, 1, 801, 203, 265, 212, 1, 8, 1
568, 1, 798, 205, 264, 211, 1, 8, 1
569, 1, 799, 202, 266, 213, 1, 8, 1
570, 1, 802, 206, 264, 212, 1, 8, 1
571, 1, 800, 206, 265, 215, 1, 8, 1
572, 1, 801, 206, 264, 214, 1, 8, 1
573, 1, 801, 206, 266, 214, 1, 8, 1
574, 1, 802, 203, 262, 214, 1, 8, 1
575, 1, 805, 207, 264, 215, 1, 8, 1
576, 1, 806, 209, 263, 213, 1, 8, 1
577, 1, 805, 205, 261, 214, 1, 8, 1
578, 1, 807, 206, 264, 216, 1, 8, 1
579, 1, 811, 207, 259, 217, 1, 8, 1
580, 1, 814, 205, 253, 214, 1, 8, 1
581, 1, 814, 206, 257, 215, 1, 8, 1
582, 1, 815, 206, 254, 216, 1, 8, 1
583, 1, 819, 207, 253, 218, 1, 8, 1
584, 1, 821, 208, 253, 217, 1, 8, 1
585, 1, 821, 209, 253, 211, 1, 8, 1
586, 1, 821, 207, 252, 218, 1, 8, 1
587, 1, 825, 213, 251, 215, 1, 8, 1
588, 1, 827, 206, 247, 221, 1, 8, 1
589, 1, 826, 208, 251, 220, 1, 8, 1
590, 1, 829, 207, 247, 219, 1, 8, 1
591, 1, 826, 202, 249, 228, 1, 8, 1
592, 1, 828, 210, 250, 222, 1, 8, 1
593, 1, 829, 207, 249, 225, 1, 8, 1
594, 1, 831, 205, 247, 228, 1, 8, 1
595, 1, 830, 207, 249, 226, 1, 8, 1
596, 1, 829, 210, 250, 225, 1, 8, 1
597, 1, 830, 208, 253, 228, 1, 8, 1
598, 1, 832, 208, 249, 229, 1, 8, 1
599, 1, 828, 205, 253, 230, 1, 8, 1
600, 1, 831, 208, 253, 231, 1, 8, 1
601, 1, 834, 207, 251, 232, 1, 8, 1
602, 1, 833, 209, 251, 228, 1, 8, 1
603, 1, 833, 206, 254, 231, 1, 8, 1
604, 1, 833, 208, 253, 231, 1, 8, 1
605, 1, 833, 210, 255, 230, 1, 8, 1
606, 1, 831, 209, 258, 233, 1, 8, 1
607, 1, 835, 201, 254, 239, 1, 8, 1
608, 1, 838, 203, 256, 239, 1, 8, 1
609, 1, 840, 207, 254, 238, 1, 8, 1
610, 1, 841, 203, 252, 240, 1, 8, 1
611, 1, 842, 202, 252, 238, 1, 8, 1
612, 1, 842, 207, 254, 236, 1, 8, 1
613, 1, 840, 207, 255, 235, 1, 8, 1
614, 1, 846, 206, 252, 239, 1, 8, 1
615, 1, 841, 207, 257, 238, 1, 8, 1
616, 1, 842, 207, 256, 237, 1, 8, 1
617, 1, 843, 213, 257, 234, 1, 8, 1
618, 1, 843, 210, 258, 236, 1, 8, 1
619, 1, 843, 211, 260, 233, 1, 8, 1
620, 1, 844, 210, 263, 238, 1, 8, 1
621, 1, 844, 210, 262, 241, 1, 8, 1
622, 1, 848, 210, 261, 242, 1, 8, 1
623, 1, 848, 213, 262, 237, 1, 8, 1
624, 1, 847, 212, 264, 238, 1, 8, 1
625, 1, 849, 209, 265, 241, 1, 8, 1
626, 1, 849, 211, 268, 238, 1, 8, 1
627, 1, 853, 208, 265, 243, 1, 8, 1
628, 1, 851, 209, 267, 241, 1, 8, 1
629, 1, 851, 208, 269, 242, 1, 8, 1
630, 1, 855, 210, 266, 240, 1, 8, 1
631, 1, 858, 213, 265, 239, 1, 8, 1
632, 1, 863, 210, 260, 240, 1, 8, 1
633, 1, 864, 208, 260, 240, 1, 8, 1
634, 1, 870, 210, 258, 241, 1, 8, 1
635, 1, 869, 213, 259, 240, 1, 8, 1
636, 1, 877, 210, 250, 241, 1, 8, 1
637, 1, 881, 210, 248, 242, 1, 8, 1
638, 1, 885, 211, 243, 241, 1, 8, 1
639, 1, 881, 217, 251, 237, 1, 8, 1
640, 1, 887, 214, 246, 237, 1, 8, 1
641, 1, 891, 210, 240, 243, 1, 8, 1
642, 1, 893, 211, 240, 245, 1, 8, 1
643, 1, 897, 213, 238, 242, 1, 8, 1
644, 1, 901, 210, 239, 244, 1, 8, 1
645, 1, 904, 210, 239, 239, 1, 8, 1
646, 1, 910, 211, 241, 243, 1, 8, 1
647, 1, 906, 209, 242, 248, 1, 8, 1
648, 1, 912, 209, 244, 246, 1, 8, 1
649, 1, 913, 207, 247, 243, 1, 8, 1
650, 1, 916, 208, 248, 244, 1, 8, 1
651, 1, 919, 217, 244, 241, 1, 8, 1
652, 1, 921, 217, 248, 241, 1, 8, 1
653, 1, 929, 217, 243, 237, 1, 8, 1
654, 1, 928, 214, 245, 240, 1, 8, 1
655, 1, 932, 212, 242, 242, 1, 8, 1
656, 1, 935, 217, 248, 242, 1, 8, 1
657, 1, 940, 229, 245, 228, 1, 8, 1
658, 1, 943, 212, 243, 240, 1, 8, 1
659, 1, 943, 214, 248, 247, 1, 8, 1
660, 1, 950, 218, 248, 243, 1, 8, 1
661, 1, 956, 222, 246, 235, 1, 8, 1
662, 1, 957, 218, 248, 238, 1, 8, 1
663, 1, 958, 221, 247, 231, 1, 8, 1
664, 1, 967, 222, 248, 243, 1, 8, 1
665, 1, 968, 221, 247, 236, 1, 8, 1
666, 1, 969, 216, 247, 239, 1, 8, 1
667, 1, 975, 218, 244, 242, 1, 8, 1
668, 1, 982, 223, 244, 244, 1, 8, 1
669, 1, 984, 227, 246, 237, 1, 8, 1
670, 1, 988, 221, 243, 237, 1, 8, 1
671, 1, 989, 221, 240, 234, 1, 8, 1
672, 1, 996, 226, 243, 236, 1, 8, 1
673, 1, 1006, 225, 237, 243, 1, 8, 1
674, 1, 1007, 223, 237, 245, 1, 8, 1
675, 1, 1007, 220, 239, 238, 1, 8, 1
676, 1, 1012, 223, 238, 242, 1, 8, 1
677, 1, 1018, 226, 236, 243, 1, 8, 1
678, 1, 1021, 223, 237, 247, 1, 8, 1
679, 1, 1021, 222, 235, 244, 1, 8, 1
680, 1, 1024, 225, 235, 241, 1, 8, 1
681, 1, 1030, 229, 239, 244, 1, 8, 1
682, 1, 1030, 228, 240, 245, 1, 8, 1
683, 1, 1031, 225, 239, 242, 1, 8, 1
684, 1, 1032, 225, 242, 244, 1, 8, 1
685, 1, 1037, 226, 241, 250, 1, 8, 1
686, 1, 1041, 228, 240, 249, 1, 8, 1
687, 1, 1043, 228, 240, 246, 1, 8, 1
688, 1, 1045, 225, 237, 245, 1, 8, 1
689, 1, 1051, 231, 237, 244, 1, 8, 1
690, 1, 1052, 230, 237, 246, 1, 8, 1
691, 1, 1053, 230, 238, 243, 1, 8, 1
692, 1, 1055, 230, 237, 244, 1, 8, 1
693, 1, 1060, 234, 237, 242, 1, 8, 1
694, 1, 1065, 237, 235, 240, 1, 8, 1
695, 1, 1064, 234, 235, 243, 1, 8, 1
696, 1, 1066, 229, 230, 244, 1, 8, 1
697, 1, 1066, 231, 235, 242, 1, 8, 1
698, 1, 1069, 235, 238, 241, 1, 8, 1
699, 1, 1066, 235, 240, 241, 1, 8, 1
700, 1, 1067, 233, 241, 239, 1, 8, 1
701, 1, 1067, 236, 243, 238, 1, 8, 1
702, 1, 1071, 241, 240, 236, 1, 8, 1
703, 1, 1069, 240, 245, 235, 1, 8, 1
704, 1, 1068, 239, 247, 237, 1, 8, 1
705, 1, 1067, 239, 247, 236, 1, 8, 1
706, 1, 1069, 243, 252, 236, 1, 8, 1
707, 1, 1067, 248, 253, 229, 1, 8, 1
708, 1, 1066, 239, 254, 239, 1, 8, 1
709, 1, 1065, 244, 257, 235, 1, 8, 1
710, 1, 1066, 252, 258, 231, 1, 8, 1
711, 1, 1067, 252, 258, 235, 1, 8, 1
712, 1, 1065, 247, 261, 237, 1, 8, 1
713, 1, 1063, 241, 262, 239, 1, 8, 1
714, 1, 1064, 245, 265, 233, 1, 8, 1
715, 1, 1067, 255, 263, 231, 1, 8, 1
716, 1, 1070, 257, 262, 231, 1, 8, 1
717, 1, 1069, 245, 266, 241, 1, 8, 1
718, 1, 1071, 240, 265, 243, 1, 8, 1
719, 1, 1065, 238, 269, 243, 1, 8, 1
720, 1, 1069, 245, 267, 235, 1, 8, 1
721, 1, 1070, 262, 263, 223, 1, 8, 1
722, 1, 1074, 267, 263, 230, 1, 8, 1
723, 1, 1074, 268, 268, 235, 1, 8, 1
724, 1, 1072, 249, 266, 242, 1, 8, 1
725, 1, 1070, 242, 269, 238, 1, 8, 1
726, 1, 1072, 247, 267, 231, 1, 8, 1
727, 1, 1073, 270, 265, 221, 1, 8, 1
728, 1, 1078, 278, 266, 227, 1, 8, 1
729, 1, 1074, 272, 270, 231, 1, 8, 1
730, 1, 1075, 254, 272, 236, 1, 8, 1
731, 1, 1076, 245, 270, 236, 1, 8, 1
732, 1, 1078, 267, 268, 219, 1, 8, 1
733, 1, 1083, 286, 265, 230, 1, 8, 1
734, 1, 1084, 278, 269, 242, 1, 8, 1
735, 1, 1086, 262, 268, 247, 1, 8, 1
736, 1, 1088, 254, 268, 237, 1, 8, 1
737, 1, 1084, 256, 270, 225, 1, 8, 1
738, 1, 1084, 270, 263, 224, 1, 8, 1
739, 1, 1087, 273, 263, 230, 1, 8, 1
740, 1, 1089, 275, 265, 239, 1, 8, 1
741, 1, 1087, 262, 274, 244, 1, 8, 1
742, 1, 1087, 252, 273, 242, 1, 8, 1
743, 1, 1083, 252, 276, 239, 1, 8, 1
744, 1, 1085, 270, 274, 224, 1, 8, 1
745, 1, 1083, 275, 279, 231, 1, 8, 1
746, 1, 1084, 272, 278, 234, 1, 8, 1
747, 1, 1085, 264, 275, 236, 1, 8, 1
748, 1, 1088, 265, 281, 229, 1, 8, 1
749, 1, 1084, 267, 284, 228, 1, 8, 1
750, 1, 1082, 267, 286, 227, 1, 8, 1
1, 2, 1272, 328, 31, 84, 1, 1, 1
2, 2, 1272, 328, 31, 86, 1, 1, 1
3, 2, 1271, 332, 31, 83, 1, 1, 1
4, 2, 1272, 331, 31, 83, 1, 1, 1
5, 2, 1271, 331, 31, 83, 1, 1, 1
6, 2, 1271, 330, 31, 83, 1, 1, 1
7, 2, 1272, 330, 30, 83, 1, 1, 1
8, 2, 1271, 331, 32, 82, 1, 1, 1
9, 2, 1271, 331, 31, 83, 1, 1, 1
10, 2, 1271, 328, 31, 82, 1, 1, 1
11, 2, 1272, 328, 30, 84, 1, 1, 1
12, 2, 1271, 328, 31, 84, 1, 1, 1
13, 2, 1272, 328, 30, 84, 1, 1, 1
14, 2, 1270, 331, 32, 82, 1, 1, 1
15, 2, 1270, 331, 31, 83, 1, 1, 1
16, 2, 1271, 329, 30, 83, 1, 1, 1
17, 2, 1270, 329, 32, 83, 1, 1, 1
18, 2, 1271, 328, 30, 84, 1, 1, 1
19, 2, 1270, 330, 31, 84, 1, 1, 1
20, 2, 1270, 331, 31, 84, 1, 1, 1
21, 2, 1270, 331, 31, 83, 1, 1, 1
22, 2, 1271, 329, 31, 83, 1, 1, 1
23, 2, 1271, 328, 31, 85, 1, 1, 1
24, 2, 1272, 326, 30, 86, 1, 1, 1
25, 2, 1271, 325, 30, 85, 1, 1, 1
26, 2, 1271, 327, 30, 86, 1, 1, 1
27, 2, 1272, 330, 29, 83, 1, 1, 1
28, 2, 1271, 329, 30, 83, 1, 1, 1
29, 2, 1270, 326, 30, 84, 1, 1, 1
30, 2, 1270, 327, 30, 84, 1, 1, 1
31, 2, 1270, 329, 30, 82, 1, 1, 1
32, 2, 1270, 330, 30, 82, 1, 1, 1
33, 2, 1270, 331, 29, 81, 1, 1, 1
34, 2, 1270, 330, 30, 82, 1, 1, 1
35, 2, 1269, 326, 31, 81, 1, 1, 1
36, 2, 1270, 327, 30, 81, 1, 1, 1
37, 2, 1270, 328, 30, 80, 1, 1, 1
38, 2, 1269, 329, 31, 79, 1, 1, 1
39, 2, 1269, 327, 31, 80, 1, 1, 1
40, 2, 1270, 327, 30, 83, 1, 1, 1
41, 2, 1270, 327, 30, 79, 1, 1, 1
42, 2, 1269, 327, 31, 83, 1, 1, 1
43, 2, 1268, 329, 32, 82, 1, 1, 1
44, 2, 1269, 330, 31, 82, 1, 1, 1
45, 2, 1269, 331, 31, 82, 1, 1, 1
46, 2, 1269, 330, 31, 82, 1, 1, 1
47, 2, 1269, 328, 31, 83, 1, 1, 1
48, 2, 1269, 327, 31, 84, 1, 1, 1
49, 2, 1268, 328, 32, 82, 1, 1, 1
50, 2, 1269, 327, 31, 84, 1, 1, 1
51, 2, 1268, 329, 32, 84, 1, 1, 1
52, 2, 1269, 329, 30, 84, 1, 1, 1
53, 2, 1268, 327, 32, 85, 1, 1, 1
54, 2, 1269, 326, 31, 86, 1, 1, 1
55, 2, 1268, 326, 31, 84, 1, 1, 1
56, 2, 1268, 326, 31, 84, 1, 1, 1
57, 2, 1268, 327, 28, 84, 1, 1, 1
58, 2, 1268, 331, 28, 81, 1, 1, 1
59, 2, 1268, 329, 29, 83, 1, 1, 1
60, 2, 1268, 327, 29, 84, 1, 1, 1
61, 2, 1268, 326, 29, 85, 1, 1, 1
62, 2, 1268, 328, 29, 83, 1, 1, 1
63, 2, 1268, 330, 29, 83, 1, 1, 1
64, 2, 1268, 332, 29, 83, 1, 1, 1
65, 2, 1268, 330, 28, 83, 1, 1, 1
66, 2, 1269, 327, 29, 85, 1, 1, 1
67, 2, 1269, 326, 28, 83, 1, 1, 1
68, 2, 1269, 327, 29, 83, 1, 1, 1
69, 2, 1268, 329, 29, 82, 1, 1, 1
70, 2, 1268, 329, 29, 83, 1, 1, 1
71, 2, 1268, 326, 28, 85, 1, 1, 1
72, 2, 1268, 326, 28, 82, 1, 1, 1
73, 2, 1268, 326, 29, 85, 1, 1, 1
74, 2, 1268, 330, 29, 84, 1, 1, 1
75, 2, 1267, 331, 29, 84, 1, 1, 1
76, 2, 1269, 329, 28, 84, 1, 1, 1
77, 2, 1269, 328, 29, 83, 1, 1, 1
78, 2, 1269, 325, 29, 83, 1, 1, 1
79, 2, 1268, 325, 30, 81, 1, 1, 1
80, 2, 1269, 329, 29, 83, 1, 1, 1
81, 2, 1268, 332, 29, 81, 1, 1, 1
82, 2, 1268, 327, 29, 84, 1, 1, 1
83, 2, 1268, 327, 30, 83, 1, 1, 1
84, 2, 1269, 327, 28, 84, 1, 1, 1
85, 2, 1268, 330, 28, 81, 1, 1, 1
86, 2, 1268, 330, 27, 82, 1, 1, 1
87, 2, 1268, 330, 27, 83, 1, 1, 1
88, 2, 1268, 330, 28, 83, 1, 1, 1
89, 2, 1268, 327, 27, 84, 1, 1, 1
90, 2, 1269, 327, 27, 81, 1, 1, 1
91, 2, 1269, 327, 28, 85, 1, 1, 1
92, 2, 1270, 329, 28, 86, 1, 1, 1
93, 2, 1268, 328, 28, 85, 1, 1, 1
94, 2, 1269, 328, 28, 84, 1, 1, 1
95, 2, 1269, 329, 29, 85, 1, 1, 1
96, 2, 1270, 329, 28, 85, 1, 1, 1
97, 2, 1269, 326, 27, 85, 1, 1, 1
98, 2, 1270, 329, 28, 84, 1, 1, 1
99, 2, 1269, 330, 29, 84, 1, 1, 1
100, 2, 1269, 328, 29, 84, 1, 1, 1
101, 2, 1269, 327, 27, 83, 1, 1, 1
102, 2, 1269, 328, 28, 83, 1, 1, 1
103, 2, 1269, 329, 28, 83, 1, 1, 1
104, 2, 1269, 329, 27, 84, 1, 1, 1
105, 2, 1268, 329, 27, 84, 1, 1, 1
106, 2, 1269, 330, 28, 83, 1, 1, 1
107, 2, 1268, 329, 27, 84, 1, 1, 1
108, 2, 1269, 328, 26, 86, 1, 1, 1
109, 2, 1268, 329, 27, 85, 1, 1, 1
110, 2, 1269, 330, 26, 84, 1, 1, 1
111, 2, 1267, 330, 27, 84, 1, 1, 1
112, 2, 1268, 331, 28, 83, 1, 1, 1
113, 2, 1269, 332, 28, 86, 1, 1, 1
114, 2, 1270, 328, 28, 87, 1, 1, 1
115, 2, 1268, 325, 29, 85, 1, 1, 1
116, 2, 1269, 326, 29, 84, 1, 1, 1
117, 2, 1268, 330, 27, 84, 1, 1, 1
118, 2, 1268, 333, 28, 85, 1, 1, 1
119, 2, 1268, 330, 27, 87, 1, 1, 1
120, 2, 1269, 330, 27, 85, 1, 1, 1
121, 2, 1270, 328, 27, 84, 1, 1, 1
122, 2, 1270, 329, 27, 85, 1, 1, 1
123, 2, 1267, 331, 32, 87, 1, 1, 1
124, 2, 1268, 332, 31, 87, 1, 1, 1
125, 2, 1269, 332, 30, 87, 1, 1, 1
126, 2, 1270, 328, 29, 89, 1, 1, 1
127, 2, 1270, 326, 29, 85, 1, 1, 1
128, 2, 1269, 328, 31, 88, 1, 1, 1
129, 2, 1269, 331, 31, 87, 1, 1, 1
130, 2, 1269, 333, 32, 88, 1, 1, 1
131, 2, 1269, 329, 31, 89, 1, 1, 1
132, 2, 1270, 328, 30, 88, 1, 1, 1
133, 2, 1270, 327, 30, 85, 1, 1, 1
134, 2, 1270, 329, 31, 75, 1, 1, 1
135, 2, 1269, 332, 31, 84, 1, 1, 1
136, 2, 1270, 330, 30, 81, 1, 1, 1
137, 2, 1270, 330, 29, 84, 1, 1, 1
138, 2, 1269, 331, 30, 83, 1, 1, 1
139, 2, 1271, 333, 29, 84, 1, 1, 1
140, 2, 1271, 332, 28, 84, 1, 1, 1
141, 2, 1272, 330, 28, 71, 1, 1, 1
142, 2, 1272, 328, 28, 71, 1, 1, 1
143, 2, 1272, 327, 29, 70, 1, 1, 1
144, 2, 1273, 328, 27, 71, 1, 1, 1
145, 2, 1272, 329, 29, 72, 1, 1, 1
146, 2, 1273, 332, 27, 70, 1, 1, 1
147, 2, 1272, 329, 28, 72, 1, 1, 1
148, 2, 1272, 328, 27, 71, 1, 1, 1
149, 2, 1273, 330, 27, 71, 1, 1, 1
150, 2, 1273, 331, 27, 71, 1, 1, 1
151, 2, 1273, 331, 28, 72, 1, 1, 1
152, 2, 1273, 329, 27, 73, 1, 1, 1
153, 2, 1274, 328, 27, 72, 1, 1, 1
154, 2, 1274, 328, 26, 75, 1, 1, 1
155, 2, 1273, 329, 28, 74, 1, 1, 1
156, 2, 1274, 330, 27, 76, 1, 1, 1
157, 2, 1274, 331, 28, 76, 1, 1, 1
158, 2, 1274, 328, 28, 78, 1, 1, 1
159, 2, 1274, 328, 28, 79, 1, 1, 1
160, 2, 1275, 328, 28, 81, 1, 1, 1
161, 2, 1274, 332, 29, 78, 1, 1, 1
162, 2, 1274, 331, 28, 81, 1, 1, 1
163, 2, 1275, 330, 26, 81, 1, 1, 1
164, 2, 1275, 329, 26, 81, 1, 1, 1
165, 2, 1276, 327, 26, 83, 1, 1, 1
166, 2, 1274, 332, 29, 82, 1, 1, 1
167, 2, 1276, 330, 26, 85, 1, 1, 1
168, 2, 1276, 330, 25, 84, 1, 1, 1
169, 2, 1275, 332, 28, 80, 1, 1, 1
170, 2, 1275, 333, 27, 80, 1, 1, 1
171, 2, 1275, 331, 28, 81, 1, 1, 1
172, 2, 1275, 331, 28, 82, 1, 1, 1
173, 2, 1275, 332, 28, 81, 1, 1, 1
174, 2, 1275, 331, 28, 82, 1, 1, 1
175, 2, 1275, 332, 29, 79, 1, 1, 1
176, 2, 1275, 332, 29, 80, 1, 1, 1
177, 2, 1275, 332, 28, 81, 1, 1, 1
178, 2, 1275, 332, 28, 81, 1, 1, 1
179, 2, 1274, 333, 29, 80, 1, 1, 1
180, 2, 1274, 331, 30, 80, 1, 1, 1
181, 2, 1275, 331, 29, 80, 1, 1, 1
182, 2, 1275, 331, 28, 82, 1, 1, 1
183, 2, 1274, 331, 27, 84, 1, 1, 1
184, 2, 1275, 332, 27, 82, 1, 1, 1
185, 2, 1274, 334, 28, 79, 1, 1, 1
186, 2, 1274, 333, 28, 80, 1, 1, 1
187, 2, 1274, 331, 29, 78, 1, 1, 1
188, 2, 1274, 332, 28, 82, 1, 1, 1
189, 2, 1274, 334, 29, 79, 1, 1, 1
190, 2, 1275, 333, 28, 80, 1, 1, 1
191, 2, 1272, 332, 29, 85, 1, 1, 1
192, 2, 1273, 330, 29, 85, 1, 1, 1
193, 2, 1274, 331, 28, 84, 1, 1, 1
194, 2, 1273, 332, 28, 84, 1, 1, 1
195, 2, 1272, 332, 30, 85, 1, 1, 1
196, 2, 1273, 332, 28, 86, 1, 1, 1
197, 2, 1272, 332, 29, 86, 1, 1, 1
198, 2, 1273, 333, 29, 85, 1, 1, 1
199, 2, 1273, 331, 28, 86, 1, 1, 1
200, 2, 1272, 332, 29, 86, 1, 1, 1
201, 2, 1273, 334, 29, 84, 1, 1, 1
202, 2, 1273, 333, 28, 85, 1, 1, 1
203, 2, 1272, 335, 29, 83, 1, 1, 1
204, 2, 1273, 335, 29, 84, 1, 1, 1
205, 2, 1273, 337, 29, 80, 1, 1, 1
206, 2, 1273, 337, 28, 79, 1, 1, 1
207, 2, 1273, 336, 29, 80, 1, 1, 1
208, 2, 1272, 336, 29, 82, 1, 1, 1
209, 2, 1273, 335, 28, 85, 1, 1, 1
210, 2, 1274, 334, 27, 86, 1, 1, 1
211, 2, 1272, 339, 29, 83, 1, 1, 1
212, 2, 1273, 343, 28, 80, 1, 1, 1
213, 2, 1273, 342, 29, 81, 1, 1, 1
214, 2, 1272, 339, 29, 84, 1, 1, 1
215, 2, 1272, 336, 29, 87, 1, 1, 1
216, 2, 1273, 339, 28, 85, 1, 1, 1
217, 2, 1272, 339, 28, 84, 1, 1, 1
218, 2, 1273, 339, 28, 84, 1, 1, 1
219, 2, 1272, 338, 29, 85, 1, 1, 1
220, 2, 1271, 339, 29, 85, 1, 1, 1
221, 2, 1272, 340, 28, 84, 1, 1, 1
222, 2, 1272, 341, 28, 85, 1, 1, 1
223, 2, 1270, 341, 28, 85, 1, 1, 1
224, 2, 1271, 341, 27, 85, 1, 1, 1
225, 2, 1271, 341, 27, 85, 1, 1, 1
226, 2, 1270, 342, 28, 85, 1, 1, 1
227, 2, 1270, 341, 28, 85, 1, 1, 1
228, 2, 1270, 342, 28, 83, 1, 1, 1
229, 2, 1269, 344, 27, 83, 1, 1, 1
230, 2, 1271, 342, 27, 84, 1, 1, 1
231, 2, 1268, 342, 28, 82, 1, 1, 1
232, 2, 1270, 342, 27, 84, 1, 1, 1
233, 2, 1269, 343, 28, 83, 1, 1, 1
234, 2, 1269, 345, 29, 82, 1, 1, 1
235, 2, 1269, 343, 28, 83, 1, 1, 1
236, 2, 1268, 343, 29, 83, 1, 1, 1
237, 2, 1268, 342, 29, 83, 1, 1, 1
238, 2, 1268, 344, 29, 83, 1, 1, 1
239, 2, 1269, 345, 28, 82, 1, 1, 1
240, 2, 1268, 343, 28, 82, 1, 1, 1
241, 2, 1268, 343, 28, 84, 1, 1, 1
242, 2, 1269, 344, 27, 81, 1, 1, 1
243, 2, 1268, 344, 28, 82, 1, 1, 1
244, 2, 1268, 344, 28, 84, 1, 1, 1
245, 2, 1268, 342, 27, 82, 1, 1, 1
246, 2, 1267, 342, 28, 83, 1, 1, 1
247, 2, 1266, 347, 29, 81, 1, 1, 1
248, 2, 1268, 347, 27, 81, 1, 1, 1
249, 2, 1266, 341, 27, 84, 1, 1, 1
250, 2, 1267, 344, 28, 83, 1, 1, 1
251, 2, 1266, 343, 28, 84, 1, 1, 1
252, 2, 1266, 343, 28, 83, 1, 1, 1
253, 2, 1266, 343, 27, 84, 1, 1, 1
254, 2, 1267, 343, 28, 83, 1, 1, 1
255, 2, 1267, 342, 26, 83, 1, 1, 1
256, 2, 1267, 343, 27, 83, 1, 1, 1
257, 2, 1266, 342, 27, 83, 1, 1, 1
258, 2, 1266, 343, 27, 83, 1, 1, 1
259, 2, 1266, 343, 27, 83, 1, 1, 1
260, 2, 1266, 343, 27, 83, 1, 1, 1
261, 2, 1266, 343, 26, 84, 1, 1, 1
262, 2, 1266, 343, 27, 84, 1, 1, 1
263, 2, 1266, 342, 27, 84, 1, 1, 1
264, 2, 1266, 343, 27, 83, 1, 1, 1
265, 2, 1266, 343, 28, 81, 1, 1, 1
266, 2, 1266, 343, 28, 82, 1, 1, 1
267, 2, 1266, 343, 27, 82, 1, 1, 1
268, 2, 1267, 343, 28, 82, 1, 1, 1
269, 2, 1266, 343, 27, 82, 1, 1, 1
270, 2, 1266, 342, 27, 83, 1, 1, 1
271, 2, 1266, 343, 27, 84, 1, 1, 1
272, 2, 1267, 345, 26, 82, 1, 1, 1
273, 2, 1266, 344, 27, 82, 1, 1, 1
274, 2, 1267, 342, 27, 83, 1, 1, 1
275, 2, 1267, 342, 26, 81, 1, 1, 1
276, 2, 1266, 343, 28, 81, 1, 1, 1
277, 2, 1266, 344, 28, 82, 1, 1, 1
278, 2, 1266, 343, 27, 83, 1, 1, 1
279, 2, 1266, 342, 27, 82, 1, 1, 1
280, 2, 1267, 342, 27, 81, 1, 1, 1
281, 2, 1266, 341, 27, 82, 1, 1, 1
282, 2, 1266, 342, 27, 83, 1, 1, 1
283, 2, 1266, 342, 27, 81, 1, 1, 1
284, 2, 1266, 343, 27, 81, 1, 1, 1
285, 2, 1266, 341, 27, 82, 1, 1, 1
286, 2, 1266, 341, 28, 81, 1, 1, 1
287, 2, 1266, 341, 27, 81, 1, 1, 1
288, 2, 1266, 341, 27, 82, 1, 1, 1
289, 2, 1266, 340, 27, 81, 1, 1, 1
290, 2, 1266, 341, 27, 80, 1, 1, 1
291, 2, 1265, 340, 27, 77, 1, 1, 1
292, 2, 1266, 342, 27, 75, 1, 1, 1
293, 2, 1264, 342, 28, 75, 1, 1, 1
294, 2, 1265, 343, 28, 75, 1, 1, 1
295, 2, 1264, 340, 28, 77, 1, 1, 1
296, 2, 1265, 339, 27, 77, 1, 1, 1
297, 2, 1265, 339, 27, 76, 1, 1, 1
298, 2, 1265, 341, 27, 75, 1, 1, 1
299, 2, 1264, 339, 28, 76, 1, 1, 1
300, 2, 1264, 339, 28, 76, 1, 1, 1
301, 2, 1264, 339, 28, 76, 1, 1, 1
302, 2, 1265, 339, 27, 75, 1, 1, 1
303, 2, 1264, 338, 28, 76, 1, 1, 1
304, 2, 1264, 338, 28, 76, 1, 1, 1
305, 2, 1264, 338, 28, 75, 1, 1, 1
306, 2, 1264, 338, 28, 77, 1, 1, 1
307, 2, 1264, 338, 28, 75, 1, 1, 1
308, 2, 1265, 338, 28, 74, 1, 1, 1
309, 2, 1264, 336, 29, 76, 1, 1, 1
310, 2, 1266, 337, 27, 75, 1, 1, 1
311, 2, 1265, 337, 28, 76, 1, 1, 1
312, 2, 1266, 337, 27, 73, 1, 1, 1
313, 2, 1265, 337, 27, 73, 1, 1, 1
314, 2, 1265, 337, 28, 73, 1, 1, 1
315, 2, 1265, 336, 28, 77, 1, 1, 1
316, 2, 1265, 335, 29, 75, 1, 1, 1
317, 2, 1265, 333, 28, 74, 1, 1, 1
318, 2, 1265, 333, 29, 75, 1, 1, 1
319, 2, 1266, 336, 29, 73, 1, 1, 1
320, 2, 1266, 336, 29, 72, 1, 1, 1
321, 2, 1265, 336, 29, 72, 1, 1, 1
322, 2, 1266, 333, 29, 75, 1, 1, 1
323, 2, 1266, 336, 29, 71, 1, 1, 1
324, 2, 1267, 335, 28, 73, 1, 1, 1
325, 2, 1266, 335, 29, 73, 1, 1, 1
326, 2, 1266, 335, 29, 73, 1, 1, 1
327, 2, 1266, 336, 29, 72, 1, 1, 1
328, 2, 1268, 334, 28, 75, 1, 1, 1
329, 2, 1267, 334, 28, 73, 1, 1, 1
330, 2, 1267, 333, 28, 75, 1, 1, 1
331, 2, 1267, 334, 29, 74, 1, 1, 1
332, 2, 1267, 335, 29, 74, 1, 1, 1
333, 2, 1267, 336, 30, 73, 1, 1, 1
334, 2, 1267, 332, 30, 76, 1, 1, 1
335, 2, 1266, 334, 30, 74, 1, 1, 1
336, 2, 1267, 336, 31, 74, 1, 1, 1
337, 2, 1267, 334, 30, 74, 1, 1, 1
338, 2, 1266, 337, 30, 71, 1, 1, 1
339, 2, 1266, 334, 32, 76, 1, 1, 1
340, 2, 1266, 335, 33, 78, 1, 1, 1
341, 2, 1265, 333, 36, 78, 1, 1, 1
342, 2, 1264, 334, 37, 77, 1, 1, 1
343, 2, 1264, 334, 36, 78, 1, 1, 1
344, 2, 1264, 333, 36, 78, 1, 1, 1
345, 2, 1264, 332, 38, 78, 1, 1, 1
346, 2, 1262, 334, 37, 78, 1, 1, 1
347, 2, 1262, 334, 37, 80, 1, 1, 1
348, 2, 1265, 331, 36, 79, 1, 1, 1
349, 2, 1264, 334, 36, 79, 1, 1, 1
350, 2, 1261, 333, 38, 78, 1, 1, 1
351, 2, 1263, 332, 36, 79, 1, 1, 1
352, 2, 1261, 331, 36, 78, 1, 1, 1
353, 2, 1261, 332, 37, 78, 1, 1, 1
354, 2, 1261, 333, 37, 77, 1, 1, 1
355, 2, 1260, 331, 35, 78, 1, 1, 1
356, 2, 1262, 330, 35, 79, 1, 1, 1
357, 2, 1263, 332, 35, 80, 1, 1, 1
358, 2, 1262, 334, 34, 76, 1, 1, 1
359, 2, 1264, 332, 34, 81, 1, 1, 1
360, 2, 1265, 330, 34, 82, 1, 1, 1
361, 2, 1265, 332, 33, 81, 1, 1, 1
362, 2, 1266, 331, 34, 81, 1, 1, 1
363, 2, 1267, 330, 33, 81, 1, 1, 1
364, 2, 1266, 329, 34, 81, 1, 1, 1
365, 2, 1268, 329, 33, 80, 1, 1, 1
366, 2, 1267, 330, 34, 80, 1, 1, 1
367, 2, 1268, 330, 34, 80, 1, 1, 1
368, 2, 1269, 329, 34, 80, 1, 1, 1
369, 2, 1270, 330, 33, 79, 1, 1, 1
370, 2, 1270, 330, 34, 78, 1, 1, 1
371, 2, 1272, 331, 33, 77, 1, 1, 1
372, 2, 1270, 331, 34, 79, 1, 1, 1
373, 2, 1271, 332, 34, 78, 1, 1, 1
374, 2, 1273, 333, 33, 78, 1, 1, 1
375, 2, 1272, 334, 34, 78, 1, 1, 1
376, 2, 1272, 333, 34, 78, 1, 1, 1
377, 2, 1273, 333, 34, 78, 1, 1, 1
378, 2, 1274, 334, 32, 78, 1, 1, 1
379, 2, 1277, 334, 31, 77, 1, 1, 1
380, 2, 1279, 332, 29, 77, 1, 1, 1
381, 2, 1277, 334, 31, 77, 1, 1, 1
382, 2, 1279, 333, 31, 78, 1, 1, 1
383, 2, 1279, 334, 32, 78, 1, 1, 1
384, 2, 1278, 335, 32, 78, 1, 1, 1
385, 2, 1280, 334, 31, 79, 1, 1, 1
386, 2, 1283, 335, 28, 78, 1, 1, 1
387, 2, 1280, 335, 31, 79, 1, 1, 1
388, 2, 1285, 334, 27, 78, 1, 1, 1
389, 2, 1284, 334, 29, 79, 1, 1, 1
390, 2, 1283, 335, 30, 80, 1, 1, 1
391, 2, 1291, 336, 24, 75, 1, 1, 1
392, 2, 1290, 337, 26, 76, 1, 1, 1
393, 2, 1292, 337, 23, 76, 1, 1, 1
394, 2, 1292, 336, 24, 76, 1, 1, 1
395, 2, 1289, 337, 28, 75, 1, 1, 1
396, 2, 1288, 338, 28, 76, 1, 1, 1
397, 2, 1289, 336, 28, 74, 1, 1, 1
398, 2, 1288, 337, 29, 76, 1, 1, 1
399, 2, 1290, 337, 27, 75, 1, 1, 1
400, 2, 1289, 337, 30, 74, 1, 1, 1
401, 2, 1293, 337, 25, 75, 1, 1, 1
402, 2, 1292, 337, 26, 75, 1, 1, 1
403, 2, 1289, 337, 30, 76, 1, 1, 1
404, 2, 1289, 338, 30, 77, 1, 1, 1
405, 2, 1290, 338, 29, 75, 1, 1, 1
406, 2, 1290, 337, 30, 78, 1, 1, 1
407, 2, 1290, 337, 29, 77, 1, 1, 1
408, 2, 1291, 337, 29, 76, 1, 1, 1
409, 2, 1291, 338, 30, 76, 1, 1, 1
410, 2, 1291, 338, 29, 76, 1, 1, 1
411, 2, 1292, 337, 29, 75, 1, 1, 1
412, 2, 1291, 338, 30, 75, 1, 1, 1
413, 2, 1292, 339, 28, 76, 1, 1, 1
414, 2, 1292, 338, 29, 76, 1, 1, 1
415, 2, 1290, 339, 30, 76, 1, 1, 1
416, 2, 1291, 339, 29, 77, 1, 1, 1
417, 2, 1291, 339, 30, 77, 1, 1, 1
418, 2, 1291, 341, 29, 77, 1, 1, 1
419, 2, 1290, 340, 30, 78, 1, 1, 1
420, 2, 1292, 340, 29, 78, 1, 1, 1
421, 2, 1291, 342, 30, 77, 1, 1, 1
422, 2, 1291, 342, 29, 76, 1, 1, 1
423, 2, 1291, 339, 30, 80, 1, 1, 1
424, 2, 1291, 341, 29, 76, 1, 1, 1
425, 2, 1294, 339, 27, 80, 1, 1, 1
426, 2, 1297, 339, 25, 80, 1, 1, 1
427, 2, 1293, 340, 29, 78, 1, 1, 1
428, 2, 1298, 338, 23, 79, 1, 1, 1
429, 2, 1297, 339, 26, 80, 1, 1, 1
430, 2, 1296, 339, 26, 79, 1, 1, 1
431, 2, 1296, 340, 27, 79, 1, 1, 1
432, 2, 1297, 338, 26, 79, 1, 1, 1
433, 2, 1299, 338, 23, 79, 1, 1, 1
434, 2, 1300, 339, 23, 79, 1, 1, 1
435, 2, 1299, 338, 25, 78, 1, 1, 1
436, 2, 1298, 338, 25, 77, 1, 1, 1
437, 2, 1299, 338, 25, 78, 1, 1, 1
438, 2, 1299, 339, 25, 77, 1, 1, 1
439, 2, 1300, 338, 24, 78, 1, 1, 1
440, 2, 1299, 338, 25, 79, 1, 1, 1
441, 2, 1298, 336, 26, 80, 1, 1, 1
442, 2, 1297, 336, 27, 81, 1, 1, 1
443, 2, 1297, 337, 27, 81, 1, 1, 1
444, 2, 1297, 336, 26, 81, 1, 1, 1
445, 2, 1297, 335, 27, 82, 1, 1, 1
446, 2, 1297, 335, 27, 82, 1, 1, 1
447, 2, 1297, 337, 27, 79, 1, 1, 1
448, 2, 1297, 336, 27, 81, 1, 1, 1
449, 2, 1296, 335, 27, 82, 1, 1, 1
450, 2, 1296, 335, 27, 81, 1, 1, 1
451, 2, 1296, 335, 27, 82, 1, 1, 1
452, 2, 1296, 336, 26, 80, 1, 1, 1
453, 2, 1295, 334, 27, 81, 1, 1, 1
454, 2, 1293, 336, 28, 80, 1, 1, 1
455, 2, 1293, 336, 27, 80, 1, 1, 1
456, 2, 1294, 336, 26, 81, 1, 1, 1
457, 2, 1292, 336, 26, 80, 1, 1, 1
458, 2, 1291, 335, 27, 80, 1, 1, 1
459, 2, 1291, 337, 27, 79, 1, 1, 1
460, 2, 1290, 338, 28, 79, 1, 1, 1
461, 2, 1290, 337, 27, 79, 1, 1, 1
462, 2, 1289, 338, 28, 79, 1, 1, 1
463, 2, 1288, 338, 27, 79, 1, 1, 1
464, 2, 1288, 339, 28, 78, 1, 1, 1
465, 2, 1288, 340, 26, 79, 1, 1, 1
466, 2, 1285, 341, 26, 77, 1, 1, 1
467, 2, 1286, 341, 27, 79, 1, 1, 1
468, 2, 1287, 343, 25, 78, 1, 1, 1
469, 2, 1284, 341, 27, 79, 1, 1, 1
470, 2, 1285, 343, 26, 78, 1, 1, 1
471, 2, 1284, 341, 27, 79, 1, 1, 1
472, 2, 1285, 340, 25, 78, 1, 1, 1
473, 2, 1284, 341, 27, 78, 1, 1, 1
474, 2, 1283, 340, 25, 78, 1, 1, 1
475, 2, 1282, 340, 27, 78, 1, 1, 1
476, 2, 1281, 339, 27, 79, 1, 1, 1
477, 2, 1280, 338, 27, 80, 1, 1, 1
478, 2, 1280, 339, 27, 79, 1, 1, 1
479, 2, 1280, 338, 26, 79, 1, 1, 1
480, 2, 1276, 337, 28, 81, 1, 1, 1
481, 2, 1278, 338, 28, 80, 1, 1, 1
482, 2, 1276, 337, 29, 81, 1, 1, 1
483, 2, 1275, 335, 29, 81, 1, 1, 1
484, 2, 1276, 335, 28, 82, 1, 1, 1
485, 2, 1275, 337, 28, 80, 1, 1, 1
486, 2, 1274, 335, 28, 82, 1, 1, 1
487, 2, 1274, 336, 28, 81, 1, 1, 1
488, 2, 1273, 336, 28, 79, 1, 1, 1
489, 2, 1272, 336, 28, 80, 1, 1, 1
490, 2, 1272, 338, 28, 80, 1, 1, 1
491, 2, 1274, 336, 24, 80, 1, 1, 1
492, 2, 1274, 337, 23, 80, 1, 1, 1
493, 2, 1273, 336, 23, 81, 1, 1, 1
494, 2, 1273, 335, 24, 80, 1, 1, 1
495, 2, 1272, 337, 24, 80, 1, 1, 1
496, 2, 1271, 337, 24, 80, 1, 1, 1
497, 2, 1270, 335, 22, 81, 1, 1, 1
498, 2, 1271, 336, 23, 81, 1, 1, 1
499, 2, 1269, 335, 23, 81, 1, 1, 1
500, 2, 1270, 335, 22, 81, 1, 1, 1
501, 2, 1268, 335, 23, 81, 1, 1, 1
502, 2, 1268, 336, 23, 80, 1, 1, 1
503, 2, 1268, 336, 24, 80, 1, 1, 1
504, 2, 1268, 335, 23, 80, 1, 1, 1
505, 2, 1266, 333, 24, 79, 1, 1, 1
506, 2, 1269, 335, 23, 80, 1, 1, 1
507, 2, 1267, 336, 24, 80, 1, 1, 1
508, 2, 1267, 332, 25, 84, 1, 1, 1
509, 2, 1269, 334, 23, 79, 1, 1, 1
510, 2, 1268, 335, 23, 80, 1, 1, 1
511, 2, 1269, 335, 24, 81, 1, 1, 1
512, 2, 1269, 336, 24, 80, 1, 1, 1
513, 2, 1267, 335, 23, 78, 1, 1, 1
514, 2, 1269, 335, 23, 78, 1, 1, 1
515, 2, 1267, 337, 24, 79, 1, 1, 1
516, 2, 1266, 337, 24, 79, 1, 1, 1
517, 2, 1267, 336, 24, 80, 1, 1, 1
518, 2, 1266, 337, 23, 79, 1, 1, 1
519, 2, 1266, 338, 22, 77, 1, 1, 1
520, 2, 1267, 339, 23, 78, 1, 1, 1
521, 2, 1265, 339, 22, 78, 1, 1, 1
522, 2, 1266, 337, 22, 79, 1, 1, 1
523, 2, 1266, 338, 23, 78, 1, 1, 1
524, 2, 1266, 339, 22, 77, 1, 1, 1
525, 2, 1267, 337, 22, 80, 1, 1, 1
526, 2, 1266, 337, 23, 79, 1, 1, 1
527, 2, 1264, 336, 21, 78, 1, 1, 1
528, 2, 1266, 338, 22, 79, 1, 1, 1
529, 2, 1265, 340, 22, 77, 1, 1, 1
530, 2, 1262, 336, 23, 80, 1, 1, 1
531, 2, 1263, 335, 22, 80, 1, 1, 1
532, 2, 1264, 339, 22, 77, 1, 1, 1
533, 2, 1261, 337, 23, 80, 1, 1, 1
534, 2, 1263, 337, 23, 79, 1, 1, 1
535, 2, 1260, 335, 23, 81, 1, 1, 1
536, 2, 1261, 340, 23, 77, 1, 1, 1
537, 2, 1262, 338, 22, 79, 1, 1, 1
538, 2, 1259, 337, 23, 80, 1, 1, 1
539, 2, 1261, 338, 20, 79, 1, 1, 1
540, 2, 1261, 336, 22, 82, 1, 1, 1
541, 2, 1258, 337, 22, 81, 1, 1, 1
542, 2, 1259, 339, 23, 79, 1, 1, 1
543, 2, 1258, 337, 21, 80, 1, 1, 1
544, 2, 1257, 336, 22, 80, 1, 1, 1
545, 2, 1257, 337, 22, 81, 1, 1, 1
546, 2, 1258, 337, 22, 81, 1, 1, 1
547, 2, 1256, 336, 22, 79, 1, 1, 1
548, 2, 1256, 336, 22, 80, 1, 1, 1
549, 2, 1254, 335, 24, 80, 1, 1, 1
550, 2, 1258, 335, 20, 82, 1, 1, 1
551, 2, 1255, 336, 23, 80, 1, 1, 1
552, 2, 1255, 333, 21, 79, 1, 1, 1
553, 2, 1250, 337, 27, 79, 1, 1, 1
554, 2, 1250, 336, 28, 81, 1, 1, 1
555, 2, 1248, 335, 28, 77, 1, 1, 1
556, 2, 1251, 335, 25, 78, 1, 1, 1
557, 2, 1251, 334, 25, 79, 1, 1, 1
558, 2, 1252, 334, 25, 80, 1, 1, 1
559, 2, 1252, 338, 24, 76, 1, 1, 1
560, 2, 1251, 336, 23, 74, 1, 1, 1
561, 2, 1251, 335, 24, 78, 1, 1, 1
562, 2, 1252, 338, 23, 78, 1, 1, 1
563, 2, 1251, 336, 23, 78, 1, 1, 1
564, 2, 1251, 336, 24, 79, 1, 1, 1
565, 2, 1251, 339, 23, 77, 1, 1, 1
566, 2, 1251, 337, 22, 78, 1, 1, 1
567, 2, 1252, 340, 23, 78, 1, 1, 1
568, 2, 1249, 340, 23, 77, 1, 1, 1
569, 2, 1249, 339, 23, 75, 1, 1, 1
570, 2, 1252, 340, 22, 79, 1, 1, 1
571, 2, 1250, 342, 22, 76, 1, 1, 1
572, 2, 1251, 341, 21, 77, 1, 1, 1
573, 2, 1250, 341, 23, 77, 1, 1, 1
574, 2, 1248, 340, 21, 78, 1, 1, 1
575, 2, 1253, 343, 20, 75, 1, 1, 1
576, 2, 1252, 343, 20, 75, 1, 1, 1
577, 2, 1246, 338, 24, 79, 1, 1, 1
578, 2, 1248, 339, 25, 79, 1, 1, 1
579, 2, 1250, 341, 23, 77, 1, 1, 1
580, 2, 1246, 338, 25, 79, 1, 1, 1
581, 2, 1250, 338, 23, 77, 1, 1, 1
582, 2, 1247, 337, 24, 78, 1, 1, 1
583, 2, 1249, 340, 24, 77, 1, 1, 1
584, 2, 1250, 340, 23, 78, 1, 1, 1
585, 2, 1248, 337, 24, 78, 1, 1, 1
586, 2, 1249, 337, 24, 79, 1, 1, 1
587, 2, 1252, 340, 22, 78, 1, 1, 1
588, 2, 1250, 337, 23, 79, 1, 1, 1
589, 2, 1253, 338, 21, 79, 1, 1, 1
590, 2, 1251, 337, 23, 78, 1, 1, 1
591, 2, 1249, 339, 26, 78, 1, 1, 1
592, 2, 1252, 341, 25, 77, 1, 1, 1
593, 2, 1251, 339, 26, 77, 1, 1, 1
594, 2, 1249, 340, 26, 76, 1, 1, 1
595, 2, 1251, 340, 27, 76, 1, 1, 1
596, 2, 1250, 341, 26, 76, 1, 1, 1
597, 2, 1250, 341, 28, 75, 1, 1, 1
598, 2, 1250, 340, 28, 76, 1, 1, 1
599, 2, 1246, 341, 31, 74, 1, 1, 1
600, 2, 1248, 342, 30, 74, 1, 1, 1
601, 2, 1250, 343, 29, 75, 1, 1, 1
602, 2, 1248, 341, 29, 74, 1, 1, 1
603, 2, 1249, 339, 30, 76, 1, 1, 1
604, 2, 1249, 341, 29, 75, 1, 1, 1
605, 2, 1249, 342, 30, 74, 1, 1, 1
606, 2, 1249, 341, 30, 75, 1, 1, 1
607, 2, 1249, 340, 30, 75, 1, 1, 1
608, 2, 1250, 340, 30, 76, 1, 1, 1
609, 2, 1251, 340, 31, 77, 1, 1, 1
610, 2, 1249, 338, 30, 76, 1, 1, 1
611, 2, 1249, 339, 31, 74, 1, 1, 1
612, 2, 1251, 341, 30, 75, 1, 1, 1
613, 2, 1250, 341, 31, 75, 1, 1, 1
614, 2, 1252, 341, 31, 74, 1, 1, 1
615, 2, 1251, 340, 31, 75, 1, 1, 1
616, 2, 1251, 339, 31, 76, 1, 1, 1
617, 2, 1252, 341, 32, 75, 1, 1, 1
618, 2, 1253, 342, 30, 74, 1, 1, 1
619, 2, 1253, 341, 31, 75, 1, 1, 1
620, 2, 1255, 342, 30, 74, 1, 1, 1
621, 2, 1255, 342, 30, 74, 1, 1, 1
622, 2, 1258, 343, 30, 75, 1, 1, 1
623, 2, 1258, 341, 31, 76, 1, 1, 1
624, 2, 1256, 340, 32, 76, 1, 1, 1
625, 2, 1259, 340, 31, 78, 1, 1, 1
626, 2, 1260, 342, 32, 76, 1, 1, 1
627, 2, 1261, 340, 30, 78, 1, 1, 1
628, 2, 1264, 337, 29, 79, 1, 1, 1
629, 2, 1264, 337, 29, 79, 1, 1, 1
630, 2, 1264, 338, 29, 78, 1, 1, 1
631, 2, 1266, 338, 29, 78, 1, 1, 1
632, 2, 1267, 336, 27, 76, 1, 1, 1
633, 2, 1267, 336, 28, 74, 1, 1, 1
634, 2, 1268, 338, 30, 77, 1, 1, 1
635, 2, 1268, 337, 29, 75, 1, 1, 1
636, 2, 1269, 337, 29, 77, 1, 1, 1
637, 2, 1269, 336, 30, 77, 1, 1, 1
638, 2, 1270, 336, 29, 78, 1, 1, 1
639, 2, 1272, 338, 29, 78, 1, 1, 1
640, 2, 1273, 338, 28, 75, 1, 1, 1
641, 2, 1270, 336, 31, 75, 1, 1, 1
642, 2, 1272, 339, 32, 74, 1, 1, 1
643, 2, 1274, 339, 32, 73, 1, 1, 1
644, 2, 1281, 335, 30, 75, 1, 1, 1
645, 2, 1284, 331, 29, 75, 1, 1, 1
646, 2, 1285, 336, 31, 74, 1, 1, 1
647, 2, 1285, 337, 30, 75, 1, 1, 1
648, 2, 1291, 336, 31, 76, 1, 1, 1
649, 2, 1291, 330, 31, 75, 1, 1, 1
650, 2, 1297, 330, 30, 75, 1, 1, 1
651, 2, 1296, 335, 31, 74, 1, 1, 1
652, 2, 1301, 336, 32, 75, 1, 1, 1
653, 2, 1305, 332, 31, 75, 1, 1, 1
654, 2, 1306, 331, 30, 74, 1, 1, 1
655, 2, 1309, 330, 31, 75, 1, 1, 1
656, 2, 1312, 335, 33, 77, 1, 1, 1
657, 2, 1316, 335, 31, 73, 1, 1, 1
658, 2, 1318, 329, 31, 74, 1, 1, 1
659, 2, 1320, 331, 32, 75, 1, 1, 1
660, 2, 1327, 333, 30, 73, 1, 1, 1
661, 2, 1331, 332, 29, 74, 1, 1, 1
662, 2, 1333, 331, 29, 74, 1, 1, 1
663, 2, 1331, 328, 31, 71, 1, 1, 1
664, 2, 1340, 334, 31, 73, 1, 1, 1
665, 2, 1342, 330, 30, 74, 1, 1, 1
666, 2, 1343, 328, 31, 71, 1, 1, 1
667, 2, 1344, 328, 31, 73, 1, 1, 1
668, 2, 1351, 332, 31, 75, 1, 1, 1
669, 2, 1354, 334, 31, 74, 1, 1, 1
670, 2, 1355, 330, 32, 72, 1, 1, 1
671, 2, 1356, 327, 29, 71, 1, 1, 1
672, 2, 1362, 330, 30, 75, 1, 1, 1
673, 2, 1365, 333, 31, 73, 1, 1, 1
674, 2, 1365, 331, 31, 73, 1, 1, 1
675, 2, 1365, 324, 31, 75, 1, 1, 1
676, 2, 1370, 329, 31, 72, 1, 1, 1
677, 2, 1375, 332, 30, 75, 1, 1, 1
678, 2, 1378, 332, 30, 75, 1, 1, 1
679, 2, 1375, 329, 31, 73, 1, 1, 1
680, 2, 1378, 330, 31, 73, 1, 1, 1
681, 2, 1386, 335, 30, 74, 1, 1, 1
682, 2, 1386, 334, 31, 74, 1, 1, 1
683, 2, 1387, 328, 29, 71, 1, 1, 1
684, 2, 1388, 328, 31, 73, 1, 1, 1
685, 2, 1392, 334, 29, 74, 1, 1, 1
686, 2, 1395, 334, 30, 76, 1, 1, 1
687, 2, 1396, 331, 30, 75, 1, 1, 1
688, 2, 1396, 328, 30, 74, 1, 1, 1
689, 2, 1402, 332, 29, 75, 1, 1, 1
690, 2, 1405, 334, 28, 73, 1, 1, 1
691, 2, 1401, 329, 31, 75, 1, 1, 1
692, 2, 1403, 328, 31, 74, 1, 1, 1
693, 2, 1405, 331, 31, 75, 1, 1, 1
694, 2, 1409, 333, 29, 74, 1, 1, 1
695, 2, 1411, 332, 29, 75, 1, 1, 1
696, 2, 1408, 326, 31, 74, 1, 1, 1
697, 2, 1412, 328, 29, 75, 1, 1, 1
698, 2, 1415, 332, 29, 74, 1, 1, 1
699, 2, 1413, 330, 30, 74, 1, 1, 1
700, 2, 1414, 328, 29, 75, 1, 1, 1
701, 2, 1415, 328, 31, 73, 1, 1, 1
702, 2, 1419, 331, 29, 72, 1, 1, 1
703, 2, 1418, 331, 30, 73, 1, 1, 1
704, 2, 1418, 328, 30, 72, 1, 1, 1
705, 2, 1418, 326, 30, 74, 1, 1, 1
706, 2, 1421, 329, 32, 73, 1, 1, 1
707, 2, 1418, 329, 32, 74, 1, 1, 1
708, 2, 1418, 328, 31, 72, 1, 1, 1
709, 2, 1418, 328, 31, 72, 1, 1, 1
710, 2, 1420, 334, 30, 72, 1, 1, 1
711, 2, 1422, 336, 31, 73, 1, 1, 1
712, 2, 1422, 332, 31, 73, 1, 1, 1
713, 2, 1420, 325, 31, 75, 1, 1, 1
714, 2, 1423, 326, 30, 73, 1, 1, 1
715, 2, 1422, 334, 31, 71, 1, 1, 1
716, 2, 1423, 336, 31, 72, 1, 1, 1
717, 2, 1424, 331, 32, 74, 1, 1, 1
718, 2, 1424, 327, 32, 71, 1, 1, 1
719, 2, 1423, 324, 31, 74, 1, 1, 1
720, 2, 1424, 327, 29, 72, 1, 1, 1
721, 2, 1421, 334, 31, 69, 1, 1, 1
722, 2, 1422, 342, 32, 74, 1, 1, 1
723, 2, 1429, 342, 31, 74, 1, 1, 1
724, 2, 1425, 329, 32, 77, 1, 1, 1
725, 2, 1422, 320, 32, 76, 1, 1, 1
726, 2, 1421, 320, 31, 75, 1, 1, 1
727, 2, 1422, 337, 31, 72, 1, 1, 1
728, 2, 1425, 351, 33, 70, 1, 1, 1
729, 2, 1423, 340, 35, 76, 1, 1, 1
730, 2, 1423, 324, 33, 76, 1, 1, 1
731, 2, 1423, 319, 32, 75, 1, 1, 1
732, 2, 1424, 332, 30, 69, 1, 1, 1
733, 2, 1422, 350, 32, 69, 1, 1, 1
734, 2, 1426, 349, 32, 71, 1, 1, 1
735, 2, 1429, 332, 30, 74, 1, 1, 1
736, 2, 1428, 321, 30, 75, 1, 1, 1
737, 2, 1422, 319, 33, 74, 1, 1, 1
738, 2, 1420, 333, 32, 69, 1, 1, 1
739, 2, 1422, 340, 32, 75, 1, 1, 1
740, 2, 1426, 342, 30, 75, 1, 1, 1
741, 2, 1426, 334, 32, 71, 1, 1, 1
742, 2, 1427, 322, 31, 72, 1, 1, 1
743, 2, 1423, 320, 30, 73, 1, 1, 1
744, 2, 1422, 329, 31, 67, 1, 1, 1
745, 2, 1421, 340, 32, 73, 1, 1, 1
746, 2, 1422, 336, 32, 70, 1, 1, 1
747, 2, 1424, 328, 33, 73, 1, 1, 1
748, 2, 1428, 322, 32, 73, 1, 1, 1
749, 2, 1425, 326, 31, 68, 1, 1, 1
750, 2, 1422, 326, 31, 68, 1, 1, 1
1, 3, 1325, 365, 41, 81, 1, 1, 1
2, 3, 1325, 368, 41, 80, 1, 1, 1
3, 3, 1324, 370, 41, 78, 1, 1, 1
4, 3, 1323, 371, 42, 77, 1, 1, 1
5, 3, 1324, 369, 42, 79, 1, 1, 1
6, 3, 1323, 370, 41, 77, 1, 1, 1
7, 3, 1323, 370, 41, 77, 1, 1, 1
8, 3, 1321, 371, 43, 75, 1, 1, 1
9, 3, 1320, 376, 43, 71, 1, 1, 1
10, 3, 1319, 372, 44, 73, 1, 1, 1
11, 3, 1320, 371, 44, 74, 1, 1, 1
12, 3, 1321, 371, 42, 73, 1, 1, 1
13, 3, 1318, 372, 45, 73, 1, 1, 1
14, 3, 1317, 374, 45, 72, 1, 1, 1
15, 3, 1320, 372, 43, 75, 1, 1, 1
16, 3, 1320, 370, 42, 75, 1, 1, 1
17, 3, 1322, 370, 42, 74, 1, 1, 1
18, 3, 1321, 372, 42, 73, 1, 1, 1
19, 3, 1319, 371, 43, 74, 1, 1, 1
20, 3, 1321, 373, 40, 74, 1, 1, 1
21, 3, 1321, 372, 39, 73, 1, 1, 1
22, 3, 1322, 371, 41, 74, 1, 1, 1
23, 3, 1320, 370, 42, 75, 1, 1, 1
24, 3, 1321, 370, 42, 73, 1, 1, 1
25, 3, 1319, 369, 44, 73, 1, 1, 1
26, 3, 1321, 371, 41, 73, 1, 1, 1
27, 3, 1320, 371, 41, 74, 1, 1, 1
28, 3, 1320, 372, 40, 73, 1, 1, 1
29, 3, 1319, 369, 40, 75, 1, 1, 1
30, 3, 1317, 373, 43, 71, 1, 1, 1
31, 3, 1318, 371, 40, 73, 1, 1, 1
32, 3, 1317, 374, 41, 72, 1, 1, 1
33, 3, 1316, 375, 42, 72, 1, 1, 1
34, 3, 1315, 373, 42, 73, 1, 1, 1
35, 3, 1315, 370, 41, 73, 1, 1, 1
36, 3, 1315, 370, 43, 75, 1, 1, 1
37, 3, 1316, 371, 43, 74, 1, 1, 1
38, 3, 1315, 370, 44, 76, 1, 1, 1
39, 3, 1316, 366, 42, 79, 1, 1, 1
40, 3, 1316, 366, 42, 79, 1, 1, 1
41, 3, 1314, 363, 43, 81, 1, 1, 1
42, 3, 1315, 363, 42, 82, 1, 1, 1
43, 3, 1314, 363, 42, 81, 1, 1, 1
44, 3, 1314, 364, 42, 80, 1, 1, 1
45, 3, 1315, 364, 41, 82, 1, 1, 1
46, 3, 1314, 363, 41, 82, 1, 1, 1
47, 3, 1314, 362, 41, 82, 1, 1, 1
48, 3, 1314, 361, 42, 83, 1, 1, 1
49, 3, 1314, 362, 41, 82, 1, 1, 1
50, 3, 1313, 362, 42, 82, 1, 1, 1
51, 3, 1314, 362, 41, 81, 1, 1, 1
52, 3, 1315, 363, 38, 79, 1, 1, 1
53, 3, 1315, 362, 41, 82, 1, 1, 1
54, 3, 1315, 362, 40, 81, 1, 1, 1
55, 3, 1315, 362, 40, 81, 1, 1, 1
56, 3, 1314, 361, 40, 81, 1, 1, 1
57, 3, 1313, 362, 40, 79, 1, 1, 1
58, 3, 1314, 365, 39, 78, 1, 1, 1
59, 3, 1314, 363, 39, 79, 1, 1, 1
60, 3, 1314, 362, 40, 79, 1, 1, 1
61, 3, 1314, 361, 39, 80, 1, 1, 1
62, 3, 1315, 362, 39, 79, 1, 1, 1
63, 3, 1312, 364, 41, 79, 1, 1, 1
64, 3, 1312, 365, 41, 78, 1, 1, 1
65, 3, 1312, 362, 41, 80, 1, 1, 1
66, 3, 1314, 360, 40, 82, 1, 1, 1
67, 3, 1314, 358, 38, 81, 1, 1, 1
68, 3, 1316, 359, 38, 82, 1, 1, 1
69, 3, 1312, 360, 41, 83, 1, 1, 1
70, 3, 1315, 361, 37, 77, 1, 1, 1
71, 3, 1314, 359, 39, 81, 1, 1, 1
72, 3, 1315, 357, 37, 81, 1, 1, 1
73, 3, 1313, 357, 39, 84, 1, 1, 1
74, 3, 1315, 359, 37, 82, 1, 1, 1
75, 3, 1314, 360, 38, 82, 1, 1, 1
76, 3, 1318, 359, 35, 82, 1, 1, 1
77, 3, 1318, 357, 35, 84, 1, 1, 1
78, 3, 1319, 354, 33, 88, 1, 1, 1
79, 3, 1318, 355, 35, 86, 1, 1, 1
80, 3, 1318, 359, 35, 82, 1, 1, 1
81, 3, 1314, 362, 39, 81, 1, 1, 1
82, 3, 1317, 357, 35, 84, 1, 1, 1
83, 3, 1315, 357, 37, 84, 1, 1, 1
84, 3, 1315, 358, 38, 84, 1, 1, 1
85, 3, 1320, 360, 33, 80, 1, 1, 1
86, 3, 1320, 361, 32, 80, 1, 1, 1
87, 3, 1319, 361, 33, 80, 1, 1, 1
88, 3, 1320, 362, 33, 79, 1, 1, 1
89, 3, 1320, 358, 32, 82, 1, 1, 1
90, 3, 1320, 358, 33, 83, 1, 1, 1
91, 3, 1322, 358, 30, 84, 1, 1, 1
92, 3, 1322, 360, 30, 82, 1, 1, 1
93, 3, 1321, 358, 30, 82, 1, 1, 1
94, 3, 1322, 358, 29, 82, 1, 1, 1
95, 3, 1322, 359, 30, 81, 1, 1, 1
96, 3, 1322, 359, 31, 81, 1, 1, 1
97, 3, 1322, 358, 30, 81, 1, 1, 1
98, 3, 1322, 360, 31, 79, 1, 1, 1
99, 3, 1322, 359, 31, 83, 1, 1, 1
100, 3, 1326, 360, 27, 82, 1, 1, 1
101, 3, 1323, 357, 29, 83, 1, 1, 1
102, 3, 1324, 359, 29, 81, 1, 1, 1
103, 3, 1325, 360, 28, 80, 1, 1, 1
104, 3, 1325, 361, 27, 82, 1, 1, 1
105, 3, 1324, 361, 28, 80, 1, 1, 1
106, 3, 1326, 361, 27, 83, 1, 1, 1
107, 3, 1324, 360, 28, 82, 1, 1, 1
108, 3, 1324, 360, 29, 83, 1, 1, 1
109, 3, 1326, 361, 27, 77, 1, 1, 1
110, 3, 1326, 362, 27, 73, 1, 1, 1
111, 3, 1325, 363, 28, 71, 1, 1, 1
112, 3, 1325, 362, 28, 85, 1, 1, 1
113, 3, 1326, 363, 28, 85, 1, 1, 1
114, 3, 1325, 362, 29, 82, 1, 1, 1
115, 3, 1326, 356, 28, 86, 1, 1, 1
116, 3, 1327, 356, 27, 86, 1, 1, 1
117, 3, 1328, 362, 26, 86, 1, 1, 1
118, 3, 1328, 364, 26, 87, 1, 1, 1
119, 3, 1326, 362, 27, 88, 1, 1, 1
120, 3, 1326, 361, 28, 88, 1, 1, 1
121, 3, 1329, 360, 25, 88, 1, 1, 1
122, 3, 1329, 360, 25, 88, 1, 1, 1
123, 3, 1326, 362, 28, 88, 1, 1, 1
124, 3, 1321, 363, 33, 87, 1, 1, 1
125, 3, 1318, 363, 37, 87, 1, 1, 1
126, 3, 1327, 361, 28, 88, 1, 1, 1
127, 3, 1329, 359, 28, 88, 1, 1, 1
128, 3, 1328, 360, 28, 88, 1, 1, 1
129, 3, 1319, 363, 38, 87, 1, 1, 1
130, 3, 1328, 364, 28, 87, 1, 1, 1
131, 3, 1324, 362, 32, 88, 1, 1, 1
132, 3, 1327, 362, 29, 88, 1, 1, 1
133, 3, 1327, 360, 29, 90, 1, 1, 1
134, 3, 1329, 362, 27, 87, 1, 1, 1
135, 3, 1322, 363, 34, 87, 1, 1, 1
136, 3, 1329, 363, 27, 87, 1, 1, 1
137, 3, 1328, 363, 28, 87, 1, 1, 1
138, 3, 1330, 363, 26, 88, 1, 1, 1
139, 3, 1320, 364, 35, 87, 1, 1, 1
140, 3, 1322, 363, 34, 88, 1, 1, 1
141, 3, 1331, 362, 25, 89, 1, 1, 1
142, 3, 1330, 359, 26, 92, 1, 1, 1
143, 3, 1332, 357, 25, 89, 1, 1, 1
144, 3, 1331, 359, 25, 89, 1, 1, 1
145, 3, 1330, 360, 25, 91, 1, 1, 1
146, 3, 1330, 362, 25, 89, 1, 1, 1
147, 3, 1329, 361, 25, 89, 1, 1, 1
148, 3, 1328, 359, 26, 90, 1, 1, 1
149, 3, 1328, 360, 27, 91, 1, 1, 1
150, 3, 1327, 362, 28, 90, 1, 1, 1
151, 3, 1327, 362, 28, 90, 1, 1, 1
152, 3, 1327, 358, 29, 93, 1, 1, 1
153, 3, 1328, 358, 31, 91, 1, 1, 1
154, 3, 1328, 359, 29, 92, 1, 1, 1
155, 3, 1328, 360, 31, 91, 1, 1, 1
156, 3, 1327, 361, 31, 90, 1, 1, 1
157, 3, 1326, 362, 34, 92, 1, 1, 1
158, 3, 1326, 358, 34, 93, 1, 1, 1
159, 3, 1327, 358, 33, 93, 1, 1, 1
160, 3, 1328, 358, 33, 93, 1, 1, 1
161, 3, 1328, 362, 33, 90, 1, 1, 1
162, 3, 1329, 362, 31, 91, 1, 1, 1
163, 3, 1329, 361, 32, 90, 1, 1, 1
164, 3, 1330, 360, 35, 90, 1, 1, 1
165, 3, 1331, 360, 35, 90, 1, 1, 1
166, 3, 1331, 362, 36, 90, 1, 1, 1
167, 3, 1331, 362, 35, 92, 1, 1, 1
168, 3, 1331, 362, 35, 92, 1, 1, 1
169, 3, 1332, 364, 36, 88, 1, 1, 1
170, 3, 1334, 364, 35, 89, 1, 1, 1
171, 3, 1334, 365, 36, 88, 1, 1, 1
172, 3, 1334, 363, 38, 90, 1, 1, 1
173, 3, 1335, 364, 37, 90, 1, 1, 1
174, 3, 1336, 363, 36, 91, 1, 1, 1
175, 3, 1336, 363, 37, 90, 1, 1, 1
176, 3, 1336, 359, 37, 95, 1, 1, 1
177, 3, 1336, 363, 38, 91, 1, 1, 1
178, 3, 1337, 361, 38, 93, 1, 1, 1
179, 3, 1337, 364, 38, 91, 1, 1, 1
180, 3, 1338, 364, 36, 90, 1, 1, 1
181, 3, 1338, 362, 36, 91, 1, 1, 1
182, 3, 1338, 362, 36, 91, 1, 1, 1
183, 3, 1336, 364, 39, 91, 1, 1, 1
184, 3, 1336, 364, 38, 88, 1, 1, 1
185, 3, 1335, 365, 39, 90, 1, 1, 1
186, 3, 1335, 363, 39, 92, 1, 1, 1
187, 3, 1337, 362, 38, 89, 1, 1, 1
188, 3, 1336, 364, 39, 91, 1, 1, 1
189, 3, 1337, 364, 37, 90, 1, 1, 1
190, 3, 1337, 364, 38, 89, 1, 1, 1
191, 3, 1335, 368, 39, 89, 1, 1, 1
192, 3, 1336, 366, 38, 83, 1, 1, 1
193, 3, 1336, 367, 40, 86, 1, 1, 1
194, 3, 1336, 368, 39, 87, 1, 1, 1
195, 3, 1338, 371, 38, 86, 1, 1, 1
196, 3, 1337, 372, 39, 84, 1, 1, 1
197, 3, 1337, 374, 40, 84, 1, 1, 1
198, 3, 1338, 375, 39, 86, 1, 1, 1
199, 3, 1340, 373, 38, 87, 1, 1, 1
200, 3, 1339, 374, 39, 87, 1, 1, 1
201, 3, 1341, 375, 38, 86, 1, 1, 1
202, 3, 1341, 375, 38, 87, 1, 1, 1
203, 3, 1341, 379, 37, 83, 1, 1, 1
204, 3, 1344, 378, 35, 84, 1, 1, 1
205, 3, 1343, 377, 36, 84, 1, 1, 1
206, 3, 1344, 378, 35, 84, 1, 1, 1
207, 3, 1344, 380, 35, 82, 1, 1, 1
208, 3, 1344, 379, 36, 84, 1, 1, 1
209, 3, 1344, 382, 38, 82, 1, 1, 1
210, 3, 1344, 381, 39, 84, 1, 1, 1
211, 3, 1342, 384, 37, 84, 1, 1, 1
212, 3, 1343, 387, 38, 82, 1, 1, 1
213, 3, 1345, 391, 39, 77, 1, 1, 1
214, 3, 1343, 389, 39, 79, 1, 1, 1
215, 3, 1346, 389, 39, 77, 1, 1, 1
216, 3, 1346, 389, 42, 80, 1, 1, 1
217, 3, 1346, 388, 42, 82, 1, 1, 1
218, 3, 1346, 385, 42, 84, 1, 1, 1
219, 3, 1345, 385, 38, 82, 1, 1, 1
220, 3, 1346, 385, 38, 82, 1, 1, 1
221, 3, 1345, 386, 38, 84, 1, 1, 1
222, 3, 1345, 387, 37, 84, 1, 1, 1
223, 3, 1346, 388, 37, 84, 1, 1, 1
224, 3, 1347, 388, 35, 84, 1, 1, 1
225, 3, 1347, 388, 35, 84, 1, 1, 1
226, 3, 1347, 390, 37, 83, 1, 1, 1
227, 3, 1347, 387, 36, 86, 1, 1, 1
228, 3, 1347, 389, 35, 85, 1, 1, 1
229, 3, 1345, 390, 39, 85, 1, 1, 1
230, 3, 1345, 390, 41, 85, 1, 1, 1
231, 3, 1348, 389, 36, 84, 1, 1, 1
232, 3, 1349, 391, 37, 83, 1, 1, 1
233, 3, 1350, 392, 37, 84, 1, 1, 1
234, 3, 1351, 393, 37, 83, 1, 1, 1
235, 3, 1351, 392, 36, 85, 1, 1, 1
236, 3, 1353, 393, 35, 85, 1, 1, 1
237, 3, 1353, 394, 35, 83, 1, 1, 1
238, 3, 1354, 396, 35, 85, 1, 1, 1
239, 3, 1354, 394, 35, 86, 1, 1, 1
240, 3, 1354, 394, 34, 86, 1, 1, 1
241, 3, 1353, 394, 37, 88, 1, 1, 1
242, 3, 1355, 394, 36, 88, 1, 1, 1
243, 3, 1355, 393, 35, 89, 1, 1, 1
244, 3, 1355, 394, 36, 89, 1, 1, 1
245, 3, 1356, 393, 35, 89, 1, 1, 1
246, 3, 1355, 393, 35, 90, 1, 1, 1
247, 3, 1355, 395, 36, 89, 1, 1, 1
248, 3, 1356, 395, 36, 88, 1, 1, 1
249, 3, 1355, 396, 36, 88, 1, 1, 1
250, 3, 1356, 396, 36, 88, 1, 1, 1
251, 3, 1356, 396, 36, 88, 1, 1, 1
252, 3, 1357, 399, 35, 85, 1, 1, 1
253, 3, 1356, 398, 36, 87, 1, 1, 1
254, 3, 1358, 398, 35, 86, 1, 1, 1
255, 3, 1357, 399, 36, 83, 1, 1, 1
256, 3, 1359, 399, 34, 85, 1, 1, 1
257, 3, 1357, 399, 36, 86, 1, 1, 1
258, 3, 1358, 398, 35, 87, 1, 1, 1
259, 3, 1358, 399, 34, 86, 1, 1, 1
260, 3, 1359, 398, 33, 88, 1, 1, 1
261, 3, 1358, 400, 34, 87, 1, 1, 1
262, 3, 1359, 400, 34, 87, 1, 1, 1
263, 3, 1361, 401, 33, 85, 1, 1, 1
264, 3, 1361, 401, 33, 85, 1, 1, 1
265, 3, 1362, 401, 32, 84, 1, 1, 1
266, 3, 1362, 401, 32, 85, 1, 1, 1
267, 3, 1362, 401, 32, 86, 1, 1, 1
268, 3, 1363, 400, 31, 88, 1, 1, 1
269, 3, 1362, 402, 32, 85, 1, 1, 1
270, 3, 1362, 402, 32, 85, 1, 1, 1
271, 3, 1363, 404, 32, 84, 1, 1, 1
272, 3, 1364, 406, 32, 84, 1, 1, 1
273, 3, 1364, 405, 31, 82, 1, 1, 1
274, 3, 1365, 403, 32, 85, 1, 1, 1
275, 3, 1365, 403, 31, 84, 1, 1, 1
276, 3, 1367, 405, 31, 83, 1, 1, 1
277, 3, 1367, 406, 32, 82, 1, 1, 1
278, 3, 1367, 405, 31, 84, 1, 1, 1
279, 3, 1368, 404, 31, 84, 1, 1, 1
280, 3, 1370, 404, 31, 83, 1, 1, 1
281, 3, 1370, 404, 30, 84, 1, 1, 1
282, 3, 1371, 405, 31, 84, 1, 1, 1
283, 3, 1370, 405, 32, 84, 1, 1, 1
284, 3, 1371, 406, 31, 84, 1, 1, 1
285, 3, 1371, 407, 32, 82, 1, 1, 1
286, 3, 1372, 406, 32, 83, 1, 1, 1
287, 3, 1370, 405, 34, 83, 1, 1, 1
288, 3, 1370, 405, 35, 84, 1, 1, 1
289, 3, 1374, 406, 31, 84, 1, 1, 1
290, 3, 1375, 406, 30, 84, 1, 1, 1
291, 3, 1370, 404, 36, 83, 1, 1, 1
292, 3, 1370, 407, 36, 81, 1, 1, 1
293, 3, 1368, 410, 38, 77, 1, 1, 1
294, 3, 1371, 407, 35, 83, 1, 1, 1
295, 3, 1373, 406, 33, 81, 1, 1, 1
296, 3, 1375, 403, 32, 86, 1, 1, 1
297, 3, 1374, 404, 32, 85, 1, 1, 1
298, 3, 1375, 405, 33, 85, 1, 1, 1
299, 3, 1375, 403, 31, 85, 1, 1, 1
300, 3, 1375, 403, 32, 87, 1, 1, 1
301, 3, 1375, 404, 32, 86, 1, 1, 1
302, 3, 1375, 403, 32, 84, 1, 1, 1
303, 3, 1376, 407, 31, 82, 1, 1, 1
304, 3, 1376, 402, 32, 85, 1, 1, 1
305, 3, 1376, 401, 32, 85, 1, 1, 1
306, 3, 1376, 404, 32, 85, 1, 1, 1
307, 3, 1376, 401, 32, 85, 1, 1, 1
308, 3, 1378, 400, 31, 84, 1, 1, 1
309, 3, 1377, 400, 32, 84, 1, 1, 1
310, 3, 1378, 402, 32, 84, 1, 1, 1
311, 3, 1380, 400, 30, 85, 1, 1, 1
312, 3, 1380, 398, 31, 87, 1, 1, 1
313, 3, 1379, 398, 31, 87, 1, 1, 1
314, 3, 1380, 398, 31, 86, 1, 1, 1
315, 3, 1381, 404, 30, 85, 1, 1, 1
316, 3, 1383, 401, 30, 87, 1, 1, 1
317, 3, 1382, 398, 32, 87, 1, 1, 1
318, 3, 1384, 399, 31, 87, 1, 1, 1
319, 3, 1385, 399, 30, 88, 1, 1, 1
320, 3, 1386, 400, 30, 87, 1, 1, 1
321, 3, 1386, 402, 30, 85, 1, 1, 1
322, 3, 1387, 401, 30, 83, 1, 1, 1
323, 3, 1388, 403, 30, 84, 1, 1, 1
324, 3, 1388, 401, 31, 85, 1, 1, 1
325, 3, 1388, 402, 31, 85, 1, 1, 1
326, 3, 1389, 402, 30, 85, 1, 1, 1
327, 3, 1391, 403, 29, 83, 1, 1, 1
328, 3, 1392, 402, 29, 86, 1, 1, 1
329, 3, 1392, 400, 29, 86, 1, 1, 1
330, 3, 1393, 402, 28, 84, 1, 1, 1
331, 3, 1394, 402, 29, 85, 1, 1, 1
332, 3, 1394, 405, 29, 85, 1, 1, 1
333, 3, 1396, 404, 27, 85, 1, 1, 1
334, 3, 1396, 400, 29, 87, 1, 1, 1
335, 3, 1396, 402, 29, 86, 1, 1, 1
336, 3, 1397, 404, 29, 85, 1, 1, 1
337, 3, 1398, 403, 29, 85, 1, 1, 1
338, 3, 1397, 404, 29, 85, 1, 1, 1
339, 3, 1399, 406, 29, 82, 1, 1, 1
340, 3, 1400, 407, 30, 84, 1, 1, 1
341, 3, 1401, 408, 32, 79, 1, 1, 1
342, 3, 1401, 409, 32, 77, 1, 1, 1
343, 3, 1402, 409, 32, 80, 1, 1, 1
344, 3, 1403, 408, 32, 78, 1, 1, 1
345, 3, 1405, 409, 32, 76, 1, 1, 1
346, 3, 1404, 410, 33, 78, 1, 1, 1
347, 3, 1404, 412, 33, 77, 1, 1, 1
348, 3, 1405, 410, 32, 76, 1, 1, 1
349, 3, 1406, 411, 32, 77, 1, 1, 1
350, 3, 1405, 410, 33, 77, 1, 1, 1
351, 3, 1405, 410, 33, 79, 1, 1, 1
352, 3, 1405, 410, 33, 78, 1, 1, 1
353, 3, 1407, 408, 32, 78, 1, 1, 1
354, 3, 1408, 410, 33, 78, 1, 1, 1
355, 3, 1406, 410, 33, 77, 1, 1, 1
356, 3, 1408, 410, 33, 76, 1, 1, 1
357, 3, 1410, 411, 31, 78, 1, 1, 1
358, 3, 1409, 412, 30, 79, 1, 1, 1
359, 3, 1411, 411, 32, 80, 1, 1, 1
360, 3, 1411, 409, 33, 80, 1, 1, 1
361, 3, 1414, 413, 30, 77, 1, 1, 1
362, 3, 1416, 411, 33, 77, 1, 1, 1
363, 3, 1418, 411, 33, 77, 1, 1, 1
364, 3, 1419, 410, 35, 77, 1, 1, 1
365, 3, 1422, 410, 33, 75, 1, 1, 1
366, 3, 1425, 413, 29, 74, 1, 1, 1
367, 3, 1425, 413, 32, 74, 1, 1, 1
368, 3, 1431, 414, 26, 72, 1, 1, 1
369, 3, 1431, 415, 28, 73, 1, 1, 1
370, 3, 1432, 415, 28, 71, 1, 1, 1
371, 3, 1435, 413, 30, 75, 1, 1, 1
372, 3, 1434, 414, 31, 75, 1, 1, 1
373, 3, 1436, 413, 31, 77, 1, 1, 1
374, 3, 1437, 412, 33, 78, 1, 1, 1
375, 3, 1440, 413, 29, 78, 1, 1, 1
376, 3, 1440, 411, 29, 78, 1, 1, 1
377, 3, 1441, 412, 30, 78, 1, 1, 1
378, 3, 1441, 414, 29, 78, 1, 1, 1
379, 3, 1442, 414, 29, 78, 1, 1, 1
380, 3, 1442, 416, 30, 74, 1, 1, 1
381, 3, 1445, 417, 29, 71, 1, 1, 1
382, 3, 1446, 415, 33, 73, 1, 1, 1
383, 3, 1448, 417, 30, 72, 1, 1, 1
384, 3, 1447, 419, 30, 72, 1, 1, 1
385, 3, 1449, 418, 32, 72, 1, 1, 1
386, 3, 1449, 420, 32, 70, 1, 1, 1
387, 3, 1449, 424, 36, 67, 1, 1, 1
388, 3, 1451, 422, 34, 68, 1, 1, 1
389, 3, 1451, 431, 34, 60, 1, 1, 1
390, 3, 1452, 432, 32, 59, 1, 1, 1
391, 3, 1453, 429, 41, 63, 1, 1, 1
392, 3, 1453, 428, 49, 65, 1, 1, 1
393, 3, 1454, 431, 52, 62, 1, 1, 1
394, 3, 1454, 430, 53, 63, 1, 1, 1
395, 3, 1455, 433, 44, 63, 1, 1, 1
396, 3, 1454, 434, 44, 62, 1, 1, 1
397, 3, 1456, 435, 47, 59, 1, 1, 1
398, 3, 1456, 437, 48, 59, 1, 1, 1
399, 3, 1455, 438, 48, 57, 1, 1, 1
400, 3, 1457, 437, 47, 57, 1, 1, 1
401, 3, 1457, 439, 47, 57, 1, 1, 1
402, 3, 1457, 439, 46, 56, 1, 1, 1
403, 3, 1458, 442, 45, 54, 1, 1, 1
404, 3, 1458, 443, 44, 54, 1, 1, 1
405, 3, 1458, 442, 44, 53, 1, 1, 1
406, 3, 1458, 443, 45, 52, 1, 1, 1
407, 3, 1459, 443, 39, 52, 1, 1, 1
408, 3, 1460, 445, 43, 49, 1, 1, 1
409, 3, 1461, 444, 45, 51, 1, 1, 1
410, 3, 1459, 444, 48, 50, 1, 1, 1
411, 3, 1462, 443, 44, 48, 1, 1, 1
412, 3, 1463, 443, 45, 52, 1, 1, 1
413, 3, 1461, 445, 45, 49, 1, 1, 1
414, 3, 1461, 443, 46, 52, 1, 1, 1
415, 3, 1460, 445, 46, 50, 1, 1, 1
416, 3, 1459, 447, 43, 48, 1, 1, 1
417, 3, 1461, 447, 42, 48, 1, 1, 1
418, 3, 1460, 450, 41, 46, 1, 1, 1
419, 3, 1459, 450, 45, 46, 1, 1, 1
420, 3, 1459, 452, 43, 45, 1, 1, 1
421, 3, 1460, 453, 44, 46, 1, 1, 1
422, 3, 1459, 453, 44, 45, 1, 1, 1
423, 3, 1461, 453, 48, 46, 1, 1, 1
424, 3, 1458, 453, 47, 47, 1, 1, 1
425, 3, 1461, 455, 49, 46, 1, 1, 1
426, 3, 1460, 453, 46, 48, 1, 1, 1
427, 3, 1461, 454, 49, 47, 1, 1, 1
428, 3, 1460, 453, 46, 46, 1, 1, 1
429, 3, 1461, 453, 49, 47, 1, 1, 1
430, 3, 1459, 454, 48, 45, 1, 1, 1
431, 3, 1461, 454, 47, 46, 1, 1, 1
432, 3, 1461, 452, 45, 45, 1, 1, 1
433, 3, 1461, 452, 45, 45, 1, 1, 1
434, 3, 1461, 452, 45, 46, 1, 1, 1
435, 3, 1462, 451, 43, 47, 1, 1, 1
436, 3, 1461, 451, 45, 46, 1, 1, 1
437, 3, 1462, 451, 44, 46, 1, 1, 1
438, 3, 1462, 451, 43, 46, 1, 1, 1
439, 3, 1462, 452, 43, 45, 1, 1, 1
440, 3, 1462, 452, 43, 44, 1, 1, 1
441, 3, 1461, 451, 49, 44, 1, 1, 1
442, 3, 1461, 453, 50, 44, 1, 1, 1
443, 3, 1461, 454, 50, 44, 1, 1, 1
444, 3, 1460, 453, 51, 43, 1, 1, 1
445, 3, 1460, 453, 51, 44, 1, 1, 1
446, 3, 1460, 453, 50, 44, 1, 1, 1
447, 3, 1460, 453, 51, 43, 1, 1, 1
448, 3, 1460, 453, 52, 44, 1, 1, 1
449, 3, 1460, 453, 51, 45, 1, 1, 1
450, 3, 1461, 452, 49, 45, 1, 1, 1
451, 3, 1459, 453, 53, 45, 1, 1, 1
452, 3, 1459, 453, 52, 44, 1, 1, 1
453, 3, 1462, 451, 48, 45, 1, 1, 1
454, 3, 1460, 452, 50, 44, 1, 1, 1
455, 3, 1460, 452, 50, 44, 1, 1, 1
456, 3, 1460, 452, 51, 44, 1, 1, 1
457, 3, 1460, 451, 48, 45, 1, 1, 1
458, 3, 1459, 450, 49, 44, 1, 1, 1
459, 3, 1459, 452, 49, 44, 1, 1, 1
460, 3, 1458, 453, 48, 44, 1, 1, 1
461, 3, 1458, 452, 48, 43, 1, 1, 1
462, 3, 1458, 454, 47, 41, 1, 1, 1
463, 3, 1456, 452, 49, 42, 1, 1, 1
464, 3, 1456, 454, 49, 42, 1, 1, 1
465, 3, 1453, 455, 51, 42, 1, 1, 1
466, 3, 1450, 454, 53, 42, 1, 1, 1
467, 3, 1454, 456, 50, 42, 1, 1, 1
468, 3, 1453, 458, 49, 42, 1, 1, 1
469, 3, 1452, 456, 48, 42, 1, 1, 1
470, 3, 1452, 457, 48, 42, 1, 1, 1
471, 3, 1450, 456, 49, 43, 1, 1, 1
472, 3, 1450, 455, 49, 43, 1, 1, 1
473, 3, 1449, 457, 50, 42, 1, 1, 1
474, 3, 1449, 456, 47, 42, 1, 1, 1
475, 3, 1449, 456, 48, 42, 1, 1, 1
476, 3, 1449, 455, 48, 44, 1, 1, 1
477, 3, 1447, 454, 49, 45, 1, 1, 1
478, 3, 1447, 455, 48, 44, 1, 1, 1
479, 3, 1446, 454, 49, 45, 1, 1, 1
480, 3, 1445, 453, 49, 44, 1, 1, 1
481, 3, 1446, 454, 48, 45, 1, 1, 1
482, 3, 1444, 454, 50, 45, 1, 1, 1
483, 3, 1444, 451, 49, 44, 1, 1, 1
484, 3, 1446, 450, 48, 45, 1, 1, 1
485, 3, 1443, 450, 50, 45, 1, 1, 1
486, 3, 1444, 448, 49, 47, 1, 1, 1
487, 3, 1443, 447, 51, 49, 1, 1, 1
488, 3, 1442, 443, 50, 51, 1, 1, 1
489, 3, 1440, 445, 52, 52, 1, 1, 1
490, 3, 1440, 447, 50, 52, 1, 1, 1
491, 3, 1441, 442, 48, 52, 1, 1, 1
492, 3, 1441, 444, 48, 52, 1, 1, 1
493, 3, 1439, 445, 50, 51, 1, 1, 1
494, 3, 1440, 438, 51, 55, 1, 1, 1
495, 3, 1439, 440, 49, 56, 1, 1, 1
496, 3, 1439, 437, 47, 58, 1, 1, 1
497, 3, 1437, 435, 49, 60, 1, 1, 1
498, 3, 1437, 436, 49, 61, 1, 1, 1
499, 3, 1438, 432, 48, 62, 1, 1, 1
500, 3, 1439, 430, 48, 62, 1, 1, 1
501, 3, 1437, 431, 47, 61, 1, 1, 1
502, 3, 1436, 431, 48, 61, 1, 1, 1
503, 3, 1438, 431, 44, 61, 1, 1, 1
504, 3, 1438, 431, 42, 60, 1, 1, 1
505, 3, 1437, 427, 42, 60, 1, 1, 1
506, 3, 1442, 429, 39, 62, 1, 1, 1
507, 3, 1438, 430, 43, 63, 1, 1, 1
508, 3, 1441, 428, 40, 63, 1, 1, 1
509, 3, 1441, 427, 40, 64, 1, 1, 1
510, 3, 1442, 427, 38, 65, 1, 1, 1
511, 3, 1442, 429, 36, 64, 1, 1, 1
512, 3, 1442, 429, 38, 64, 1, 1, 1
513, 3, 1441, 426, 36, 66, 1, 1, 1
514, 3, 1443, 427, 35, 65, 1, 1, 1
515, 3, 1440, 429, 38, 67, 1, 1, 1
516, 3, 1442, 429, 37, 65, 1, 1, 1
517, 3, 1442, 429, 36, 65, 1, 1, 1
518, 3, 1440, 429, 38, 67, 1, 1, 1
519, 3, 1440, 429, 37, 68, 1, 1, 1
520, 3, 1442, 433, 36, 66, 1, 1, 1
521, 3, 1439, 431, 35, 68, 1, 1, 1
522, 3, 1441, 431, 32, 67, 1, 1, 1
523, 3, 1441, 431, 36, 68, 1, 1, 1
524, 3, 1440, 430, 37, 69, 1, 1, 1
525, 3, 1440, 428, 37, 71, 1, 1, 1
526, 3, 1441, 429, 36, 69, 1, 1, 1
527, 3, 1439, 438, 36, 60, 1, 1, 1
528, 3, 1441, 438, 35, 62, 1, 1, 1
529, 3, 1440, 437, 36, 62, 1, 1, 1
530, 3, 1438, 432, 33, 65, 1, 1, 1
531, 3, 1439, 434, 31, 62, 1, 1, 1
532, 3, 1440, 437, 31, 59, 1, 1, 1
533, 3, 1437, 438, 33, 58, 1, 1, 1
534, 3, 1438, 438, 33, 58, 1, 1, 1
535, 3, 1435, 432, 32, 64, 1, 1, 1
536, 3, 1436, 437, 34, 59, 1, 1, 1
537, 3, 1438, 439, 32, 58, 1, 1, 1
538, 3, 1436, 436, 33, 60, 1, 1, 1
539, 3, 1434, 435, 34, 62, 1, 1, 1
540, 3, 1435, 438, 34, 59, 1, 1, 1
541, 3, 1438, 436, 28, 60, 1, 1, 1
542, 3, 1439, 438, 29, 58, 1, 1, 1
543, 3, 1437, 435, 29, 62, 1, 1, 1
544, 3, 1438, 435, 29, 60, 1, 1, 1
545, 3, 1438, 436, 28, 60, 1, 1, 1
546, 3, 1437, 438, 30, 58, 1, 1, 1
547, 3, 1437, 433, 28, 63, 1, 1, 1
548, 3, 1437, 433, 29, 64, 1, 1, 1
549, 3, 1436, 433, 30, 64, 1, 1, 1
550, 3, 1437, 434, 29, 63, 1, 1, 1
551, 3, 1436, 434, 30, 63, 1, 1, 1
552, 3, 1434, 432, 30, 62, 1, 1, 1
553, 3, 1435, 435, 30, 63, 1, 1, 1
554, 3, 1435, 437, 30, 61, 1, 1, 1
555, 3, 1434, 433, 30, 63, 1, 1, 1
556, 3, 1435, 434, 29, 63, 1, 1, 1
557, 3, 1434, 433, 29, 62, 1, 1, 1
558, 3, 1435, 434, 29, 61, 1, 1, 1
559, 3, 1433, 437, 31, 59, 1, 1, 1
560, 3, 1430, 434, 33, 59, 1, 1, 1
561, 3, 1434, 435, 29, 59, 1, 1, 1
562, 3, 1433, 439, 30, 57, 1, 1, 1
563, 3, 1432, 436, 30, 58, 1, 1, 1
564, 3, 1432, 439, 31, 57, 1, 1, 1
565, 3, 1430, 441, 32, 56, 1, 1, 1
566, 3, 1430, 441, 32, 56, 1, 1, 1
567, 3, 1431, 442, 33, 57, 1, 1, 1
568, 3, 1429, 442, 32, 56, 1, 1, 1
569, 3, 1429, 441, 31, 56, 1, 1, 1
570, 3, 1430, 442, 33, 59, 1, 1, 1
571, 3, 1428, 444, 33, 57, 1, 1, 1
572, 3, 1429, 444, 33, 57, 1, 1, 1
573, 3, 1429, 443, 32, 58, 1, 1, 1
574, 3, 1426, 444, 33, 56, 1, 1, 1
575, 3, 1429, 444, 33, 59, 1, 1, 1
576, 3, 1428, 445, 33, 58, 1, 1, 1
577, 3, 1426, 441, 33, 57, 1, 1, 1
578, 3, 1429, 442, 32, 59, 1, 1, 1
579, 3, 1429, 444, 33, 58, 1, 1, 1
580, 3, 1427, 442, 33, 57, 1, 1, 1
581, 3, 1429, 441, 32, 58, 1, 1, 1
582, 3, 1426, 440, 32, 57, 1, 1, 1
583, 3, 1428, 442, 34, 58, 1, 1, 1
584, 3, 1427, 442, 35, 58, 1, 1, 1
585, 3, 1427, 439, 33, 57, 1, 1, 1
586, 3, 1427, 441, 34, 56, 1, 1, 1
587, 3, 1427, 444, 36, 56, 1, 1, 1
588, 3, 1426, 441, 35, 56, 1, 1, 1
589, 3, 1430, 444, 33, 53, 1, 1, 1
590, 3, 1429, 442, 34, 55, 1, 1, 1
591, 3, 1423, 442, 40, 55, 1, 1, 1
592, 3, 1425, 444, 40, 56, 1, 1, 1
593, 3, 1424, 442, 42, 56, 1, 1, 1
594, 3, 1423, 442, 42, 55, 1, 1, 1
595, 3, 1424, 442, 42, 57, 1, 1, 1
596, 3, 1423, 443, 44, 56, 1, 1, 1
597, 3, 1424, 443, 42, 56, 1, 1, 1
598, 3, 1423, 441, 43, 57, 1, 1, 1
599, 3, 1423, 440, 43, 57, 1, 1, 1
600, 3, 1424, 443, 43, 56, 1, 1, 1
601, 3, 1425, 445, 44, 56, 1, 1, 1
602, 3, 1422, 442, 44, 56, 1, 1, 1
603, 3, 1426, 440, 42, 57, 1, 1, 1
604, 3, 1423, 443, 45, 56, 1, 1, 1
605, 3, 1425, 443, 43, 56, 1, 1, 1
606, 3, 1424, 443, 44, 55, 1, 1, 1
607, 3, 1425, 440, 42, 57, 1, 1, 1
608, 3, 1427, 442, 41, 55, 1, 1, 1
609, 3, 1427, 443, 43, 56, 1, 1, 1
610, 3, 1424, 440, 43, 55, 1, 1, 1
611, 3, 1426, 441, 43, 52, 1, 1, 1
612, 3, 1427, 443, 45, 56, 1, 1, 1
613, 3, 1427, 443, 44, 55, 1, 1, 1
614, 3, 1430, 443, 42, 55, 1, 1, 1
615, 3, 1430, 442, 42, 55, 1, 1, 1
616, 3, 1429, 441, 43, 55, 1, 1, 1
617, 3, 1431, 443, 42, 56, 1, 1, 1
618, 3, 1429, 444, 44, 54, 1, 1, 1
619, 3, 1430, 444, 43, 54, 1, 1, 1
620, 3, 1431, 444, 44, 56, 1, 1, 1
621, 3, 1430, 444, 45, 54, 1, 1, 1
622, 3, 1430, 444, 47, 56, 1, 1, 1
623, 3, 1434, 443, 43, 57, 1, 1, 1
624, 3, 1433, 442, 45, 56, 1, 1, 1
625, 3, 1435, 442, 44, 58, 1, 1, 1
626, 3, 1436, 443, 46, 58, 1, 1, 1
627, 3, 1436, 442, 45, 58, 1, 1, 1
628, 3, 1439, 441, 44, 58, 1, 1, 1
629, 3, 1439, 441, 43, 58, 1, 1, 1
630, 3, 1440, 443, 45, 56, 1, 1, 1
631, 3, 1443, 443, 44, 57, 1, 1, 1
632, 3, 1442, 440, 44, 57, 1, 1, 1
633, 3, 1443, 439, 42, 56, 1, 1, 1
634, 3, 1445, 442, 43, 56, 1, 1, 1
635, 3, 1445, 441, 43, 56, 1, 1, 1
636, 3, 1446, 440, 44, 57, 1, 1, 1
637, 3, 1447, 439, 43, 56, 1, 1, 1
638, 3, 1448, 440, 44, 54, 1, 1, 1
639, 3, 1450, 441, 45, 57, 1, 1, 1
640, 3, 1451, 439, 43, 58, 1, 1, 1
641, 3, 1450, 437, 43, 56, 1, 1, 1
642, 3, 1451, 439, 46, 57, 1, 1, 1
643, 3, 1453, 437, 47, 60, 1, 1, 1
644, 3, 1461, 432, 42, 61, 1, 1, 1
645, 3, 1466, 430, 39, 58, 1, 1, 1
646, 3, 1467, 430, 39, 61, 1, 1, 1
647, 3, 1466, 433, 41, 61, 1, 1, 1
648, 3, 1474, 429, 37, 66, 1, 1, 1
649, 3, 1475, 427, 35, 59, 1, 1, 1
650, 3, 1479, 428, 38, 57, 1, 1, 1
651, 3, 1479, 429, 34, 61, 1, 1, 1
652, 3, 1485, 429, 32, 63, 1, 1, 1
653, 3, 1489, 428, 34, 58, 1, 1, 1
654, 3, 1488, 426, 38, 59, 1, 1, 1
655, 3, 1491, 427, 35, 58, 1, 1, 1
656, 3, 1496, 430, 33, 60, 1, 1, 1
657, 3, 1496, 429, 32, 56, 1, 1, 1
658, 3, 1497, 423, 33, 59, 1, 1, 1
659, 3, 1497, 428, 34, 55, 1, 1, 1
660, 3, 1503, 427, 34, 56, 1, 1, 1
661, 3, 1505, 425, 32, 56, 1, 1, 1
662, 3, 1505, 422, 32, 59, 1, 1, 1
663, 3, 1504, 418, 30, 58, 1, 1, 1
664, 3, 1512, 427, 32, 57, 1, 1, 1
665, 3, 1513, 422, 33, 58, 1, 1, 1
666, 3, 1514, 419, 33, 57, 1, 1, 1
667, 3, 1516, 418, 30, 62, 1, 1, 1
668, 3, 1521, 423, 31, 58, 1, 1, 1
669, 3, 1525, 426, 35, 57, 1, 1, 1
670, 3, 1526, 417, 32, 61, 1, 1, 1
671, 3, 1525, 416, 31, 61, 1, 1, 1
672, 3, 1531, 424, 33, 57, 1, 1, 1
673, 3, 1534, 427, 32, 57, 1, 1, 1
674, 3, 1534, 426, 32, 56, 1, 1, 1
675, 3, 1535, 416, 32, 61, 1, 1, 1
676, 3, 1540, 419, 29, 60, 1, 1, 1
677, 3, 1542, 426, 31, 58, 1, 1, 1
678, 3, 1546, 427, 31, 57, 1, 1, 1
679, 3, 1543, 423, 32, 58, 1, 1, 1
680, 3, 1546, 421, 31, 60, 1, 1, 1
681, 3, 1554, 427, 32, 59, 1, 1, 1
682, 3, 1554, 426, 32, 58, 1, 1, 1
683, 3, 1553, 418, 32, 61, 1, 1, 1
684, 3, 1555, 419, 33, 62, 1, 1, 1
685, 3, 1558, 427, 32, 56, 1, 1, 1
686, 3, 1560, 429, 33, 57, 1, 1, 1
687, 3, 1562, 426, 32, 58, 1, 1, 1
688, 3, 1561, 422, 32, 59, 1, 1, 1
689, 3, 1568, 425, 32, 60, 1, 1, 1
690, 3, 1569, 422, 33, 63, 1, 1, 1
691, 3, 1571, 409, 30, 71, 1, 1, 1
692, 3, 1572, 409, 30, 71, 1, 1, 1
693, 3, 1575, 412, 31, 71, 1, 1, 1
694, 3, 1578, 413, 31, 72, 1, 1, 1
695, 3, 1580, 412, 31, 72, 1, 1, 1
696, 3, 1580, 405, 30, 74, 1, 1, 1
697, 3, 1583, 404, 30, 75, 1, 1, 1
698, 3, 1586, 408, 32, 77, 1, 1, 1
699, 3, 1583, 406, 31, 74, 1, 1, 1
700, 3, 1584, 404, 31, 75, 1, 1, 1
701, 3, 1588, 407, 30, 73, 1, 1, 1
702, 3, 1592, 409, 32, 74, 1, 1, 1
703, 3, 1591, 412, 32, 69, 1, 1, 1
704, 3, 1590, 410, 33, 69, 1, 1, 1
705, 3, 1595, 406, 29, 74, 1, 1, 1
706, 3, 1601, 404, 27, 79, 1, 1, 1
707, 3, 1597, 407, 31, 74, 1, 1, 1
708, 3, 1599, 401, 28, 79, 1, 1, 1
709, 3, 1599, 403, 28, 78, 1, 1, 1
710, 3, 1600, 407, 30, 80, 1, 1, 1
711, 3, 1601, 410, 31, 78, 1, 1, 1
712, 3, 1604, 409, 28, 77, 1, 1, 1
713, 3, 1607, 399, 22, 79, 1, 1, 1
714, 3, 1608, 399, 24, 79, 1, 1, 1
715, 3, 1607, 406, 25, 77, 1, 1, 1
716, 3, 1608, 407, 24, 80, 1, 1, 1
717, 3, 1610, 407, 24, 74, 1, 1, 1
718, 3, 1611, 406, 24, 72, 1, 1, 1
719, 3, 1608, 396, 24, 79, 1, 1, 1
720, 3, 1608, 398, 25, 78, 1, 1, 1
721, 3, 1607, 404, 22, 73, 1, 1, 1
722, 3, 1608, 413, 25, 76, 1, 1, 1
723, 3, 1615, 421, 21, 77, 1, 1, 1
724, 3, 1613, 404, 21, 80, 1, 1, 1
725, 3, 1611, 390, 21, 81, 1, 1, 1
726, 3, 1609, 390, 19, 78, 1, 1, 1
727, 3, 1610, 409, 20, 73, 1, 1, 1
728, 3, 1612, 421, 23, 77, 1, 1, 1
729, 3, 1613, 414, 22, 80, 1, 1, 1
730, 3, 1609, 397, 24, 83, 1, 1, 1
731, 3, 1611, 389, 22, 80, 1, 1, 1
732, 3, 1610, 398, 22, 77, 1, 1, 1
733, 3, 1610, 422, 22, 74, 1, 1, 1
734, 3, 1613, 419, 24, 83, 1, 1, 1
735, 3, 1616, 408, 23, 81, 1, 1, 1
736, 3, 1615, 394, 23, 83, 1, 1, 1
737, 3, 1613, 389, 22, 79, 1, 1, 1
738, 3, 1609, 402, 23, 78, 1, 1, 1
739, 3, 1611, 412, 22, 79, 1, 1, 1
740, 3, 1614, 419, 24, 80, 1, 1, 1
741, 3, 1617, 409, 24, 80, 1, 1, 1
742, 3, 1617, 397, 23, 80, 1, 1, 1
743, 3, 1615, 395, 23, 78, 1, 1, 1
744, 3, 1615, 401, 24, 75, 1, 1, 1
745, 3, 1613, 415, 28, 75, 1, 1, 1
746, 3, 1615, 409, 25, 79, 1, 1, 1
747, 3, 1616, 403, 28, 78, 1, 1, 1
748, 3, 1621, 397, 26, 81, 1, 1, 1
749, 3, 1618, 399, 25, 76, 1, 1, 1
750, 3, 1617, 397, 25, 76, 1, 1, 1