1, 1, 1540, 146, 88, 236, 1, 1, 1
2, 1, 1544, 145, 87, 239, 1, 1, 1
3, 1, 1546, 146, 89, 235, 1, 1, 1
4, 1, 1554, 145, 84, 237, 1, 1, 1
5, 1, 1560, 145, 81, 236, 1, 1, 1
6, 1, 1568, 145, 77, 236, 1, 1, 1
7, 1, 1580, 145, 66, 237, 1, 1, 1
8, 1, 1590, 145, 59, 238, 1, 1, 1
9, 1, 1591, 145, 60, 237, 1, 1, 1
10, 1, 1594, 145, 61, 236, 1, 1, 1
11, 1, 1596, 145, 62, 237, 1, 1, 1
12, 1, 1597, 145, 64, 237, 1, 1, 1
13, 1, 1596, 146, 72, 238, 1, 1, 1
14, 1, 1596, 146, 73, 238, 1, 1, 1
15, 1, 1596, 147, 73, 237, 1, 1, 1
16, 1, 1598, 147, 71, 237, 1, 1, 1
17, 1, 1598, 147, 73, 238, 1, 1, 1
18, 1, 1599, 146, 73, 239, 1, 1, 1
19, 1, 1602, 146, 75, 238, 1, 1, 1
20, 1, 1605, 145, 77, 239, 1, 1, 1
21, 1, 1609, 145, 80, 238, 1, 1, 1
22, 1, 1611, 145, 83, 238, 1, 1, 1
23, 1, 1612, 146, 88, 238, 1, 1, 1
24, 1, 1612, 146, 91, 236, 1, 1, 1
25, 1, 1610, 146, 96, 237, 1, 1, 1
26, 1, 1608, 146, 97, 237, 1, 1, 1
27, 1, 1604, 146, 104, 237, 1, 1, 1
28, 1, 1594, 145, 114, 236, 1, 1, 1
29, 1, 1581, 145, 127, 237, 1, 1, 1
30, 1, 1573, 144, 134, 237, 1, 1, 1
31, 1, 1563, 144, 142, 235, 1, 1, 1
32, 1, 1558, 144, 146, 236, 1, 1, 1
33, 1, 1554, 143, 147, 238, 1, 1, 1
34, 1, 1550, 144, 149, 237, 1, 1, 1
35, 1, 1550, 144, 146, 237, 1, 1, 1
36, 1, 1549, 144, 147, 239, 1, 1, 1
37, 1, 1551, 145, 143, 231, 1, 1, 1
38, 1, 1558, 145, 135, 232, 1, 1, 1
39, 1, 1561, 145, 127, 238, 1, 1, 1
40, 1, 1564, 145, 122, 237, 1, 1, 1
41, 1, 1574, 145, 111, 237, 1, 1, 1
42, 1, 1580, 145, 101, 238, 1, 1, 1
43, 1, 1587, 145, 90, 238, 1, 1, 1
44, 1, 1593, 145, 81, 240, 1, 1, 1
45, 1, 1599, 145, 71, 240, 1, 1, 1
46, 1, 1600, 145, 69, 239, 1, 1, 1
47, 1, 1602, 145, 64, 238, 1, 1, 1
48, 1, 1598, 145, 66, 235, 1, 1, 1
49, 1, 1596, 145, 62, 235, 1, 1, 1
50, 1, 1593, 145, 62, 237, 1, 1, 1
51, 1, 1592, 144, 61, 235, 1, 1, 1
52, 1, 1589, 145, 60, 237, 1, 1, 1
53, 1, 1585, 145, 61, 237, 1, 1, 1
54, 1, 1581, 145, 62, 236, 1, 1, 1
55, 1, 1578, 145, 62, 233, 1, 1, 1
56, 1, 1569, 144, 69, 233, 1, 1, 1
57, 1, 1557, 145, 77, 232, 1, 1, 1
58, 1, 1554, 145, 79, 232, 1, 1, 1
59, 1, 1554, 147, 80, 230, 1, 1, 1
60, 1, 1555, 147, 77, 229, 1, 1, 1
61, 1, 1557, 147, 72, 229, 1, 1, 1
62, 1, 1556, 146, 69, 231, 1, 1, 1
63, 1, 1554, 146, 63, 230, 1, 1, 1
64, 1, 1550, 146, 63, 229, 1, 1, 1
65, 1, 1546, 145, 60, 230, 1, 1, 1
66, 1, 1542, 144, 62, 231, 1, 1, 1
67, 1, 1536, 144, 65, 232, 1, 1, 1
68, 1, 1533, 144, 66, 231, 1, 1, 1
69, 1, 1525, 143, 73, 231, 1, 1, 1
70, 1, 1519, 144, 79, 231, 1, 1, 1
71, 1, 1512, 144, 85, 230, 1, 1, 1
72, 1, 1503, 145, 95, 229, 1, 1, 1
73, 1, 1500, 145, 98, 229, 1, 1, 1
74, 1, 1496, 145, 102, 229, 1, 1, 1
75, 1, 1486, 145, 112, 230, 1, 1, 1
76, 1, 1481, 144, 119, 231, 1, 1, 1
77, 1, 1477, 145, 125, 233, 1, 1, 1
78, 1, 1474, 145, 131, 233, 1, 1, 1
79, 1, 1471, 145, 138, 236, 1, 1, 1
80, 1, 1473, 145, 144, 234, 1, 1, 1
81, 1, 1474, 145, 147, 237, 1, 1, 1
82, 1, 1480, 147, 148, 235, 1, 1, 1
83, 1, 1482, 148, 150, 231, 1, 1, 1
84, 1, 1483, 149, 156, 235, 1, 1, 1
85, 1, 1487, 150, 158, 234, 1, 1, 1
86, 1, 1489, 150, 162, 233, 1, 1, 1
87, 1, 1490, 150, 165, 232, 1, 1, 1
88, 1, 1492, 150, 165, 228, 1, 1, 1
89, 1, 1496, 151, 162, 232, 1, 1, 1
90, 1, 1479, 153, 179, 230, 1, 1, 1
91, 1, 1474, 152, 186, 230, 1, 1, 1
92, 1, 1478, 153, 179, 229, 1, 1, 1
93, 1, 1477, 153, 174, 232, 1, 1, 1
94, 1, 1477, 153, 174, 232, 1, 1, 1
95, 1, 1472, 153, 174, 234, 1, 1, 1
96, 1, 1473, 156, 171, 237, 1, 1, 1
97, 1, 1476, 156, 168, 238, 1, 1, 1
98, 1, 1476, 157, 169, 236, 1, 1, 1
99, 1, 1479, 158, 166, 239, 1, 1, 1
100, 1, 1480, 160, 167, 235, 1, 1, 1
101, 1, 1482, 161, 168, 239, 1, 1, 1
102, 1, 1482, 161, 168, 239, 1, 1, 1
103, 1, 1479, 161, 174, 237, 1, 1, 1
104, 1, 1480, 162, 176, 237, 1, 1, 1
105, 1, 1481, 162, 179, 237, 1, 1, 1
106, 1, 1480, 163, 181, 235, 1, 1, 1
107, 1, 1484, 163, 180, 234, 1, 1, 1
108, 1, 1481, 164, 186, 234, 1, 1, 1
109, 1, 1485, 165, 183, 235, 1, 1, 1
110, 1, 1483, 166, 184, 238, 1, 1, 1
111, 1, 1481, 167, 189, 241, 1, 1, 1
112, 1, 1489, 169, 184, 240, 1, 1, 1
113, 1, 1495, 170, 178, 243, 1, 1, 1
114, 1, 1502, 171, 173, 242, 1, 1, 1
115, 1, 1517, 172, 160, 244, 1, 1, 1
116, 1, 1518, 172, 160, 246, 1, 1, 1
117, 1, 1525, 173, 156, 245, 1, 1, 1
118, 1, 1527, 173, 157, 246, 1, 1, 1
119, 1, 1532, 172, 153, 245, 1, 1, 1
120, 1, 1535, 174, 151, 242, 1, 1, 1
121, 1, 1531, 174, 157, 244, 1, 1, 1
122, 1, 1538, 174, 154, 242, 1, 1, 1
123, 1, 1542, 174, 152, 244, 1, 1, 1
124, 1, 1540, 174, 155, 245, 1, 1, 1
125, 1, 1539, 173, 158, 246, 1, 1, 1
126, 1, 1544, 174, 155, 246, 1, 1, 1
127, 1, 1548, 175, 154, 250, 1, 1, 1
128, 1, 1549, 175, 156, 253, 1, 1, 1
129, 1, 1556, 176, 150, 256, 1, 1, 1
130, 1, 1614, 177, 91, 256, 1, 1, 1
131, 1, 1571, 177, 136, 257, 1, 1, 1
132, 1, 1572, 177, 138, 258, 1, 1, 1
133, 1, 1574, 177, 136, 258, 1, 1, 1
134, 1, 1579, 177, 131, 258, 1, 1, 1
135, 1, 1584, 177, 128, 257, 1, 1, 1
136, 1, 1588, 177, 124, 257, 1, 1, 1
137, 1, 1591, 177, 121, 255, 1, 1, 1
138, 1, 1595, 177, 117, 253, 1, 1, 1
139, 1, 1596, 177, 118, 255, 1, 1, 1
140, 1, 1596, 177, 119, 254, 1, 1, 1
141, 1, 1597, 177, 120, 256, 1, 1, 1
142, 1, 1597, 178, 123, 254, 1, 1, 1
143, 1, 1597, 178, 127, 254, 1, 1, 1
144, 1, 1599, 178, 127, 254, 1, 1, 1
145, 1, 1597, 178, 130, 254, 1, 1, 1
146, 1, 1600, 179, 133, 253, 1, 1, 1
147, 1, 1598, 180, 138, 253, 1, 1, 1
148, 1, 1597, 180, 141, 251, 1, 1, 1
149, 1, 1596, 180, 148, 252, 1, 1, 1
150, 1, 1599, 180, 148, 252, 1, 1, 1
151, 1, 1606, 181, 144, 250, 1, 1, 1
152, 1, 1601, 180, 151, 250, 1, 1, 1
153, 1, 1602, 180, 153, 252, 1, 1, 1
154, 1, 1609, 180, 150, 251, 1, 1, 1
155, 1, 1599, 180, 162, 250, 1, 1, 1
156, 1, 1597, 180, 165, 250, 1, 1, 1
157, 1, 1592, 179, 171, 251, 1, 1, 1
158, 1, 1592, 179, 172, 251, 1, 1, 1
159, 1, 1598, 179, 166, 250, 1, 1, 1
160, 1, 1600, 180, 162, 246, 1, 1, 1
161, 1, 1606, 180, 155, 249, 1, 1, 1
162, 1, 1610, 180, 151, 250, 1, 1, 1
163, 1, 1611, 180, 148, 250, 1, 1, 1
164, 1, 1611, 181, 147, 248, 1, 1, 1
165, 1, 1607, 182, 151, 247, 1, 1, 1
166, 1, 1601, 182, 155, 247, 1, 1, 1
167, 1, 1599, 183, 156, 246, 1, 1, 1
168, 1, 1603, 183, 150, 245, 1, 1, 1
169, 1, 1597, 183, 156, 246, 1, 1, 1
170, 1, 1601, 183, 152, 246, 1, 1, 1
171, 1, 1598, 183, 156, 245, 1, 1, 1
172, 1, 1595, 183, 159, 245, 1, 1, 1
173, 1, 1597, 183, 156, 245, 1, 1, 1
174, 1, 1605, 183, 148, 243, 1, 1, 1
175, 1, 1612, 183, 142, 246, 1, 1, 1
176, 1, 1618, 182, 136, 247, 1, 1, 1
177, 1, 1615, 182, 138, 246, 1, 1, 1
178, 1, 1619, 182, 135, 247, 1, 1, 1
179, 1, 1618, 181, 135, 247, 1, 1, 1
180, 1, 1617, 181, 137, 247, 1, 1, 1
181, 1, 1614, 181, 140, 247, 1, 1, 1
182, 1, 1610, 181, 145, 248, 1, 1, 1
183, 1, 1605, 182, 149, 247, 1, 1, 1
184, 1, 1613, 182, 141, 247, 1, 1, 1
185, 1, 1614, 181, 139, 248, 1, 1, 1
186, 1, 1604, 182, 149, 246, 1, 1, 1
187, 1, 1595, 181, 159, 249, 1, 1, 1
188, 1, 1598, 181, 156, 249, 1, 1, 1
189, 1, 1595, 181, 158, 248, 1, 1, 1
190, 1, 1593, 181, 161, 248, 1, 1, 1
191, 1, 1592, 182, 162, 247, 1, 1, 1
192, 1, 1591, 180, 163, 248, 1, 1, 1
193, 1, 1592, 180, 161, 249, 1, 1, 1
194, 1, 1592, 181, 161, 247, 1, 1, 1
195, 1, 1589, 180, 164, 249, 1, 1, 1
196, 1, 1591, 180, 162, 249, 1, 1, 1
197, 1, 1591, 180, 161, 248, 1, 1, 1
198, 1, 1591, 180, 160, 249, 1, 1, 1
199, 1, 1591, 181, 160, 248, 1, 1, 1
200, 1, 1597, 181, 155, 247, 1, 1, 1
201, 1, 1595, 181, 157, 247, 1, 1, 1
202, 1, 1595, 181, 156, 247, 1, 1, 1
203, 1, 1611, 181, 141, 248, 1, 1, 1
204, 1, 1605, 181, 146, 248, 1, 1, 1
205, 1, 1615, 180, 137, 249, 1, 1, 1
206, 1, 1621, 179, 130, 247, 1, 1, 1
207, 1, 1625, 178, 128, 251, 1, 1, 1
208, 1, 1628, 178, 125, 249, 1, 1, 1
209, 1, 1635, 178, 119, 250, 1, 1, 1
210, 1, 1638, 178, 117, 251, 1, 1, 1
211, 1, 1642, 178, 114, 251, 1, 1, 1
212, 1, 1644, 178, 111, 250, 1, 1, 1
213, 1, 1645, 178, 112, 250, 1, 1, 1
214, 1, 1644, 178, 113, 250, 1, 1, 1
215, 1, 1641, 178, 117, 246, 1, 1, 1
216, 1, 1635, 178, 123, 251, 1, 1, 1
217, 1, 1627, 178, 133, 248, 1, 1, 1
218, 1, 1617, 178, 143, 247, 1, 1, 1
219, 1, 1617, 178, 143, 246, 1, 1, 1
220, 1, 1622, 178, 137, 251, 1, 1, 1
221, 1, 1618, 178, 141, 251, 1, 1, 1
222, 1, 1621, 178, 140, 247, 1, 1, 1
223, 1, 1623, 178, 136, 250, 1, 1, 1
224, 1, 1628, 178, 130, 251, 1, 1, 1
225, 1, 1629, 178, 128, 249, 1, 1, 1
226, 1, 1636, 178, 120, 248, 1, 1, 1
227, 1, 1637, 179, 118, 249, 1, 1, 1
228, 1, 1640, 179, 113, 249, 1, 1, 1
229, 1, 1642, 179, 110, 248, 1, 1, 1
230, 1, 1643, 178, 106, 251, 1, 1, 1
231, 1, 1643, 178, 104, 247, 1, 1, 1
232, 1, 1642, 179, 102, 249, 1, 1, 1
233, 1, 1641, 178, 100, 249, 1, 1, 1
234, 1, 1642, 178, 97, 249, 1, 1, 1
235, 1, 1642, 178, 94, 248, 1, 1, 1
236, 1, 1640, 177, 93, 254, 1, 1, 1
237, 1, 1642, 177, 86, 253, 1, 1, 1
238, 1, 1640, 177, 85, 254, 1, 1, 1
239, 1, 1641, 177, 81, 253, 1, 1, 1
240, 1, 1641, 177, 77, 252, 1, 1, 1
241, 1, 1640, 176, 77, 251, 1, 1, 1
242, 1, 1637, 176, 78, 256, 1, 1, 1
243, 1, 1633, 175, 74, 255, 1, 1, 1
244, 1, 1629, 176, 73, 253, 1, 1, 1
245, 1, 1625, 175, 74, 251, 1, 1, 1
246, 1, 1623, 175, 71, 251, 1, 1, 1
247, 1, 1618, 176, 72, 251, 1, 1, 1
248, 1, 1614, 176, 72, 251, 1, 1, 1
249, 1, 1610, 176, 72, 249, 1, 1, 1
250, 1, 1604, 177, 73, 245, 1, 1, 1
251, 1, 1589, 177, 86, 246, 1, 1, 1
252, 1, 1584, 178, 92, 244, 1, 1, 1
253, 1, 1580, 178, 95, 245, 1, 1, 1
254, 1, 1580, 178, 93, 245, 1, 1, 1
255, 1, 1577, 177, 94, 246, 1, 1, 1
256, 1, 1579, 176, 91, 247, 1, 1, 1
257, 1, 1578, 177, 82, 246, 1, 1, 1
258, 1, 1576, 177, 78, 245, 1, 1, 1
259, 1, 1571, 177, 72, 245, 1, 1, 1
260, 1, 1567, 175, 66, 246, 1, 1, 1
261, 1, 1561, 175, 61, 249, 1, 1, 1
262, 1, 1557, 175, 61, 250, 1, 1, 1
263, 1, 1554, 175, 59, 248, 1, 1, 1
264, 1, 1545, 176, 66, 245, 1, 1, 1
265, 1, 1532, 175, 79, 246, 1, 1, 1
266, 1, 1520, 176, 91, 246, 1, 1, 1
267, 1, 1509, 176, 101, 247, 1, 1, 1
268, 1, 1510, 176, 100, 247, 1, 1, 1
269, 1, 1509, 175, 99, 249, 1, 1, 1
270, 1, 1509, 173, 96, 248, 1, 1, 1
271, 1, 1508, 172, 95, 249, 1, 1, 1
272, 1, 1508, 172, 85, 248, 1, 1, 1
273, 1, 1506, 173, 79, 244, 1, 1, 1
274, 1, 1503, 172, 71, 243, 1, 1, 1
275, 1, 1499, 170, 60, 245, 1, 1, 1
276, 1, 1495, 169, 60, 250, 1, 1, 1
277, 1, 1492, 168, 60, 251, 1, 1, 1
278, 1, 1487, 169, 62, 247, 1, 1, 1
279, 1, 1468, 168, 77, 246, 1, 1, 1
280, 1, 1456, 170, 84, 245, 1, 1, 1
281, 1, 1448, 171, 92, 242, 1, 1, 1
282, 1, 1444, 171, 95, 245, 1, 1, 1
283, 1, 1445, 172, 93, 241, 1, 1, 1
284, 1, 1445, 170, 92, 243, 1, 1, 1
285, 1, 1445, 169, 86, 243, 1, 1, 1
286, 1, 1444, 168, 84, 246, 1, 1, 1
287, 1, 1443, 166, 79, 244, 1, 1, 1
288, 1, 1444, 165, 67, 244, 1, 1, 1
289, 1, 1436, 165, 65, 243, 1, 1, 1
290, 1, 1431, 164, 62, 242, 1, 1, 1
291, 1, 1426, 164, 65, 244, 1, 1, 1
292, 1, 1420, 163, 69, 244, 1, 1, 1
293, 1, 1417, 164, 70, 240, 1, 1, 1
294, 1, 1413, 165, 71, 241, 1, 1, 1
295, 1, 1407, 164, 75, 242, 1, 1, 1
296, 1, 1403, 164, 77, 241, 1, 1, 1
297, 1, 1399, 163, 76, 244, 1, 1, 1
298, 1, 1398, 162, 72, 246, 1, 1, 1
299, 1, 1397, 161, 68, 246, 1, 1, 1
300, 1, 1396, 159, 65, 246, 1, 1, 1
301, 1, 1396, 157, 60, 244, 1, 1, 1
302, 1, 1395, 157, 56, 240, 1, 1, 1
303, 1, 1389, 154, 57, 245, 1, 1, 1
304, 1, 1388, 155, 57, 244, 1, 1, 1
305, 1, 1385, 155, 57, 242, 1, 1, 1
306, 1, 1377, 155, 62, 239, 1, 1, 1
307, 1, 1364, 155, 72, 239, 1, 1, 1
308, 1, 1354, 155, 82, 237, 1, 1, 1
309, 1, 1350, 155, 85, 238, 1, 1, 1
310, 1, 1350, 155, 85, 236, 1, 1, 1
311, 1, 1351, 154, 84, 237, 1, 1, 1
312, 1, 1352, 155, 83, 237, 1, 1, 1
313, 1, 1351, 155, 79, 237, 1, 1, 1
314, 1, 1351, 155, 76, 236, 1, 1, 1
315, 1, 1350, 155, 72, 232, 1, 1, 1
316, 1, 1348, 154, 68, 231, 1, 1, 1
317, 1, 1345, 153, 62, 234, 1, 1, 1
318, 1, 1343, 152, 57, 233, 1, 1, 1
319, 1, 1340, 152, 54, 233, 1, 1, 1
320, 1, 1339, 153, 54, 233, 1, 1, 1
321, 1, 1334, 153, 56, 231, 1, 1, 1
322, 1, 1333, 154, 54, 230, 1, 1, 1
323, 1, 1328, 154, 56, 231, 1, 1, 1
324, 1, 1322, 152, 58, 234, 1, 1, 1
325, 1, 1320, 151, 61, 235, 1, 1, 1
326, 1, 1317, 152, 63, 236, 1, 1, 1
327, 1, 1320, 152, 60, 233, 1, 1, 1
328, 1, 1317, 150, 61, 235, 1, 1, 1
329, 1, 1316, 150, 61, 236, 1, 1, 1
330, 1, 1314, 148, 61, 238, 1, 1, 1
331, 1, 1311, 147, 60, 234, 1, 1, 1
332, 1, 1308, 146, 60, 232, 1, 1, 1
333, 1, 1305, 146, 57, 233, 1, 1, 1
334, 1, 1305, 144, 54, 234, 1, 1, 1
335, 1, 1301, 144, 57, 234, 1, 1, 1
336, 1, 1301, 144, 55, 232, 1, 1, 1
337, 1, 1298, 145, 55, 231, 1, 1, 1
338, 1, 1289, 144, 64, 231, 1, 1, 1
339, 1, 1278, 143, 71, 231, 1, 1, 1
340, 1, 1271, 145, 77, 230, 1, 1, 1
341, 1, 1262, 145, 86, 230, 1, 1, 1
342, 1, 1261, 145, 87, 230, 1, 1, 1
343, 1, 1260, 146, 86, 228, 1, 1, 1
344, 1, 1262, 146, 84, 227, 1, 1, 1
345, 1, 1263, 144, 82, 229, 1, 1, 1
346, 1, 1263, 143, 81, 230, 1, 1, 1
347, 1, 1263, 141, 78, 230, 1, 1, 1
348, 1, 1260, 140, 77, 228, 1, 1, 1
349, 1, 1257, 138, 73, 227, 1, 1, 1
350, 1, 1255, 138, 69, 226, 1, 1, 1
351, 1, 1252, 138, 64, 226, 1, 1, 1
352, 1, 1248, 137, 67, 226, 1, 1, 1
353, 1, 1244, 135, 69, 227, 1, 1, 1
354, 1, 1239, 135, 73, 227, 1, 1, 1
355, 1, 1234, 134, 79, 229, 1, 1, 1
356, 1, 1231, 134, 83, 228, 1, 1, 1
357, 1, 1227, 134, 86, 228, 1, 1, 1
358, 1, 1224, 134, 86, 229, 1, 1, 1
359, 1, 1223, 134, 85, 227, 1, 1, 1
360, 1, 1223, 132, 83, 224, 1, 1, 1
361, 1, 1223, 131, 81, 229, 1, 1, 1
362, 1, 1223, 129, 78, 231, 1, 1, 1
363, 1, 1224, 130, 75, 229, 1, 1, 1
364, 1, 1224, 129, 72, 221, 1, 1, 1
365, 1, 1225, 127, 69, 222, 1, 1, 1
366, 1, 1227, 127, 63, 222, 1, 1, 1
367, 1, 1226, 126, 62, 224, 1, 1, 1
368, 1, 1225, 125, 59, 224, 1, 1, 1
369, 1, 1218, 124, 64, 223, 1, 1, 1
370, 1, 1213, 124, 66, 224, 1, 1, 1
371, 1, 1206, 124, 70, 224, 1, 1, 1
372, 1, 1201, 124, 72, 223, 1, 1, 1
373, 1, 1202, 124, 68, 223, 1, 1, 1
374, 1, 1202, 124, 66, 223, 1, 1, 1
375, 1, 1204, 124, 64, 222, 1, 1, 1
376, 1, 1203, 123, 64, 223, 1, 1, 1
377, 1, 1199, 120, 66, 225, 1, 1, 1
378, 1, 1196, 120, 66, 221, 1, 1, 1
379, 1, 1192, 118, 65, 219, 1, 1, 1
380, 1, 1187, 117, 68, 217, 1, 1, 1
381, 1, 1181, 116, 73, 219, 1, 1, 1
382, 1, 1179, 115, 75, 217, 1, 1, 1
383, 1, 1176, 114, 78, 220, 1, 1, 1
384, 1, 1172, 115, 81, 218, 1, 1, 1
385, 1, 1169, 114, 84, 219, 1, 1, 1
386, 1, 1168, 115, 85, 219, 1, 1, 1
387, 1, 1166, 115, 85, 217, 1, 1, 1
388, 1, 1164, 115, 87, 215, 1, 1, 1
389, 1, 1164, 114, 84, 218, 1, 1, 1
390, 1, 1162, 112, 83, 221, 1, 1, 1
391, 1, 1163, 111, 81, 220, 1, 1, 1
392, 1, 1162, 110, 79, 219, 1, 1, 1
393, 1, 1163, 110, 75, 212, 1, 1, 1
394, 1, 1164, 108, 71, 209, 1, 1, 1
395, 1, 1164, 107, 68, 211, 1, 1, 1
396, 1, 1164, 105, 64, 213, 1, 1, 1
397, 1, 1164, 104, 63, 214, 1, 1, 1
398, 1, 1162, 105, 62, 213, 1, 1, 1
399, 1, 1159, 104, 61, 213, 1, 1, 1
400, 1, 1154, 104, 64, 213, 1, 1, 1
401, 1, 1154, 104, 62, 213, 1, 1, 1
402, 1, 1154, 104, 59, 208, 1, 1, 1
403, 1, 1152, 104, 59, 212, 1, 1, 1
404, 1, 1148, 104, 59, 211, 1, 1, 1
405, 1, 1145, 103, 61, 212, 1, 1, 1
406, 1, 1143, 103, 62, 207, 1, 1, 1
407, 1, 1138, 101, 66, 208, 1, 1, 1
408, 1, 1136, 99, 67, 207, 1, 1, 1
409, 1, 1133, 98, 69, 207, 1, 1, 1
410, 1, 1131, 97, 72, 206, 1, 1, 1
411, 1, 1129, 96, 72, 208, 1, 1, 1
412, 1, 1126, 96, 77, 209, 1, 1, 1
413, 1, 1125, 95, 76, 208, 1, 1, 1
414, 1, 1124, 95, 79, 210, 1, 1, 1
415, 1, 1122, 95, 80, 211, 1, 1, 1
416, 1, 1120, 95, 82, 209, 1, 1, 1
417, 1, 1119, 94, 80, 208, 1, 1, 1
418, 1, 1121, 93, 76, 206, 1, 1, 1
419, 1, 1121, 92, 71, 208, 1, 1, 1
420, 1, 1121, 92, 68, 202, 1, 1, 1
421, 1, 1123, 92, 62, 199, 1, 1, 1
422, 1, 1126, 91, 56, 200, 1, 1, 1
423, 1, 1127, 90, 51, 203, 1, 1, 1
424, 1, 1123, 89, 52, 201, 1, 1, 1
425, 1, 1118, 89, 54, 201, 1, 1, 1
426, 1, 1111, 89, 58, 203, 1, 1, 1
427, 1, 1103, 89, 65, 202, 1, 1, 1
428, 1, 1099, 90, 69, 202, 1, 1, 1
429, 1, 1100, 90, 67, 201, 1, 1, 1
430, 1, 1106, 90, 62, 200, 1, 1, 1
431, 1, 1103, 90, 64, 201, 1, 1, 1
432, 1, 1101, 89, 64, 200, 1, 1, 1
433, 1, 1099, 88, 65, 200, 1, 1, 1
434, 1, 1095, 88, 67, 197, 1, 1, 1
435, 1, 1093, 86, 64, 197, 1, 1, 1
436, 1, 1091, 86, 61, 197, 1, 1, 1
437, 1, 1089, 85, 57, 196, 1, 1, 1
438, 1, 1087, 84, 54, 198, 1, 1, 1
439, 1, 1083, 84, 53, 195, 1, 1, 1
440, 1, 1078, 84, 55, 196, 1, 1, 1
441, 1, 1074, 85, 58, 193, 1, 1, 1
442, 1, 1072, 84, 58, 194, 1, 1, 1
443, 1, 1069, 84, 59, 196, 1, 1, 1
444, 1, 1067, 84, 60, 197, 1, 1, 1
445, 1, 1065, 84, 59, 198, 1, 1, 1
446, 1, 1065, 84, 56, 194, 1, 1, 1
447, 1, 1063, 82, 56, 198, 1, 1, 1
448, 1, 1062, 81, 54, 199, 1, 1, 1
449, 1, 1061, 82, 51, 196, 1, 1, 1
450, 1, 1061, 81, 48, 192, 1, 1, 1
451, 1, 1058, 80, 48, 192, 1, 1, 1
452, 1, 1056, 78, 46, 195, 1, 1, 1
453, 1, 1053, 79, 44, 193, 1, 1, 1
454, 1, 1049, 78, 46, 194, 1, 1, 1
455, 1, 1045, 78, 48, 193, 1, 1, 1
456, 1, 1036, 77, 55, 195, 1, 1, 1
457, 1, 1026, 78, 65, 194, 1, 1, 1
458, 1, 1019, 78, 72, 194, 1, 1, 1
459, 1, 1018, 78, 73, 193, 1, 1, 1
460, 1, 1019, 79, 71, 193, 1, 1, 1
461, 1, 1020, 79, 70, 192, 1, 1, 1
462, 1, 1021, 77, 67, 192, 1, 1, 1
463, 1, 1019, 76, 65, 193, 1, 1, 1
464, 1, 1017, 75, 64, 191, 1, 1, 1
465, 1, 1014, 74, 60, 190, 1, 1, 1
466, 1, 1011, 74, 57, 190, 1, 1, 1
467, 1, 1007, 74, 53, 189, 1, 1, 1
468, 1, 1001, 73, 55, 191, 1, 1, 1
469, 1, 996, 71, 58, 192, 1, 1, 1
470, 1, 992, 73, 61, 192, 1, 1, 1
471, 1, 988, 73, 64, 189, 1, 1, 1
472, 1, 984, 73, 65, 191, 1, 1, 1
473, 1, 982, 73, 65, 192, 1, 1, 1
474, 1, 980, 74, 63, 190, 1, 1, 1
475, 1, 977, 73, 64, 191, 1, 1, 1
476, 1, 975, 73, 62, 191, 1, 1, 1
477, 1, 973, 70, 59, 192, 1, 1, 1
478, 1, 973, 70, 54, 191, 1, 1, 1
479, 1, 971, 69, 51, 188, 1, 1, 1
480, 1, 970, 69, 49, 189, 1, 1, 1
481, 1, 968, 69, 45, 189, 1, 1, 1
482, 1, 966, 69, 45, 188, 1, 1, 1
483, 1, 963, 69, 43, 187, 1, 1, 1
484, 1, 960, 70, 45, 185, 1, 1, 1
485, 1, 952, 68, 49, 187, 1, 1, 1
486, 1, 947, 69, 52, 187, 1, 1, 1
487, 1, 945, 70, 54, 185, 1, 1, 1
488, 1, 947, 70, 52, 184, 1, 1, 1
489, 1, 945, 70, 51, 182, 1, 1, 1
490, 1, 944, 71, 50, 179, 1, 1, 1
491, 1, 943, 71, 48, 177, 1, 1, 1
492, 1, 944, 71, 43, 179, 1, 1, 1
493, 1, 942, 70, 40, 180, 1, 1, 1
494, 1, 943, 70, 38, 180, 1, 1, 1
495, 1, 943, 70, 36, 181, 1, 1, 1
496, 1, 941, 70, 39, 181, 1, 1, 1
497, 1, 939, 70, 42, 180, 1, 1, 1
498, 1, 937, 70, 46, 181, 1, 1, 1
499, 1, 934, 70, 49, 181, 1, 1, 1
500, 1, 927, 69, 58, 182, 1, 1, 1
501, 1, 921, 68, 66, 182, 1, 1, 1
502, 1, 916, 66, 73, 186, 1, 1, 1
503, 1, 913, 66, 78, 186, 1, 1, 1
504, 1, 910, 65, 83, 189, 1, 1, 1
505, 1, 909, 64, 88, 190, 1, 1, 1
506, 1, 909, 65, 89, 185, 1, 1, 1
507, 1, 910, 65, 90, 185, 1, 1, 1
508, 1, 912, 64, 88, 184, 1, 1, 1
509, 1, 914, 64, 85, 187, 1, 1, 1
510, 1, 917, 64, 83, 186, 1, 1, 1
511, 1, 922, 64, 79, 186, 1, 1, 1
512, 1, 928, 64, 74, 185, 1, 1, 1
513, 1, 934, 65, 69, 183, 1, 1, 1
514, 1, 939, 65, 68, 182, 1, 1, 1
515, 1, 941, 64, 69, 186, 1, 1, 1
516, 1, 945, 64, 66, 186, 1, 1, 1
517, 1, 945, 66, 66, 183, 1, 1, 1
518, 1, 946, 66, 67, 183, 1, 1, 1
519, 1, 946, 65, 70, 182, 1, 1, 1
520, 1, 946, 65, 73, 183, 1, 1, 1
521, 1, 946, 66, 75, 183, 1, 1, 1
522, 1, 954, 66, 69, 181, 1, 1, 1
523, 1, 953, 67, 74, 180, 1, 1, 1
524, 1, 960, 67, 67, 182, 1, 1, 1
525, 1, 968, 66, 62, 183, 1, 1, 1
526, 1, 972, 66, 60, 183, 1, 1, 1
527, 1, 973, 66, 62, 185, 1, 1, 1
528, 1, 974, 66, 64, 185, 1, 1, 1
529, 1, 972, 67, 70, 186, 1, 1, 1
530, 1, 972, 68, 73, 185, 1, 1, 1
531, 1, 972, 69, 77, 184, 1, 1, 1
532, 1, 971, 70, 81, 183, 1, 1, 1
533, 1, 968, 70, 89, 185, 1, 1, 1
534, 1, 966, 70, 96, 183, 1, 1, 1
535, 1, 964, 70, 101, 185, 1, 1, 1
536, 1, 963, 70, 105, 186, 1, 1, 1
537, 1, 970, 70, 100, 186, 1, 1, 1
538, 1, 975, 71, 96, 186, 1, 1, 1
539, 1, 977, 70, 95, 187, 1, 1, 1
540, 1, 982, 70, 89, 188, 1, 1, 1
541, 1, 989, 70, 81, 186, 1, 1, 1
542, 1, 999, 69, 70, 187, 1, 1, 1
543, 1, 1006, 69, 66, 189, 1, 1, 1
544, 1, 1011, 69, 72, 189, 1, 1, 1
545, 1, 1019, 71, 76, 187, 1, 1, 1
546, 1, 1024, 72, 79, 188, 1, 1, 1
547, 1, 1030, 73, 78, 187, 1, 1, 1
548, 1, 1034, 73, 75, 189, 1, 1, 1
549, 1, 1033, 74, 74, 188, 1, 1, 1
550, 1, 1035, 73, 72, 188, 1, 1, 1
551, 1, 1036, 73, 70, 187, 1, 1, 1
552, 1, 1039, 73, 69, 188, 1, 1, 1
553, 1, 1043, 72, 64, 190, 1, 1, 1
554, 1, 1048, 72, 66, 189, 1, 1, 1
555, 1, 1055, 71, 64, 190, 1, 1, 1
556, 1, 1066, 71, 57, 191, 1, 1, 1
557, 1, 1068, 73, 61, 190, 1, 1, 1
558, 1, 1070, 73, 64, 191, 1, 1, 1
559, 1, 1073, 73, 66, 194, 1, 1, 1
560, 1, 1073, 74, 68, 192, 1, 1, 1
561, 1, 1074, 75, 71, 194, 1, 1, 1
562, 1, 1076, 76, 72, 192, 1, 1, 1
563, 1, 1077, 78, 74, 192, 1, 1, 1
564, 1, 1080, 78, 71, 190, 1, 1, 1
565, 1, 1082, 78, 71, 192, 1, 1, 1
566, 1, 1088, 78, 65, 191, 1, 1, 1
567, 1, 1094, 78, 61, 192, 1, 1, 1
568, 1, 1099, 77, 56, 195, 1, 1, 1
569, 1, 1105, 78, 52, 195, 1, 1, 1
570, 1, 1112, 78, 49, 195, 1, 1, 1
571, 1, 1115, 78, 51, 193, 1, 1, 1
572, 1, 1120, 80, 51, 192, 1, 1, 1
573, 1, 1125, 79, 57, 193, 1, 1, 1
574, 1, 1128, 79, 67, 194, 1, 1, 1
575, 1, 1129, 80, 76, 193, 1, 1, 1
576, 1, 1129, 82, 80, 189, 1, 1, 1
577, 1, 1130, 82, 78, 190, 1, 1, 1
578, 1, 1130, 83, 78, 192, 1, 1, 1
579, 1, 1132, 82, 75, 192, 1, 1, 1
580, 1, 1135, 81, 73, 193, 1, 1, 1
581, 1, 1137, 81, 71, 194, 1, 1, 1
582, 1, 1145, 81, 64, 193, 1, 1, 1
583, 1, 1154, 80, 58, 193, 1, 1, 1
584, 1, 1162, 81, 57, 194, 1, 1, 1
585, 1, 1168, 80, 57, 196, 1, 1, 1
586, 1, 1170, 81, 61, 196, 1, 1, 1
587, 1, 1175, 82, 62, 200, 1, 1, 1
588, 1, 1175, 82, 67, 200, 1, 1, 1
589, 1, 1179, 82, 68, 199, 1, 1, 1
590, 1, 1181, 84, 70, 197, 1, 1, 1
591, 1, 1185, 85, 70, 198, 1, 1, 1
592, 1, 1189, 85, 69, 199, 1, 1, 1
593, 1, 1192, 85, 68, 199, 1, 1, 1
594, 1, 1195, 85, 66, 198, 1, 1, 1
595, 1, 1200, 85, 62, 198, 1, 1, 1
596, 1, 1207, 84, 56, 197, 1, 1, 1
597, 1, 1213, 84, 51, 200, 1, 1, 1
598, 1, 1220, 83, 47, 204, 1, 1, 1
599, 1, 1226, 83, 47, 202, 1, 1, 1
600, 1, 1231, 83, 47, 201, 1, 1, 1
601, 1, 1234, 84, 48, 200, 1, 1, 1
602, 1, 1234, 85, 61, 200, 1, 1, 1
603, 1, 1234, 86, 77, 198, 1, 1, 1
604, 1, 1234, 87, 83, 196, 1, 1, 1
605, 1, 1235, 87, 89, 197, 1, 1, 1
606, 1, 1236, 88, 89, 198, 1, 1, 1
607, 1, 1237, 87, 86, 199, 1, 1, 1
608, 1, 1239, 88, 84, 197, 1, 1, 1
609, 1, 1243, 87, 81, 199, 1, 1, 1
610, 1, 1247, 86, 75, 199, 1, 1, 1
611, 1, 1254, 86, 70, 199, 1, 1, 1
612, 1, 1262, 86, 64, 199, 1, 1, 1
613, 1, 1272, 86, 58, 197, 1, 1, 1
614, 1, 1283, 86, 52, 199, 1, 1, 1
615, 1, 1291, 86, 48, 199, 1, 1, 1
616, 1, 1294, 86, 49, 204, 1, 1, 1
617, 1, 1296, 86, 52, 202, 1, 1, 1
618, 1, 1299, 87, 55, 201, 1, 1, 1
619, 1, 1300, 87, 63, 202, 1, 1, 1
620, 1, 1301, 88, 71, 200, 1, 1, 1
621, 1, 1301, 89, 76, 199, 1, 1, 1
622, 1, 1302, 89, 74, 200, 1, 1, 1
623, 1, 1304, 88, 71, 201, 1, 1, 1
624, 1, 1311, 89, 65, 198, 1, 1, 1
625, 1, 1317, 88, 62, 199, 1, 1, 1
626, 1, 1322, 88, 61, 198, 1, 1, 1
627, 1, 1331, 88, 55, 200, 1, 1, 1
628, 1, 1342, 85, 51, 207, 1, 1, 1
629, 1, 1351, 85, 45, 205, 1, 1, 1
630, 1, 1354, 86, 46, 202, 1, 1, 1
631, 1, 1355, 87, 49, 201, 1, 1, 1
632, 1, 1355, 88, 63, 201, 1, 1, 1
633, 1, 1355, 89, 77, 200, 1, 1, 1
634, 1, 1356, 90, 84, 198, 1, 1, 1
635, 1, 1355, 91, 88, 199, 1, 1, 1
636, 1, 1357, 91, 86, 198, 1, 1, 1
637, 1, 1358, 90, 85, 199, 1, 1, 1
638, 1, 1360, 93, 81, 197, 1, 1, 1
639, 1, 1365, 92, 78, 199, 1, 1, 1
640, 1, 1373, 89, 72, 201, 1, 1, 1
641, 1, 1382, 88, 65, 201, 1, 1, 1
642, 1, 1391, 75, 73, 213, 1, 1, 1
643, 1, 1401, 67, 62, 222, 1, 1, 1
644, 1, 1405, 88, 56, 204, 1, 1, 1
645, 1, 1408, 88, 55, 206, 1, 1, 1
646, 1, 1411, 89, 54, 205, 1, 1, 1
647, 1, 1412, 89, 58, 203, 1, 1, 1
648, 1, 1413, 90, 60, 205, 1, 1, 1
649, 1, 1413, 92, 64, 204, 1, 1, 1
650, 1, 1417, 92, 62, 206, 1, 1, 1
651, 1, 1418, 93, 61, 205, 1, 1, 1
652, 1, 1421, 90, 59, 207, 1, 1, 1
653, 1, 1428, 90, 55, 208, 1, 1, 1
654, 1, 1430, 91, 56, 207, 1, 1, 1
655, 1, 1433, 91, 54, 206, 1, 1, 1
656, 1, 1437, 91, 52, 208, 1, 1, 1
657, 1, 1439, 91, 55, 208, 1, 1, 1
658, 1, 1441, 91, 54, 207, 1, 1, 1
659, 1, 1443, 92, 57, 206, 1, 1, 1
660, 1, 1446, 92, 62, 206, 1, 1, 1
661, 1, 1448, 92, 67, 207, 1, 1, 1
662, 1, 1449, 93, 70, 204, 1, 1, 1
663, 1, 1452, 93, 68, 205, 1, 1, 1
664, 1, 1454, 93, 66, 205, 1, 1, 1
665, 1, 1456, 92, 63, 205, 1, 1, 1
666, 1, 1457, 92, 64, 206, 1, 1, 1
667, 1, 1459, 91, 64, 207, 1, 1, 1
668, 1, 1460, 91, 68, 207, 1, 1, 1
669, 1, 1460, 92, 69, 207, 1, 1, 1
670, 1, 1460, 91, 73, 206, 1, 1, 1
671, 1, 1462, 91, 75, 205, 1, 1, 1
672, 1, 1463, 91, 75, 205, 1, 1, 1
673, 1, 1464, 91, 75, 205, 1, 1, 1
674, 1, 1464, 91, 77, 204, 1, 1, 1
675, 1, 1466, 91, 75, 205, 1, 1, 1
676, 1, 1465, 91, 77, 205, 1, 1, 1
677, 1, 1467, 91, 74, 205, 1, 1, 1
678, 1, 1467, 91, 75, 205, 1, 1, 1
679, 1, 1468, 91, 73, 205, 1, 1, 1
680, 1, 1468, 91, 73, 205, 1, 1, 1
681, 1, 1468, 91, 74, 205, 1, 1, 1
682, 1, 1467, 91, 72, 205, 1, 1, 1
683, 1, 1467, 91, 73, 205, 1, 1, 1
684, 1, 1466, 91, 73, 203, 1, 1, 1
685, 1, 1466, 91, 73, 204, 1, 1, 1
686, 1, 1465, 91, 73, 205, 1, 1, 1
687, 1, 1464, 91, 73, 205, 1, 1, 1
688, 1, 1464, 91, 74, 205, 1, 1, 1
689, 1, 1464, 91, 73, 204, 1, 1, 1
690, 1, 1464, 91, 73, 205, 1, 1, 1
691, 1, 1464, 91, 73, 205, 1, 1, 1
692, 1, 1464, 91, 72, 204, 1, 1, 1
693, 1, 1464, 91, 72, 206, 1, 1, 1
694, 1, 1463, 90, 73, 207, 1, 1, 1
695, 1, 1463, 90, 72, 207, 1, 1, 1
696, 1, 1463, 90, 72, 206, 1, 1, 1
697, 1, 1463, 91, 72, 205, 1, 1, 1
698, 1, 1463, 91, 71, 206, 1, 1, 1
699, 1, 1463, 91, 71, 205, 1, 1, 1
700, 1, 1463, 91, 72, 204, 1, 1, 1
701, 1, 1464, 91, 71, 205, 1, 1, 1
702, 1, 1464, 91, 71, 206, 1, 1, 1
703, 1, 1465, 91, 70, 205, 1, 1, 1
704, 1, 1464, 91, 71, 205, 1, 1, 1
705, 1, 1465, 91, 70, 206, 1, 1, 1
706, 1, 1464, 91, 70, 206, 1, 1, 1
707, 1, 1465, 91, 70, 205, 1, 1, 1
708, 1, 1464, 91, 71, 206, 1, 1, 1
709, 1, 1464, 91, 71, 206, 1, 1, 1
710, 1, 1464, 91, 71, 205, 1, 1, 1
711, 1, 1465, 91, 70, 205, 1, 1, 1
712, 1, 1464, 91, 71, 205, 1, 1, 1
713, 1, 1465, 91, 70, 206, 1, 1, 1
714, 1, 1465, 91, 70, 205, 1, 1, 1
715, 1, 1464, 91, 71, 205, 1, 1, 1
716, 1, 1464, 91, 70, 205, 1, 1, 1
717, 1, 1465, 91, 69, 205, 1, 1, 1
718, 1, 1465, 91, 70, 204, 1, 1, 1
719, 1, 1464, 91, 71, 205, 1, 1, 1
720, 1, 1465, 91, 69, 204, 1, 1, 1
721, 1, 1464, 91, 71, 205, 1, 1, 1
722, 1, 1465, 91, 70, 205, 1, 1, 1
723, 1, 1464, 91, 70, 206, 1, 1, 1
724, 1, 1464, 90, 70, 206, 1, 1, 1
725, 1, 1464, 90, 71, 207, 1, 1, 1
726, 1, 1463, 91, 72, 205, 1, 1, 1
727, 1, 1464, 91, 71, 205, 1, 1, 1
728, 1, 1463, 91, 70, 205, 1, 1, 1
729, 1, 1463, 91, 70, 206, 1, 1, 1
730, 1, 1463, 90, 71, 207, 1, 1, 1
731, 1, 1463, 90, 71, 207, 1, 1, 1
732, 1, 1463, 90, 70, 206, 1, 1, 1
733, 1, 1463, 90, 70, 207, 1, 1, 1
734, 1, 1463, 90, 70, 206, 1, 1, 1
735, 1, 1463, 90, 71, 206, 1, 1, 1
736, 1, 1464, 90, 70, 207, 1, 1, 1
737, 1, 1463, 90, 71, 207, 1, 1, 1
738, 1, 1463, 90, 70, 207, 1, 1, 1
739, 1, 1463, 90, 71, 207, 1, 1, 1
740, 1, 1464, 90, 69, 206, 1, 1, 1
741, 1, 1463, 90, 71, 207, 1, 1, 1
742, 1, 1463, 90, 71, 207, 1, 1, 1
743, 1, 1463, 90, 70, 206, 1, 1, 1
744, 1, 1463, 90, 71, 206, 1, 1, 1
745, 1, 1463, 90, 71, 207, 1, 1, 1
746, 1, 1463, 90, 70, 207, 1, 1, 1
747, 1, 1463, 90, 71, 207, 1, 1, 1
748, 1, 1463, 90, 70, 207, 1, 1, 1
749, 1, 1463, 90, 71, 207, 1, 1, 1
750, 1, 1464, 90, 70, 206, 1, 1, 1
751, 1, 1463, 90, 70, 206, 1, 1, 1
752, 1, 1463, 90, 71, 207, 1, 1, 1
753, 1, 1463, 90, 71, 206, 1, 1, 1
754, 1, 1463, 90, 70, 206, 1, 1, 1
755, 1, 1464, 91, 70, 206, 1, 1, 1
756, 1, 1463, 90, 70, 206, 1, 1, 1
757, 1, 1463, 91, 70, 206, 1, 1, 1
758, 1, 1462, 90, 71, 207, 1, 1, 1
759, 1, 1463, 91, 69, 205, 1, 1, 1
760, 1, 1462, 91, 70, 206, 1, 1, 1
761, 1, 1462, 90, 71, 207, 1, 1, 1
762, 1, 1463, 90, 69, 206, 1, 1, 1
763, 1, 1463, 90, 69, 207, 1, 1, 1
764, 1, 1463, 90, 70, 206, 1, 1, 1
765, 1, 1463, 90, 70, 207, 1, 1, 1
766, 1, 1464, 90, 68, 207, 1, 1, 1
767, 1, 1464, 90, 68, 207, 1, 1, 1
768, 1, 1462, 90, 71, 207, 1, 1, 1
769, 1, 1462, 91, 71, 206, 1, 1, 1
770, 1, 1463, 91, 70, 206, 1, 1, 1
771, 1, 1463, 91, 70, 205, 1, 1, 1
772, 1, 1462, 91, 71, 206, 1, 1, 1
773, 1, 1462, 91, 71, 206, 1, 1, 1
774, 1, 1463, 91, 70, 206, 1, 1, 1
775, 1, 1463, 91, 70, 205, 1, 1, 1
776, 1, 1463, 91, 69, 205, 1, 1, 1
777, 1, 1462, 91, 70, 205, 1, 1, 1
778, 1, 1462, 91, 71, 205, 1, 1, 1
779, 1, 1461, 90, 71, 207, 1, 1, 1
780, 1, 1461, 90, 71, 207, 1, 1, 1
781, 1, 1460, 91, 72, 206, 1, 1, 1
782, 1, 1461, 91, 69, 206, 1, 1, 1
783, 1, 1461, 91, 68, 204, 1, 1, 1
784, 1, 1462, 92, 66, 204, 1, 1, 1
785, 1, 1462, 92, 65, 203, 1, 1, 1
786, 1, 1462, 92, 65, 203, 1, 1, 1
787, 1, 1464, 92, 63, 204, 1, 1, 1
788, 1, 1465, 91, 63, 205, 1, 1, 1
789, 1, 1467, 91, 64, 205, 1, 1, 1
790, 1, 1470, 91, 63, 204, 1, 1, 1
791, 1, 1473, 91, 66, 205, 1, 1, 1
792, 1, 1474, 91, 65, 205, 1, 1, 1
793, 1, 1474, 92, 68, 204, 1, 1, 1
794, 1, 1475, 92, 69, 203, 1, 1, 1
795, 1, 1475, 92, 72, 201, 1, 1, 1
796, 1, 1475, 92, 74, 203, 1, 1, 1
797, 1, 1476, 91, 76, 203, 1, 1, 1
798, 1, 1481, 91, 74, 205, 1, 1, 1
799, 1, 1485, 91, 73, 204, 1, 1, 1
800, 1, 1492, 91, 68, 205, 1, 1, 1
1, 2, 1645, 148, 73, 203, 1, 1, 1
2, 2, 1651, 147, 71, 200, 1, 1, 1
3, 2, 1659, 148, 66, 198, 1, 1, 1
4, 2, 1670, 147, 58, 202, 1, 1, 1
5, 2, 1672, 149, 59, 201, 1, 1, 1
6, 2, 1676, 150, 57, 204, 1, 1, 1
7, 2, 1678, 152, 60, 202, 1, 1, 1
8, 2, 1681, 152, 59, 201, 1, 1, 1
9, 2, 1682, 154, 62, 200, 1, 1, 1
10, 2, 1685, 156, 63, 198, 1, 1, 1
11, 2, 1688, 158, 62, 201, 1, 1, 1
12, 2, 1691, 158, 62, 206, 1, 1, 1
13, 2, 1693, 158, 63, 205, 1, 1, 1
14, 2, 1696, 159, 62, 198, 1, 1, 1
15, 2, 1699, 158, 63, 203, 1, 1, 1
16, 2, 1701, 158, 63, 204, 1, 1, 1
17, 2, 1705, 157, 61, 206, 1, 1, 1
18, 2, 1709, 157, 57, 208, 1, 1, 1
19, 2, 1712, 157, 57, 209, 1, 1, 1
20, 2, 1715, 158, 58, 203, 1, 1, 1
21, 2, 1717, 159, 59, 205, 1, 1, 1
22, 2, 1720, 160, 59, 203, 1, 1, 1
23, 2, 1721, 161, 62, 205, 1, 1, 1
24, 2, 1724, 163, 68, 204, 1, 1, 1
25, 2, 1727, 165, 78, 209, 1, 1, 1
26, 2, 1730, 166, 80, 207, 1, 1, 1
27, 2, 1731, 168, 81, 210, 1, 1, 1
28, 2, 1732, 169, 77, 211, 1, 1, 1
29, 2, 1733, 170, 75, 206, 1, 1, 1
30, 2, 1732, 169, 74, 211, 1, 1, 1
31, 2, 1734, 169, 77, 211, 1, 1, 1
32, 2, 1735, 169, 80, 211, 1, 1, 1
33, 2, 1740, 169, 77, 210, 1, 1, 1
34, 2, 1752, 170, 66, 209, 1, 1, 1
35, 2, 1756, 170, 63, 209, 1, 1, 1
36, 2, 1758, 171, 61, 208, 1, 1, 1
37, 2, 1761, 173, 57, 209, 1, 1, 1
38, 2, 1763, 173, 55, 214, 1, 1, 1
39, 2, 1764, 175, 55, 216, 1, 1, 1
40, 2, 1767, 176, 52, 214, 1, 1, 1
41, 2, 1770, 179, 49, 208, 1, 1, 1
42, 2, 1769, 180, 50, 205, 1, 1, 1
43, 2, 1771, 182, 48, 206, 1, 1, 1
44, 2, 1775, 184, 44, 204, 1, 1, 1
45, 2, 1776, 184, 43, 204, 1, 1, 1
46, 2, 1777, 185, 42, 201, 1, 1, 1
47, 2, 1779, 185, 39, 203, 1, 1, 1
48, 2, 1781, 185, 38, 203, 1, 1, 1
49, 2, 1784, 186, 35, 203, 1, 1, 1
50, 2, 1785, 186, 34, 205, 1, 1, 1
51, 2, 1788, 189, 31, 200, 1, 1, 1