1, 1, 463, 392, 844, 441, 1, 6, 1
2, 1, 463, 393, 844, 440, 1, 6, 1
3, 1, 463, 392, 845, 440, 1, 6, 1
4, 1, 462, 392, 844, 442, 1, 6, 1
5, 1, 463, 392, 844, 442, 1, 6, 1
6, 1, 461, 393, 846, 440, 1, 6, 1
7, 1, 462, 393, 846, 438, 1, 6, 1
8, 1, 463, 393, 845, 440, 1, 6, 1
9, 1, 461, 393, 848, 439, 1, 6, 1
10, 1, 463, 393, 846, 439, 1, 6, 1
11, 1, 462, 393, 848, 439, 1, 6, 1
12, 1, 461, 394, 850, 439, 1, 6, 1
13, 1, 461, 393, 850, 439, 1, 6, 1
14, 1, 462, 393, 849, 439, 1, 6, 1
15, 1, 463, 392, 851, 440, 1, 6, 1
16, 1, 462, 393, 849, 440, 1, 6, 1
17, 1, 463, 393, 850, 441, 1, 6, 1
18, 1, 462, 393, 850, 439, 1, 6, 1
19, 1, 463, 393, 850, 441, 1, 6, 1
20, 1, 464, 392, 848, 441, 1, 6, 1
21, 1, 464, 393, 846, 440, 1, 6, 1
22, 1, 463, 392, 849, 442, 1, 6, 1
23, 1, 464, 392, 847, 443, 1, 6, 1
24, 1, 464, 392, 848, 441, 1, 6, 1
25, 1, 463, 392, 847, 442, 1, 6, 1
26, 1, 462, 392, 847, 441, 1, 6, 1
27, 1, 463, 392, 848, 441, 1, 6, 1
28, 1, 463, 393, 847, 441, 1, 6, 1
29, 1, 462, 392, 847, 443, 1, 6, 1
30, 1, 462, 393, 848, 441, 1, 6, 1
31, 1, 463, 393, 846, 441, 1, 6, 1
32, 1, 463, 393, 846, 441, 1, 6, 1
33, 1, 463, 393, 846, 441, 1, 6, 1
34, 1, 462, 392, 844, 442, 1, 6, 1
35, 1, 462, 392, 844, 442, 1, 6, 1
36, 1, 462, 393, 843, 441, 1, 6, 1
37, 1, 461, 393, 845, 441, 1, 6, 1
38, 1, 461, 393, 844, 441, 1, 6, 1
39, 1, 461, 393, 843, 440, 1, 6, 1
40, 1, 460, 393, 844, 440, 1, 6, 1
41, 1, 461, 393, 843, 440, 1, 6, 1
42, 1, 461, 393, 843, 440, 1, 6, 1
43, 1, 459, 393, 845, 440, 1, 6, 1
44, 1, 459, 393, 846, 440, 1, 6, 1
45, 1, 457, 392, 846, 442, 1, 6, 1
46, 1, 458, 393, 845, 440, 1, 6, 1
47, 1, 457, 392, 847, 441, 1, 6, 1
48, 1, 456, 392, 847, 441, 1, 6, 1
49, 1, 455, 392, 849, 441, 1, 6, 1
50, 1, 456, 392, 847, 442, 1, 6, 1
51, 1, 454, 392, 847, 442, 1, 6, 1
52, 1, 457, 392, 842, 441, 1, 6, 1
53, 1, 455, 392, 843, 441, 1, 6, 1
54, 1, 455, 392, 844, 442, 1, 6, 1
55, 1, 455, 392, 843, 442, 1, 6, 1
56, 1, 457, 392, 840, 441, 1, 6, 1
57, 1, 456, 392, 841, 441, 1, 6, 1
58, 1, 456, 392, 836, 440, 1, 6, 1
59, 1, 456, 393, 836, 437, 1, 6, 1
60, 1, 455, 391, 836, 441, 1, 6, 1
61, 1, 454, 392, 835, 438, 1, 6, 1
62, 1, 453, 392, 834, 438, 1, 6, 1
63, 1, 450, 392, 836, 438, 1, 6, 1
64, 1, 449, 392, 835, 436, 1, 6, 1
65, 1, 449, 392, 830, 436, 1, 6, 1
66, 1, 447, 392, 830, 437, 1, 6, 1
67, 1, 445, 392, 828, 435, 1, 6, 1
68, 1, 443, 392, 827, 435, 1, 6, 1
69, 1, 444, 390, 822, 436, 1, 6, 1
70, 1, 443, 390, 826, 436, 1, 6, 1
71, 1, 438, 391, 831, 435, 1, 6, 1
72, 1, 437, 389, 827, 435, 1, 6, 1
73, 1, 438, 389, 822, 433, 1, 6, 1
74, 1, 435, 388, 828, 430, 1, 6, 1
75, 1, 433, 387, 819, 431, 1, 6, 1
76, 1, 427, 387, 822, 430, 1, 6, 1
77, 1, 425, 387, 817, 428, 1, 6, 1
78, 1, 421, 387, 814, 428, 1, 6, 1
79, 1, 419, 387, 807, 428, 1, 6, 1
80, 1, 417, 387, 806, 421, 1, 6, 1
81, 1, 412, 386, 816, 421, 1, 6, 1
82, 1, 411, 385, 813, 427, 1, 6, 1
83, 1, 406, 385, 803, 424, 1, 6, 1
84, 1, 408, 385, 808, 424, 1, 6, 1
85, 1, 406, 384, 798, 424, 1, 6, 1
86, 1, 399, 385, 794, 424, 1, 6, 1
87, 1, 394, 385, 795, 422, 1, 6, 1
88, 1, 394, 383, 791, 423, 1, 6, 1
89, 1, 390, 383, 795, 423, 1, 6, 1
90, 1, 388, 382, 802, 423, 1, 6, 1
91, 1, 383, 381, 803, 422, 1, 6, 1
92, 1, 381, 381, 803, 421, 1, 6, 1
93, 1, 376, 382, 806, 420, 1, 6, 1
94, 1, 368, 385, 810, 416, 1, 6, 1
95, 1, 363, 384, 808, 416, 1, 6, 1
96, 1, 359, 378, 808, 421, 1, 6, 1
97, 1, 357, 377, 796, 423, 1, 6, 1
98, 1, 354, 378, 790, 422, 1, 6, 1
99, 1, 348, 375, 791, 422, 1, 6, 1
100, 1, 343, 372, 788, 425, 1, 6, 1
101, 1, 337, 372, 791, 427, 1, 6, 1
102, 1, 333, 371, 787, 425, 1, 6, 1
103, 1, 323, 370, 792, 425, 1, 6, 1
104, 1, 321, 370, 786, 424, 1, 6, 1
105, 1, 317, 371, 786, 424, 1, 6, 1
106, 1, 311, 371, 786, 420, 1, 6, 1
107, 1, 303, 370, 786, 421, 1, 6, 1
108, 1, 297, 372, 788, 418, 1, 6, 1
109, 1, 293, 371, 786, 417, 1, 6, 1
110, 1, 288, 370, 787, 418, 1, 6, 1
111, 1, 278, 369, 791, 417, 1, 6, 1
112, 1, 274, 369, 791, 416, 1, 6, 1
113, 1, 269, 370, 790, 413, 1, 6, 1
114, 1, 264, 370, 790, 414, 1, 6, 1
115, 1, 259, 369, 792, 414, 1, 6, 1
116, 1, 254, 369, 787, 414, 1, 6, 1
117, 1, 247, 369, 793, 414, 1, 6, 1
118, 1, 237, 368, 798, 412, 1, 6, 1
119, 1, 232, 369, 798, 411, 1, 6, 1
120, 1, 225, 369, 807, 411, 1, 6, 1
121, 1, 217, 369, 804, 409, 1, 6, 1
122, 1, 209, 370, 801, 407, 1, 6, 1
123, 1, 203, 368, 802, 407, 1, 6, 1
124, 1, 194, 368, 814, 407, 1, 6, 1
125, 1, 188, 367, 814, 405, 1, 6, 1
126, 1, 180, 367, 809, 404, 1, 6, 1
127, 1, 171, 365, 810, 405, 1, 6, 1
128, 1, 162, 366, 814, 404, 1, 6, 1
129, 1, 151, 366, 820, 402, 1, 6, 1
130, 1, 145, 366, 821, 401, 1, 6, 1
131, 1, 134, 366, 825, 399, 1, 6, 1
132, 1, 124, 367, 833, 397, 1, 6, 1
133, 1, 120, 367, 825, 398, 1, 6, 1
134, 1, 115, 367, 821, 396, 1, 6, 1
135, 1, 107, 366, 829, 397, 1, 6, 1
136, 1, 99, 365, 828, 397, 1, 6, 1
137, 1, 88, 365, 831, 396, 1, 6, 1
138, 1, 81, 365, 829, 395, 1, 6, 1
139, 1, 73, 365, 836, 396, 1, 6, 1
140, 1, 64, 364, 837, 396, 1, 6, 1
141, 1, 55, 365, 840, 395, 1, 6, 1
142, 1, 44, 363, 838, 397, 1, 6, 1
143, 1, 33, 360, 849, 398, 1, 6, 1
144, 1, 26, 359, 855, 399, 1, 6, 1
145, 1, 19, 353, 861, 405, 1, 6, 1
146, 1, 14, 350, 850, 407, 1, 6, 1
147, 1, 11, 347, 845, 409, 1, 6, 1
148, 1, 7, 348, 850, 407, 1, 6, 1
149, 1, 2, 354, 837, 401, 1, 6, 1
150, 1, 4, 361, 828, 393, 1, 6, 1
151, 1, 5, 371, 826, 382, 1, 6, 1
152, 1, 4, 370, 813, 383, 1, 6, 1
153, 1, 4, 367, 803, 386, 1, 6, 1
154, 1, 5, 366, 795, 386, 1, 6, 1
155, 1, 3, 368, 789, 383, 1, 6, 1
156, 1, 3, 353, 788, 397, 1, 6, 1
157, 1, 4, 352, 782, 399, 1, 6, 1
158, 1, 4, 347, 780, 402, 1, 6, 1
159, 1, 2, 358, 781, 389, 1, 6, 1
160, 1, 5, 360, 771, 388, 1, 6, 1
161, 1, 1, 361, 761, 387, 1, 6, 1
162, 1, 2, 365, 757, 381, 1, 6, 1
163, 1, 1, 361, 752, 384, 1, 6, 1
164, 1, 1, 364, 748, 383, 1, 6, 1
165, 1, 3, 363, 725, 382, 1, 6, 1
166, 1, 3, 365, 719, 379, 1, 6, 1
167, 1, 4, 364, 719, 379, 1, 6, 1
168, 1, 1, 364, 708, 380, 1, 6, 1
169, 1, 3, 363, 702, 379, 1, 6, 1
170, 1, 5, 363, 687, 379, 1, 6, 1
171, 1, 4, 363, 690, 378, 1, 6, 1
172, 1, 3, 362, 683, 378, 1, 6, 1
173, 1, 3, 361, 679, 380, 1, 6, 1
174, 1, 4, 360, 668, 381, 1, 6, 1
175, 1, 5, 361, 660, 379, 1, 6, 1
176, 1, 4, 360, 655, 381, 1, 6, 1
177, 1, 4, 362, 644, 378, 1, 6, 1
178, 1, 4, 358, 637, 381, 1, 6, 1
179, 1, 4, 350, 627, 387, 1, 6, 1
180, 1, 3, 354, 621, 382, 1, 6, 1
181, 1, 7, 364, 613, 373, 1, 6, 1
182, 1, 6, 365, 612, 374, 1, 6, 1
183, 1, 8, 364, 602, 373, 1, 6, 1
184, 1, 6, 362, 587, 376, 1, 6, 1
185, 1, 7, 357, 577, 381, 1, 6, 1
186, 1, 7, 355, 569, 382, 1, 6, 1
187, 1, 7, 364, 565, 374, 1, 6, 1
188, 1, 6, 362, 552, 375, 1, 6, 1
189, 1, 6, 362, 544, 376, 1, 6, 1
190, 1, 5, 361, 540, 375, 1, 6, 1
191, 1, 5, 356, 534, 379, 1, 6, 1
192, 1, 5, 356, 526, 380, 1, 6, 1
193, 1, 5, 360, 515, 377, 1, 6, 1
194, 1, 5, 356, 509, 380, 1, 6, 1
195, 1, 9, 358, 495, 378, 1, 6, 1
196, 1, 4, 357, 492, 377, 1, 6, 1
197, 1, 4, 355, 483, 379, 1, 6, 1
198, 1, 4, 354, 471, 381, 1, 6, 1
199, 1, 5, 354, 466, 380, 1, 6, 1
200, 1, 4, 354, 459, 380, 1, 6, 1
201, 1, 4, 355, 452, 379, 1, 6, 1
202, 1, 5, 355, 443, 380, 1, 6, 1
203, 1, 3, 355, 435, 380, 1, 6, 1
204, 1, 5, 354, 424, 379, 1, 6, 1
205, 1, 5, 354, 416, 379, 1, 6, 1
206, 1, 3, 353, 415, 379, 1, 6, 1
207, 1, 5, 353, 399, 379, 1, 6, 1
208, 1, 4, 352, 393, 378, 1, 6, 1
209, 1, 4, 352, 386, 378, 1, 6, 1
210, 1, 5, 351, 379, 379, 1, 6, 1
211, 1, 5, 351, 370, 378, 1, 6, 1
212, 1, 4, 349, 360, 381, 1, 6, 1
213, 1, 6, 348, 348, 378, 1, 6, 1
214, 1, 5, 347, 344, 376, 1, 6, 1
215, 1, 5, 344, 339, 379, 1, 6, 1
216, 1, 5, 345, 332, 379, 1, 6, 1
217, 1, 3, 344, 322, 379, 1, 6, 1
218, 1, 2, 341, 313, 382, 1, 6, 1
219, 1, 4, 341, 302, 382, 1, 6, 1
220, 1, 3, 347, 298, 374, 1, 6, 1
221, 1, 4, 343, 293, 377, 1, 6, 1
222, 1, 4, 340, 288, 380, 1, 6, 1
223, 1, 4, 341, 268, 380, 1, 6, 1
224, 1, 5, 343, 259, 375, 1, 6, 1
225, 1, 4, 342, 253, 378, 1, 6, 1
226, 1, 3, 342, 244, 376, 1, 6, 1
227, 1, 4, 341, 235, 376, 1, 6, 1
228, 1, 3, 339, 228, 375, 1, 6, 1
229, 1, 4, 338, 218, 374, 1, 6, 1
230, 1, 3, 338, 214, 375, 1, 6, 1
231, 1, 3, 338, 202, 370, 1, 6, 1
232, 1, 4, 336, 194, 368, 1, 6, 1
233, 1, 4, 336, 185, 367, 1, 6, 1
234, 1, 3, 339, 179, 360, 1, 6, 1
235, 1, 2, 341, 173, 352, 1, 6, 1
236, 1, 2, 339, 163, 350, 1, 6, 1
237, 1, 2, 339, 163, 350, 1, 6, 1
238, 1, 1, 338, 157, 350, 1, 6, 1
239, 1, 1, 328, 150, 350, 1, 6, 1
240, 1, 1, 328, 141, 341, 1, 6, 1
241, 1, 1, 327, 132, 325, 1, 6, 1
242, 1, 1, 330, 124, 315, 1, 6, 1
243, 1, 1, 330, 116, 310, 1, 6, 1
1, 2, 195, 209, 129, 176, 1, 7, 1
2, 2, 199, 211, 125, 172, 1, 7, 1
3, 2, 202, 210, 121, 175, 1, 7, 1
4, 2, 204, 212, 117, 172, 1, 7, 1
5, 2, 209, 212, 109, 172, 1, 7, 1
6, 2, 212, 210, 106, 174, 1, 7, 1
7, 2, 213, 212, 104, 172, 1, 7, 1
8, 2, 212, 211, 104, 172, 1, 7, 1
9, 2, 211, 211, 105, 173, 1, 7, 1
10, 2, 211, 214, 104, 169, 1, 7, 1
11, 2, 212, 215, 101, 169, 1, 7, 1
12, 2, 212, 216, 100, 166, 1, 7, 1
13, 2, 213, 218, 98, 165, 1, 7, 1
14, 2, 214, 216, 96, 167, 1, 7, 1
15, 2, 213, 216, 95, 168, 1, 7, 1
16, 2, 212, 217, 95, 165, 1, 7, 1
17, 2, 212, 224, 95, 158, 1, 7, 1
18, 2, 213, 218, 93, 162, 1, 7, 1
19, 2, 212, 221, 93, 157, 1, 7, 1
20, 2, 212, 238, 92, 143, 1, 7, 1
21, 2, 211, 237, 94, 145, 1, 7, 1
22, 2, 211, 231, 93, 152, 1, 7, 1
23, 2, 210, 212, 95, 171, 1, 7, 1
24, 2, 211, 214, 93, 168, 1, 7, 1
25, 2, 211, 213, 95, 169, 1, 7, 1
26, 2, 210, 212, 96, 170, 1, 7, 1
27, 2, 210, 212, 95, 169, 1, 7, 1
28, 2, 209, 213, 96, 169, 1, 7, 1
29, 2, 209, 212, 97, 170, 1, 7, 1
30, 2, 209, 212, 96, 170, 1, 7, 1
31, 2, 209, 212, 96, 170, 1, 7, 1
32, 2, 210, 212, 95, 170, 1, 7, 1
33, 2, 210, 212, 95, 169, 1, 7, 1
34, 2, 210, 212, 94, 169, 1, 7, 1
35, 2, 210, 213, 95, 168, 1, 7, 1
36, 2, 210, 212, 95, 171, 1, 7, 1
37, 2, 209, 211, 95, 171, 1, 7, 1
38, 2, 211, 214, 94, 167, 1, 7, 1
39, 2, 210, 212, 94, 168, 1, 7, 1
40, 2, 210, 212, 95, 169, 1, 7, 1
41, 2, 212, 212, 93, 170, 1, 7, 1
42, 2, 210, 212, 95, 170, 1, 7, 1
43, 2, 210, 212, 95, 170, 1, 7, 1
44, 2, 212, 212, 92, 170, 1, 7, 1
45, 2, 212, 212, 93, 170, 1, 7, 1
46, 2, 212, 212, 93, 170, 1, 7, 1
47, 2, 211, 212, 94, 170, 1, 7, 1
48, 2, 212, 212, 93, 171, 1, 7, 1
49, 2, 211, 212, 94, 171, 1, 7, 1
50, 2, 212, 213, 92, 170, 1, 7, 1
51, 2, 212, 215, 93, 168, 1, 7, 1
52, 2, 212, 214, 93, 169, 1, 7, 1
53, 2, 213, 214, 91, 169, 1, 7, 1
54, 2, 212, 214, 93, 169, 1, 7, 1
55, 2, 212, 213, 93, 170, 1, 7, 1
56, 2, 212, 213, 93, 170, 1, 7, 1
57, 2, 213, 213, 92, 169, 1, 7, 1
58, 2, 213, 215, 92, 167, 1, 7, 1
59, 2, 212, 214, 93, 169, 1, 7, 1
60, 2, 212, 214, 92, 169, 1, 7, 1
61, 2, 212, 214, 92, 169, 1, 7, 1
62, 2, 212, 214, 94, 169, 1, 7, 1
63, 2, 212, 214, 94, 169, 1, 7, 1
64, 2, 213, 212, 93, 171, 1, 7, 1
65, 2, 212, 212, 93, 171, 1, 7, 1
66, 2, 213, 212, 93, 171, 1, 7, 1
67, 2, 213, 213, 93, 170, 1, 7, 1
68, 2, 212, 212, 94, 171, 1, 7, 1
69, 2, 213, 212, 93, 171, 1, 7, 1
70, 2, 213, 211, 94, 171, 1, 7, 1
71, 2, 214, 211, 92, 171, 1, 7, 1
72, 2, 213, 211, 94, 171, 1, 7, 1
73, 2, 213, 211, 94, 170, 1, 7, 1
74, 2, 214, 210, 92, 172, 1, 7, 1
75, 2, 213, 211, 93, 171, 1, 7, 1
76, 2, 213, 210, 94, 172, 1, 7, 1
77, 2, 213, 211, 94, 171, 1, 7, 1
78, 2, 214, 211, 93, 171, 1, 7, 1
79, 2, 213, 211, 94, 171, 1, 7, 1
80, 2, 214, 211, 93, 171, 1, 7, 1
81, 2, 213, 211, 93, 171, 1, 7, 1
82, 2, 213, 211, 93, 171, 1, 7, 1
83, 2, 213, 211, 94, 171, 1, 7, 1
84, 2, 213, 211, 94, 171, 1, 7, 1
85, 2, 213, 210, 94, 172, 1, 7, 1
86, 2, 213, 210, 93, 172, 1, 7, 1
87, 2, 214, 210, 93, 172, 1, 7, 1
88, 2, 214, 210, 93, 172, 1, 7, 1
89, 2, 213, 210, 94, 172, 1, 7, 1
90, 2, 214, 210, 92, 172, 1, 7, 1
91, 2, 213, 210, 94, 172, 1, 7, 1
92, 2, 213, 210, 94, 172, 1, 7, 1
93, 2, 213, 210, 95, 172, 1, 7, 1
94, 2, 214, 210, 93, 171, 1, 7, 1
95, 2, 213, 210, 94, 172, 1, 7, 1
96, 2, 214, 210, 93, 171, 1, 7, 1
97, 2, 213, 210, 94, 170, 1, 7, 1
98, 2, 214, 210, 92, 171, 1, 7, 1
99, 2, 213, 210, 94, 170, 1, 7, 1
100, 2, 212, 210, 95, 170, 1, 7, 1
101, 2, 212, 210, 95, 171, 1, 7, 1
102, 2, 212, 210, 95, 171, 1, 7, 1
103, 2, 213, 210, 94, 171, 1, 7, 1
104, 2, 212, 210, 94, 171, 1, 7, 1
105, 2, 212, 210, 95, 171, 1, 7, 1
106, 2, 212, 210, 95, 170, 1, 7, 1
107, 2, 212, 209, 94, 171, 1, 7, 1
108, 2, 212, 209, 94, 171, 1, 7, 1
109, 2, 212, 209, 95, 170, 1, 7, 1
110, 2, 213, 210, 92, 170, 1, 7, 1
111, 2, 211, 209, 95, 171, 1, 7, 1
112, 2, 212, 209, 93, 170, 1, 7, 1
113, 2, 211, 209, 95, 171, 1, 7, 1
114, 2, 212, 208, 94, 172, 1, 7, 1
115, 2, 211, 208, 96, 172, 1, 7, 1
116, 2, 209, 208, 98, 172, 1, 7, 1
117, 2, 210, 207, 97, 173, 1, 7, 1
118, 2, 209, 207, 98, 173, 1, 7, 1
119, 2, 209, 207, 98, 173, 1, 7, 1
120, 2, 209, 208, 97, 172, 1, 7, 1
121, 2, 208, 208, 99, 172, 1, 7, 1
122, 2, 209, 208, 97, 172, 1, 7, 1
123, 2, 208, 208, 99, 172, 1, 7, 1
124, 2, 208, 209, 98, 171, 1, 7, 1
125, 2, 207, 208, 100, 172, 1, 7, 1
126, 2, 208, 208, 100, 172, 1, 7, 1
127, 2, 207, 208, 100, 171, 1, 7, 1
128, 2, 207, 208, 101, 170, 1, 7, 1
129, 2, 207, 208, 101, 171, 1, 7, 1
130, 2, 207, 209, 102, 170, 1, 7, 1
131, 2, 208, 209, 100, 171, 1, 7, 1
132, 2, 207, 209, 102, 171, 1, 7, 1
133, 2, 207, 209, 102, 171, 1, 7, 1
134, 2, 207, 209, 102, 170, 1, 7, 1
135, 2, 207, 209, 101, 171, 1, 7, 1
136, 2, 207, 208, 102, 172, 1, 7, 1
137, 2, 207, 208, 102, 172, 1, 7, 1
138, 2, 208, 208, 100, 172, 1, 7, 1
139, 2, 207, 209, 102, 171, 1, 7, 1
140, 2, 207, 208, 102, 172, 1, 7, 1
141, 2, 208, 208, 101, 172, 1, 7, 1
142, 2, 207, 208, 102, 172, 1, 7, 1
143, 2, 208, 208, 101, 172, 1, 7, 1
144, 2, 208, 208, 101, 173, 1, 7, 1
145, 2, 208, 207, 101, 174, 1, 7, 1
146, 2, 207, 208, 102, 172, 1, 7, 1
147, 2, 208, 208, 101, 172, 1, 7, 1
148, 2, 207, 208, 102, 173, 1, 7, 1
149, 2, 208, 208, 101, 174, 1, 7, 1
150, 2, 207, 208, 102, 173, 1, 7, 1
151, 2, 207, 208, 102, 174, 1, 7, 1
152, 2, 208, 208, 101, 174, 1, 7, 1
153, 2, 207, 207, 100, 175, 1, 7, 1
154, 2, 207, 207, 101, 174, 1, 7, 1
155, 2, 207, 207, 100, 174, 1, 7, 1
156, 2, 207, 207, 101, 175, 1, 7, 1
157, 2, 207, 207, 101, 175, 1, 7, 1
158, 2, 208, 207, 100, 174, 1, 7, 1
159, 2, 207, 207, 101, 174, 1, 7, 1
160, 2, 208, 207, 99, 174, 1, 7, 1
161, 2, 207, 207, 101, 174, 1, 7, 1
162, 2, 208, 207, 100, 174, 1, 7, 1
163, 2, 207, 207, 101, 174, 1, 7, 1
164, 2, 209, 206, 99, 174, 1, 7, 1
165, 2, 207, 206, 100, 173, 1, 7, 1
166, 2, 208, 206, 100, 171, 1, 7, 1
167, 2, 209, 207, 98, 170, 1, 7, 1
168, 2, 208, 207, 98, 169, 1, 7, 1
169, 2, 208, 206, 99, 170, 1, 7, 1
170, 2, 208, 207, 99, 169, 1, 7, 1
171, 2, 208, 207, 98, 169, 1, 7, 1
172, 2, 209, 207, 98, 167, 1, 7, 1
173, 2, 208, 207, 97, 167, 1, 7, 1
174, 2, 208, 206, 98, 166, 1, 7, 1
175, 2, 209, 206, 97, 163, 1, 7, 1
176, 2, 209, 206, 97, 160, 1, 7, 1
177, 2, 209, 206, 97, 160, 1, 7, 1
178, 2, 209, 207, 96, 154, 1, 7, 1
179, 2, 210, 206, 96, 157, 1, 7, 1
180, 2, 211, 205, 96, 156, 1, 7, 1
181, 2, 210, 205, 96, 154, 1, 7, 1
182, 2, 211, 206, 95, 151, 1, 7, 1
183, 2, 212, 206, 94, 148, 1, 7, 1
184, 2, 210, 206, 96, 147, 1, 7, 1
185, 2, 212, 206, 94, 148, 1, 7, 1
186, 2, 212, 207, 93, 145, 1, 7, 1
187, 2, 212, 207, 94, 146, 1, 7, 1
188, 2, 213, 207, 93, 142, 1, 7, 1
189, 2, 212, 206, 94, 143, 1, 7, 1
190, 2, 213, 207, 92, 144, 1, 7, 1
191, 2, 213, 209, 92, 141, 1, 7, 1
192, 2, 213, 211, 93, 138, 1, 7, 1
193, 2, 214, 212, 92, 137, 1, 7, 1
194, 2, 213, 220, 94, 131, 1, 7, 1
195, 2, 215, 222, 92, 129, 1, 7, 1
196, 2, 214, 212, 94, 138, 1, 7, 1
197, 2, 215, 210, 93, 141, 1, 7, 1
198, 2, 213, 211, 96, 137, 1, 7, 1
199, 2, 213, 212, 97, 136, 1, 7, 1
200, 2, 213, 209, 97, 139, 1, 7, 1
201, 2, 214, 209, 97, 140, 1, 7, 1
202, 2, 214, 207, 99, 142, 1, 7, 1
203, 2, 212, 208, 101, 141, 1, 7, 1
204, 2, 210, 207, 103, 142, 1, 7, 1
205, 2, 211, 209, 104, 139, 1, 7, 1
206, 2, 210, 208, 106, 140, 1, 7, 1
207, 2, 210, 210, 106, 139, 1, 7, 1
208, 2, 211, 207, 105, 141, 1, 7, 1
209, 2, 211, 208, 107, 140, 1, 7, 1
210, 2, 206, 208, 112, 139, 1, 7, 1
211, 2, 206, 207, 113, 141, 1, 7, 1
212, 2, 203, 207, 116, 141, 1, 7, 1
213, 2, 200, 206, 122, 141, 1, 7, 1
214, 2, 201, 205, 122, 140, 1, 7, 1
215, 2, 199, 205, 124, 137, 1, 7, 1
216, 2, 193, 205, 130, 140, 1, 7, 1
217, 2, 194, 205, 128, 141, 1, 7, 1
218, 2, 190, 206, 134, 140, 1, 7, 1
219, 2, 190, 207, 133, 139, 1, 7, 1
220, 2, 187, 207, 139, 140, 1, 7, 1
221, 2, 187, 207, 139, 141, 1, 7, 1
222, 2, 187, 207, 139, 142, 1, 7, 1
223, 2, 183, 208, 142, 141, 1, 7, 1
224, 2, 182, 208, 143, 141, 1, 7, 1
225, 2, 185, 206, 141, 143, 1, 7, 1
226, 2, 186, 206, 140, 143, 1, 7, 1
227, 2, 184, 206, 143, 146, 1, 7, 1
228, 2, 183, 206, 144, 145, 1, 7, 1
229, 2, 184, 205, 142, 147, 1, 7, 1
230, 2, 183, 206, 144, 150, 1, 7, 1
231, 2, 186, 205, 139, 169, 1, 7, 1
232, 2, 182, 205, 142, 173, 1, 7, 1
233, 2, 182, 205, 142, 170, 1, 7, 1
234, 2, 181, 205, 144, 173, 1, 7, 1
235, 2, 183, 205, 138, 174, 1, 7, 1
236, 2, 181, 205, 143, 172, 1, 7, 1
237, 2, 181, 206, 144, 172, 1, 7, 1
238, 2, 181, 205, 140, 174, 1, 7, 1
239, 2, 179, 205, 146, 174, 1, 7, 1
240, 2, 181, 205, 143, 173, 1, 7, 1
241, 2, 179, 205, 145, 173, 1, 7, 1
242, 2, 179, 206, 141, 172, 1, 7, 1
243, 2, 180, 206, 145, 173, 1, 7, 1
244, 2, 180, 206, 144, 172, 1, 7, 1
245, 2, 181, 206, 142, 172, 1, 7, 1
246, 2, 178, 206, 147, 172, 1, 7, 1
247, 2, 180, 206, 144, 172, 1, 7, 1
248, 2, 178, 206, 146, 173, 1, 7, 1
249, 2, 180, 206, 143, 171, 1, 7, 1
250, 2, 181, 206, 143, 172, 1, 7, 1
251, 2, 181, 206, 143, 172, 1, 7, 1
252, 2, 180, 206, 145, 172, 1, 7, 1
253, 2, 182, 206, 143, 172, 1, 7, 1
254, 2, 179, 206, 146, 171, 1, 7, 1
255, 2, 179, 206, 145, 171, 1, 7, 1
256, 2, 179, 206, 145, 171, 1, 7, 1
257, 2, 179, 206, 146, 172, 1, 7, 1
258, 2, 180, 206, 145, 172, 1, 7, 1
259, 2, 181, 206, 143, 172, 1, 7, 1
260, 2, 180, 206, 145, 172, 1, 7, 1
261, 2, 179, 206, 146, 172, 1, 7, 1
262, 2, 179, 206, 145, 172, 1, 7, 1
263, 2, 180, 206, 145, 172, 1, 7, 1
264, 2, 179, 206, 145, 171, 1, 7, 1
265, 2, 181, 205, 143, 172, 1, 7, 1
266, 2, 179, 206, 146, 172, 1, 7, 1
267, 2, 180, 205, 144, 173, 1, 7, 1
268, 2, 180, 205, 145, 172, 1, 7, 1
269, 2, 181, 205, 143, 172, 1, 7, 1
270, 2, 182, 204, 143, 173, 1, 7, 1
271, 2, 182, 204, 143, 173, 1, 7, 1
272, 2, 182, 205, 143, 171, 1, 7, 1
273, 2, 182, 204, 143, 173, 1, 7, 1
274, 2, 181, 204, 144, 172, 1, 7, 1
275, 2, 181, 204, 144, 173, 1, 7, 1
276, 2, 180, 205, 141, 172, 1, 7, 1
277, 2, 181, 204, 143, 173, 1, 7, 1
278, 2, 181, 205, 140, 172, 1, 7, 1
279, 2, 181, 204, 144, 172, 1, 7, 1
280, 2, 182, 205, 143, 172, 1, 7, 1
281, 2, 181, 205, 143, 172, 1, 7, 1
282, 2, 182, 205, 143, 171, 1, 7, 1
283, 2, 180, 205, 144, 171, 1, 7, 1
284, 2, 181, 204, 144, 173, 1, 7, 1
285, 2, 181, 205, 144, 172, 1, 7, 1
286, 2, 181, 204, 143, 172, 1, 7, 1
287, 2, 181, 205, 144, 171, 1, 7, 1
288, 2, 180, 204, 145, 172, 1, 7, 1
289, 2, 180, 204, 144, 172, 1, 7, 1
290, 2, 180, 205, 145, 171, 1, 7, 1
291, 2, 179, 205, 145, 171, 1, 7, 1
292, 2, 180, 205, 145, 171, 1, 7, 1
293, 2, 179, 205, 145, 171, 1, 7, 1
294, 2, 180, 205, 144, 171, 1, 7, 1
295, 2, 179, 205, 141, 171, 1, 7, 1
296, 2, 179, 205, 145, 171, 1, 7, 1
297, 2, 179, 205, 146, 170, 1, 7, 1
298, 2, 179, 205, 146, 170, 1, 7, 1
299, 2, 178, 205, 146, 170, 1, 7, 1
300, 2, 178, 205, 145, 169, 1, 7, 1
301, 2, 178, 205, 147, 170, 1, 7, 1
302, 2, 179, 205, 146, 170, 1, 7, 1
303, 2, 178, 205, 147, 170, 1, 7, 1
304, 2, 178, 205, 146, 170, 1, 7, 1
305, 2, 179, 206, 145, 169, 1, 7, 1
306, 2, 178, 205, 146, 170, 1, 7, 1
307, 2, 179, 205, 146, 169, 1, 7, 1
308, 2, 179, 205, 146, 170, 1, 7, 1
309, 2, 178, 205, 147, 170, 1, 7, 1
310, 2, 178, 205, 146, 170, 1, 7, 1
311, 2, 178, 205, 146, 170, 1, 7, 1
312, 2, 178, 205, 146, 170, 1, 7, 1
313, 2, 178, 205, 146, 170, 1, 7, 1
314, 2, 180, 205, 144, 170, 1, 7, 1
315, 2, 179, 205, 145, 170, 1, 7, 1
316, 2, 180, 205, 144, 170, 1, 7, 1
317, 2, 179, 205, 146, 170, 1, 7, 1
318, 2, 179, 205, 141, 170, 1, 7, 1
319, 2, 180, 205, 145, 170, 1, 7, 1
320, 2, 180, 205, 146, 170, 1, 7, 1
321, 2, 179, 205, 147, 171, 1, 7, 1
322, 2, 179, 205, 143, 170, 1, 7, 1
323, 2, 179, 205, 143, 170, 1, 7, 1
324, 2, 179, 205, 147, 170, 1, 7, 1
325, 2, 180, 205, 144, 171, 1, 7, 1
326, 2, 179, 205, 147, 170, 1, 7, 1
327, 2, 179, 205, 147, 171, 1, 7, 1
328, 2, 179, 205, 142, 170, 1, 7, 1
329, 2, 179, 205, 145, 170, 1, 7, 1
330, 2, 179, 205, 146, 170, 1, 7, 1
331, 2, 179, 205, 147, 170, 1, 7, 1
332, 2, 179, 205, 146, 170, 1, 7, 1
333, 2, 180, 205, 145, 169, 1, 7, 1
334, 2, 180, 205, 146, 170, 1, 7, 1
335, 2, 180, 205, 145, 170, 1, 7, 1
336, 2, 179, 205, 144, 169, 1, 7, 1
337, 2, 179, 205, 145, 170, 1, 7, 1
338, 2, 179, 205, 145, 170, 1, 7, 1
339, 2, 179, 205, 145, 170, 1, 7, 1
340, 2, 179, 205, 146, 170, 1, 7, 1
341, 2, 180, 205, 145, 170, 1, 7, 1
342, 2, 181, 205, 142, 170, 1, 7, 1
343, 2, 180, 205, 143, 170, 1, 7, 1
344, 2, 180, 206, 143, 169, 1, 7, 1
345, 2, 181, 206, 142, 168, 1, 7, 1
346, 2, 181, 206, 142, 169, 1, 7, 1
347, 2, 181, 206, 141, 169, 1, 7, 1
348, 2, 180, 206, 143, 169, 1, 7, 1
349, 2, 180, 206, 144, 169, 1, 7, 1
350, 2, 178, 206, 145, 169, 1, 7, 1
351, 2, 179, 206, 144, 169, 1, 7, 1
352, 2, 178, 206, 144, 168, 1, 7, 1
353, 2, 178, 206, 144, 168, 1, 7, 1
354, 2, 179, 206, 143, 169, 1, 7, 1
355, 2, 180, 206, 142, 169, 1, 7, 1
356, 2, 179, 206, 143, 169, 1, 7, 1
357, 2, 178, 206, 143, 168, 1, 7, 1
358, 2, 178, 206, 144, 169, 1, 7, 1
359, 2, 178, 206, 144, 169, 1, 7, 1
360, 2, 178, 206, 143, 168, 1, 7, 1
361, 2, 177, 206, 145, 168, 1, 7, 1
362, 2, 178, 207, 144, 166, 1, 7, 1
363, 2, 177, 207, 146, 167, 1, 7, 1
364, 2, 178, 207, 145, 167, 1, 7, 1
365, 2, 176, 207, 147, 167, 1, 7, 1
366, 2, 176, 207, 147, 167, 1, 7, 1
367, 2, 176, 207, 147, 167, 1, 7, 1
368, 2, 177, 207, 146, 167, 1, 7, 1
369, 2, 177, 207, 146, 167, 1, 7, 1
370, 2, 176, 207, 149, 167, 1, 7, 1
371, 2, 175, 207, 150, 168, 1, 7, 1
372, 2, 175, 207, 150, 166, 1, 7, 1
373, 2, 175, 207, 150, 167, 1, 7, 1
374, 2, 176, 207, 148, 168, 1, 7, 1
375, 2, 174, 207, 151, 168, 1, 7, 1
376, 2, 174, 207, 150, 167, 1, 7, 1
377, 2, 174, 207, 152, 167, 1, 7, 1
378, 2, 174, 207, 150, 167, 1, 7, 1
379, 2, 174, 207, 150, 167, 1, 7, 1
380, 2, 173, 207, 151, 167, 1, 7, 1
381, 2, 174, 207, 151, 166, 1, 7, 1
382, 2, 173, 207, 152, 167, 1, 7, 1
383, 2, 173, 207, 151, 167, 1, 7, 1
384, 2, 173, 207, 153, 167, 1, 7, 1
385, 2, 173, 207, 152, 167, 1, 7, 1
386, 2, 171, 207, 153, 167, 1, 7, 1
387, 2, 171, 207, 154, 167, 1, 7, 1
388, 2, 171, 207, 153, 167, 1, 7, 1
389, 2, 172, 206, 153, 167, 1, 7, 1
390, 2, 171, 207, 153, 165, 1, 7, 1
391, 2, 171, 207, 153, 167, 1, 7, 1
392, 2, 172, 206, 151, 167, 1, 7, 1
393, 2, 171, 206, 154, 167, 1, 7, 1
394, 2, 171, 206, 154, 167, 1, 7, 1
395, 2, 171, 206, 153, 167, 1, 7, 1
396, 2, 171, 206, 153, 167, 1, 7, 1
397, 2, 170, 206, 154, 167, 1, 7, 1
398, 2, 171, 205, 154, 167, 1, 7, 1
399, 2, 171, 205, 153, 167, 1, 7, 1
400, 2, 170, 206, 154, 166, 1, 7, 1
401, 2, 170, 206, 154, 166, 1, 7, 1
402, 2, 170, 205, 154, 167, 1, 7, 1
403, 2, 171, 205, 153, 167, 1, 7, 1
404, 2, 171, 206, 154, 166, 1, 7, 1
405, 2, 171, 206, 154, 166, 1, 7, 1
406, 2, 170, 205, 154, 167, 1, 7, 1
407, 2, 170, 206, 155, 166, 1, 7, 1
408, 2, 171, 205, 153, 167, 1, 7, 1
409, 2, 171, 206, 153, 166, 1, 7, 1
410, 2, 170, 206, 153, 165, 1, 7, 1
411, 2, 171, 206, 153, 166, 1, 7, 1
412, 2, 171, 206, 153, 166, 1, 7, 1
413, 2, 170, 206, 153, 166, 1, 7, 1
414, 2, 170, 206, 154, 166, 1, 7, 1
415, 2, 171, 206, 153, 166, 1, 7, 1
416, 2, 170, 206, 154, 166, 1, 7, 1
417, 2, 171, 206, 153, 166, 1, 7, 1
418, 2, 169, 205, 156, 167, 1, 7, 1
419, 2, 170, 206, 155, 166, 1, 7, 1
420, 2, 168, 205, 156, 167, 1, 7, 1
421, 2, 169, 205, 155, 166, 1, 7, 1
422, 2, 169, 205, 155, 167, 1, 7, 1
423, 2, 169, 205, 155, 166, 1, 7, 1
424, 2, 168, 205, 156, 167, 1, 7, 1
425, 2, 168, 205, 157, 166, 1, 7, 1
426, 2, 169, 205, 154, 167, 1, 7, 1
427, 2, 169, 205, 155, 167, 1, 7, 1
428, 2, 168, 205, 155, 167, 1, 7, 1
429, 2, 167, 205, 157, 167, 1, 7, 1
430, 2, 166, 205, 158, 166, 1, 7, 1
431, 2, 167, 205, 157, 166, 1, 7, 1
432, 2, 167, 205, 156, 166, 1, 7, 1
433, 2, 167, 204, 157, 167, 1, 7, 1
434, 2, 167, 204, 155, 167, 1, 7, 1
435, 2, 167, 204, 156, 167, 1, 7, 1
436, 2, 166, 204, 156, 167, 1, 7, 1
437, 2, 166, 204, 157, 167, 1, 7, 1
438, 2, 168, 204, 155, 167, 1, 7, 1
439, 2, 168, 204, 155, 167, 1, 7, 1
440, 2, 166, 204, 158, 167, 1, 7, 1
441, 2, 168, 204, 156, 166, 1, 7, 1
442, 2, 166, 204, 158, 167, 1, 7, 1
443, 2, 166, 204, 157, 167, 1, 7, 1
444, 2, 165, 204, 157, 167, 1, 7, 1
445, 2, 164, 204, 159, 167, 1, 7, 1
446, 2, 164, 204, 159, 166, 1, 7, 1
447, 2, 163, 204, 161, 166, 1, 7, 1
448, 2, 163, 204, 160, 165, 1, 7, 1
449, 2, 164, 204, 159, 166, 1, 7, 1
450, 2, 162, 204, 160, 166, 1, 7, 1
451, 2, 163, 204, 161, 165, 1, 7, 1
452, 2, 160, 204, 164, 166, 1, 7, 1
453, 2, 160, 204, 163, 166, 1, 7, 1
454, 2, 159, 204, 164, 166, 1, 7, 1
455, 2, 159, 204, 165, 166, 1, 7, 1
456, 2, 157, 204, 167, 166, 1, 7, 1
457, 2, 157, 204, 166, 165, 1, 7, 1
458, 2, 156, 205, 170, 164, 1, 7, 1
459, 2, 156, 204, 170, 165, 1, 7, 1
460, 2, 153, 204, 172, 165, 1, 7, 1
461, 2, 150, 204, 176, 165, 1, 7, 1
462, 2, 149, 204, 177, 165, 1, 7, 1
463, 2, 144, 205, 183, 164, 1, 7, 1
464, 2, 142, 205, 185, 164, 1, 7, 1
465, 2, 142, 206, 185, 163, 1, 7, 1
466, 2, 139, 206, 189, 163, 1, 7, 1
467, 2, 137, 206, 191, 163, 1, 7, 1
468, 2, 135, 205, 194, 164, 1, 7, 1
469, 2, 132, 205, 198, 165, 1, 7, 1
470, 2, 135, 205, 195, 163, 1, 7, 1
471, 2, 131, 206, 200, 163, 1, 7, 1
472, 2, 128, 205, 202, 165, 1, 7, 1
473, 2, 126, 205, 203, 164, 1, 7, 1
474, 2, 122, 206, 210, 164, 1, 7, 1
475, 2, 120, 206, 211, 164, 1, 7, 1
476, 2, 118, 207, 215, 163, 1, 7, 1
477, 2, 118, 207, 213, 163, 1, 7, 1
478, 2, 117, 207, 218, 163, 1, 7, 1
479, 2, 113, 208, 222, 162, 1, 7, 1
480, 2, 111, 208, 225, 161, 1, 7, 1
481, 2, 110, 209, 225, 160, 1, 7, 1
482, 2, 110, 209, 224, 160, 1, 7, 1
483, 2, 110, 209, 223, 160, 1, 7, 1
484, 2, 102, 210, 234, 160, 1, 7, 1
485, 2, 101, 211, 236, 159, 1, 7, 1
486, 2, 101, 211, 237, 159, 1, 7, 1
487, 2, 100, 211, 238, 158, 1, 7, 1
488, 2, 99, 212, 237, 157, 1, 7, 1
489, 2, 99, 213, 239, 157, 1, 7, 1
490, 2, 94, 214, 244, 155, 1, 7, 1
491, 2, 94, 215, 245, 155, 1, 7, 1
492, 2, 91, 215, 248, 154, 1, 7, 1
493, 2, 90, 216, 247, 153, 1, 7, 1
494, 2, 85, 217, 254, 152, 1, 7, 1
495, 2, 85, 216, 251, 153, 1, 7, 1
496, 2, 86, 216, 253, 154, 1, 7, 1
497, 2, 85, 217, 252, 153, 1, 7, 1
498, 2, 86, 217, 251, 153, 1, 7, 1
499, 2, 86, 218, 251, 152, 1, 7, 1
500, 2, 85, 219, 254, 151, 1, 7, 1
501, 2, 86, 219, 249, 151, 1, 7, 1
502, 2, 86, 220, 251, 149, 1, 7, 1
503, 2, 87, 220, 252, 150, 1, 7, 1
504, 2, 88, 220, 250, 150, 1, 7, 1
505, 2, 88, 220, 251, 149, 1, 7, 1
506, 2, 88, 221, 247, 147, 1, 7, 1
507, 2, 88, 221, 246, 148, 1, 7, 1
508, 2, 91, 221, 246, 148, 1, 7, 1
509, 2, 89, 222, 250, 146, 1, 7, 1
510, 2, 88, 224, 250, 144, 1, 7, 1
511, 2, 89, 224, 249, 145, 1, 7, 1
512, 2, 89, 225, 250, 144, 1, 7, 1
513, 2, 90, 225, 248, 144, 1, 7, 1
514, 2, 91, 226, 247, 143, 1, 7, 1
515, 2, 89, 227, 249, 141, 1, 7, 1
516, 2, 91, 228, 247, 140, 1, 7, 1
517, 2, 90, 228, 246, 140, 1, 7, 1
518, 2, 92, 228, 244, 140, 1, 7, 1
519, 2, 91, 229, 245, 140, 1, 7, 1
520, 2, 91, 230, 245, 138, 1, 7, 1
521, 2, 91, 230, 247, 138, 1, 7, 1
522, 2, 91, 232, 245, 136, 1, 7, 1
523, 2, 91, 233, 245, 135, 1, 7, 1
524, 2, 93, 233, 244, 135, 1, 7, 1
525, 2, 91, 234, 244, 134, 1, 7, 1
526, 2, 89, 234, 247, 134, 1, 7, 1
527, 2, 90, 235, 248, 132, 1, 7, 1
528, 2, 90, 235, 247, 132, 1, 7, 1
529, 2, 89, 235, 247, 133, 1, 7, 1
530, 2, 88, 235, 248, 133, 1, 7, 1
531, 2, 89, 235, 249, 133, 1, 7, 1
532, 2, 88, 237, 247, 130, 1, 7, 1
533, 2, 88, 236, 250, 131, 1, 7, 1
534, 2, 89, 237, 247, 131, 1, 7, 1
535, 2, 88, 238, 248, 130, 1, 7, 1
536, 2, 87, 239, 252, 129, 1, 7, 1
537, 2, 87, 238, 248, 129, 1, 7, 1
538, 2, 85, 239, 253, 128, 1, 7, 1
539, 2, 85, 242, 254, 125, 1, 7, 1
540, 2, 83, 239, 255, 129, 1, 7, 1
541, 2, 83, 240, 253, 127, 1, 7, 1
542, 2, 82, 238, 254, 130, 1, 7, 1
543, 2, 82, 240, 255, 128, 1, 7, 1
544, 2, 82, 241, 256, 127, 1, 7, 1
545, 2, 82, 242, 255, 125, 1, 7, 1
546, 2, 82, 245, 255, 123, 1, 7, 1
547, 2, 82, 245, 255, 123, 1, 7, 1
548, 2, 83, 242, 254, 126, 1, 7, 1
549, 2, 84, 243, 254, 124, 1, 7, 1
550, 2, 82, 241, 255, 127, 1, 7, 1
551, 2, 81, 243, 257, 124, 1, 7, 1
552, 2, 81, 243, 256, 125, 1, 7, 1
553, 2, 81, 245, 256, 122, 1, 7, 1
554, 2, 82, 243, 254, 125, 1, 7, 1
555, 2, 83, 243, 254, 124, 1, 7, 1
556, 2, 82, 241, 255, 126, 1, 7, 1
557, 2, 82, 242, 256, 125, 1, 7, 1
558, 2, 85, 241, 250, 127, 1, 7, 1
559, 2, 82, 241, 255, 127, 1, 7, 1
560, 2, 83, 241, 254, 126, 1, 7, 1
561, 2, 83, 242, 255, 125, 1, 7, 1
562, 2, 83, 240, 256, 128, 1, 7, 1
563, 2, 82, 240, 256, 128, 1, 7, 1
564, 2, 81, 239, 257, 128, 1, 7, 1
565, 2, 82, 239, 254, 127, 1, 7, 1
566, 2, 79, 238, 259, 129, 1, 7, 1
567, 2, 76, 239, 262, 127, 1, 7, 1
568, 2, 76, 239, 260, 128, 1, 7, 1
569, 2, 76, 237, 262, 131, 1, 7, 1
570, 2, 77, 237, 261, 130, 1, 7, 1
571, 2, 73, 237, 265, 130, 1, 7, 1
572, 2, 73, 236, 265, 132, 1, 7, 1
573, 2, 71, 237, 268, 130, 1, 7, 1
574, 2, 72, 236, 266, 132, 1, 7, 1
575, 2, 74, 235, 265, 133, 1, 7, 1
576, 2, 73, 235, 267, 132, 1, 7, 1
577, 2, 72, 234, 266, 134, 1, 7, 1
578, 2, 69, 234, 270, 134, 1, 7, 1
579, 2, 68, 233, 271, 135, 1, 7, 1
580, 2, 69, 234, 271, 133, 1, 7, 1
581, 2, 69, 231, 270, 136, 1, 7, 1
582, 2, 69, 232, 268, 136, 1, 7, 1
583, 2, 69, 231, 272, 137, 1, 7, 1
584, 2, 72, 230, 268, 138, 1, 7, 1
585, 2, 70, 230, 271, 137, 1, 7, 1
586, 2, 69, 229, 273, 138, 1, 7, 1
587, 2, 71, 229, 270, 139, 1, 7, 1
588, 2, 69, 228, 271, 139, 1, 7, 1
589, 2, 71, 227, 270, 140, 1, 7, 1
590, 2, 70, 227, 270, 140, 1, 7, 1
591, 2, 70, 225, 272, 142, 1, 7, 1
592, 2, 71, 226, 271, 142, 1, 7, 1
593, 2, 72, 225, 270, 143, 1, 7, 1
594, 2, 72, 225, 271, 142, 1, 7, 1
595, 2, 72, 224, 270, 143, 1, 7, 1
596, 2, 73, 224, 269, 144, 1, 7, 1
597, 2, 72, 224, 271, 144, 1, 7, 1
598, 2, 71, 224, 272, 143, 1, 7, 1
599, 2, 70, 222, 272, 146, 1, 7, 1
600, 2, 73, 221, 270, 146, 1, 7, 1
601, 2, 74, 220, 268, 147, 1, 7, 1
602, 2, 77, 219, 266, 149, 1, 7, 1
603, 2, 75, 218, 268, 150, 1, 7, 1
604, 2, 75, 218, 266, 149, 1, 7, 1
605, 2, 72, 217, 270, 150, 1, 7, 1
606, 2, 70, 216, 270, 152, 1, 7, 1
607, 2, 70, 215, 272, 153, 1, 7, 1
608, 2, 70, 215, 274, 153, 1, 7, 1
609, 2, 67, 214, 277, 153, 1, 7, 1
610, 2, 73, 213, 270, 155, 1, 7, 1
611, 2, 76, 213, 267, 154, 1, 7, 1
612, 2, 71, 213, 272, 155, 1, 7, 1
613, 2, 71, 212, 271, 157, 1, 7, 1
614, 2, 77, 212, 264, 156, 1, 7, 1
615, 2, 75, 212, 268, 155, 1, 7, 1
616, 2, 76, 212, 265, 157, 1, 7, 1
617, 2, 79, 212, 261, 156, 1, 7, 1
618, 2, 80, 212, 263, 157, 1, 7, 1
619, 2, 78, 212, 265, 157, 1, 7, 1
620, 2, 77, 212, 264, 155, 1, 7, 1
621, 2, 77, 211, 266, 158, 1, 7, 1
622, 2, 79, 211, 264, 158, 1, 7, 1
623, 2, 80, 211, 259, 158, 1, 7, 1
624, 2, 80, 210, 263, 158, 1, 7, 1
625, 2, 77, 209, 266, 160, 1, 7, 1
626, 2, 82, 209, 261, 160, 1, 7, 1
627, 2, 82, 210, 260, 158, 1, 7, 1
628, 2, 83, 210, 258, 160, 1, 7, 1
629, 2, 85, 210, 258, 159, 1, 7, 1
630, 2, 83, 209, 259, 159, 1, 7, 1
631, 2, 85, 209, 257, 160, 1, 7, 1
632, 2, 81, 209, 262, 159, 1, 7, 1
633, 2, 81, 208, 261, 160, 1, 7, 1
634, 2, 80, 207, 262, 161, 1, 7, 1
635, 2, 80, 208, 263, 160, 1, 7, 1
636, 2, 81, 207, 261, 161, 1, 7, 1
637, 2, 81, 207, 260, 161, 1, 7, 1
638, 2, 77, 207, 262, 161, 1, 7, 1
639, 2, 79, 206, 263, 163, 1, 7, 1
640, 2, 80, 206, 260, 162, 1, 7, 1
641, 2, 79, 206, 263, 162, 1, 7, 1
642, 2, 82, 206, 261, 163, 1, 7, 1
643, 2, 82, 206, 260, 162, 1, 7, 1
644, 2, 80, 206, 260, 162, 1, 7, 1
645, 2, 79, 206, 261, 163, 1, 7, 1
646, 2, 81, 206, 258, 161, 1, 7, 1
647, 2, 79, 206, 260, 162, 1, 7, 1
648, 2, 76, 206, 266, 162, 1, 7, 1
649, 2, 78, 206, 261, 161, 1, 7, 1
650, 2, 76, 206, 264, 162, 1, 7, 1
651, 2, 81, 206, 261, 162, 1, 7, 1
652, 2, 79, 206, 261, 162, 1, 7, 1
653, 2, 77, 206, 263, 161, 1, 7, 1
654, 2, 78, 206, 264, 161, 1, 7, 1
655, 2, 82, 206, 257, 162, 1, 7, 1
656, 2, 81, 205, 259, 162, 1, 7, 1
657, 2, 80, 204, 261, 164, 1, 7, 1
658, 2, 81, 204, 260, 165, 1, 7, 1
659, 2, 82, 203, 259, 165, 1, 7, 1
660, 2, 85, 204, 257, 164, 1, 7, 1
661, 2, 85, 203, 257, 164, 1, 7, 1
662, 2, 83, 202, 258, 166, 1, 7, 1
663, 2, 83, 202, 260, 166, 1, 7, 1
664, 2, 81, 201, 260, 166, 1, 7, 1
665, 2, 81, 200, 261, 167, 1, 7, 1
666, 2, 76, 199, 265, 169, 1, 7, 1
667, 2, 80, 198, 261, 171, 1, 7, 1
668, 2, 75, 198, 263, 170, 1, 7, 1
669, 2, 78, 197, 263, 171, 1, 7, 1
670, 2, 74, 195, 267, 174, 1, 7, 1
671, 2, 75, 194, 266, 175, 1, 7, 1
672, 2, 75, 194, 268, 174, 1, 7, 1
673, 2, 72, 193, 269, 176, 1, 7, 1
674, 2, 72, 193, 270, 175, 1, 7, 1
675, 2, 70, 192, 273, 177, 1, 7, 1
676, 2, 71, 192, 272, 176, 1, 7, 1
677, 2, 69, 191, 274, 176, 1, 7, 1
678, 2, 70, 191, 273, 177, 1, 7, 1
679, 2, 64, 190, 280, 178, 1, 7, 1
680, 2, 65, 190, 278, 179, 1, 7, 1
681, 2, 65, 190, 279, 179, 1, 7, 1
682, 2, 63, 190, 279, 178, 1, 7, 1
683, 2, 62, 190, 280, 178, 1, 7, 1
684, 2, 59, 189, 283, 179, 1, 7, 1
685, 2, 59, 189, 283, 178, 1, 7, 1
686, 2, 58, 190, 285, 177, 1, 7, 1
687, 2, 56, 188, 284, 180, 1, 7, 1
688, 2, 57, 188, 283, 179, 1, 7, 1
689, 2, 59, 187, 284, 180, 1, 7, 1
690, 2, 54, 186, 288, 181, 1, 7, 1
691, 2, 59, 185, 282, 182, 1, 7, 1
692, 2, 71, 184, 272, 184, 1, 7, 1
693, 2, 71, 184, 273, 183, 1, 7, 1
694, 2, 47, 183, 296, 184, 1, 7, 1
695, 2, 52, 183, 292, 184, 1, 7, 1
696, 2, 47, 181, 296, 186, 1, 7, 1
697, 2, 45, 181, 297, 186, 1, 7, 1
698, 2, 41, 180, 301, 188, 1, 7, 1
699, 2, 41, 180, 302, 188, 1, 7, 1
700, 2, 37, 179, 304, 187, 1, 7, 1
701, 2, 36, 179, 308, 188, 1, 7, 1
702, 2, 35, 178, 308, 189, 1, 7, 1
703, 2, 36, 179, 307, 188, 1, 7, 1
704, 2, 36, 178, 308, 189, 1, 7, 1
705, 2, 33, 178, 310, 189, 1, 7, 1
706, 2, 32, 177, 312, 191, 1, 7, 1
707, 2, 31, 177, 310, 189, 1, 7, 1
708, 2, 28, 177, 317, 190, 1, 7, 1
709, 2, 27, 176, 317, 191, 1, 7, 1
710, 2, 27, 176, 315, 191, 1, 7, 1
711, 2, 22, 176, 320, 191, 1, 7, 1
712, 2, 23, 176, 321, 191, 1, 7, 1
713, 2, 24, 175, 319, 192, 1, 7, 1
714, 2, 24, 175, 321, 192, 1, 7, 1
715, 2, 21, 175, 323, 192, 1, 7, 1
716, 2, 23, 174, 324, 193, 1, 7, 1
717, 2, 24, 173, 323, 194, 1, 7, 1
718, 2, 20, 173, 326, 194, 1, 7, 1
719, 2, 21, 172, 324, 196, 1, 7, 1
720, 2, 21, 173, 326, 197, 1, 7, 1
721, 2, 22, 173, 325, 197, 1, 7, 1
722, 2, 21, 172, 326, 197, 1, 7, 1
723, 2, 22, 172, 323, 197, 1, 7, 1
724, 2, 23, 172, 325, 197, 1, 7, 1
725, 2, 28, 172, 319, 197, 1, 7, 1
726, 2, 28, 172, 319, 197, 1, 7, 1
727, 2, 28, 172, 319, 197, 1, 7, 1
728, 2, 32, 172, 311, 198, 1, 7, 1
729, 2, 34, 173, 308, 196, 1, 7, 1
730, 2, 34, 173, 312, 197, 1, 7, 1
731, 2, 37, 173, 308, 196, 1, 7, 1
732, 2, 36, 174, 308, 196, 1, 7, 1
733, 2, 37, 173, 309, 196, 1, 7, 1
734, 2, 39, 173, 307, 195, 1, 7, 1
735, 2, 40, 174, 306, 196, 1, 7, 1
736, 2, 43, 173, 304, 194, 1, 7, 1
737, 2, 43, 173, 304, 197, 1, 7, 1
738, 2, 49, 173, 295, 196, 1, 7, 1
739, 2, 49, 174, 296, 196, 1, 7, 1
740, 2, 55, 174, 291, 196, 1, 7, 1
741, 2, 56, 174, 288, 195, 1, 7, 1
742, 2, 60, 175, 285, 194, 1, 7, 1
743, 2, 62, 175, 283, 194, 1, 7, 1
744, 2, 63, 174, 281, 195, 1, 7, 1
745, 2, 64, 174, 280, 196, 1, 7, 1
746, 2, 68, 175, 276, 194, 1, 7, 1
747, 2, 71, 175, 273, 192, 1, 7, 1
748, 2, 71, 175, 271, 196, 1, 7, 1
749, 2, 74, 175, 270, 193, 1, 7, 1
750, 2, 76, 175, 265, 193, 1, 7, 1
1, 3, 1139, 262, 479, 342, 1, 7, 1
2, 3, 1136, 263, 483, 341, 1, 7, 1
3, 3, 1131, 263, 488, 342, 1, 7, 1
4, 3, 1130, 263, 489, 342, 1, 7, 1
5, 3, 1131, 264, 488, 340, 1, 7, 1
6, 3, 1131, 265, 490, 339, 1, 7, 1
7, 3, 1131, 266, 489, 338, 1, 7, 1
8, 3, 1130, 266, 489, 339, 1, 7, 1
9, 3, 1128, 268, 491, 337, 1, 7, 1
10, 3, 1127, 269, 494, 335, 1, 7, 1
11, 3, 1126, 269, 494, 336, 1, 7, 1
12, 3, 1125, 271, 496, 335, 1, 7, 1
13, 3, 1123, 272, 498, 334, 1, 7, 1
14, 3, 1123, 274, 498, 332, 1, 7, 1
15, 3, 1122, 276, 498, 329, 1, 7, 1
16, 3, 1121, 277, 500, 328, 1, 7, 1
17, 3, 1122, 277, 499, 328, 1, 7, 1
18, 3, 1123, 278, 498, 326, 1, 7, 1
19, 3, 1122, 277, 498, 328, 1, 7, 1
20, 3, 1123, 277, 496, 328, 1, 7, 1
21, 3, 1123, 277, 497, 328, 1, 7, 1
22, 3, 1121, 276, 499, 329, 1, 7, 1
23, 3, 1122, 276, 498, 330, 1, 7, 1
24, 3, 1123, 277, 497, 328, 1, 7, 1
25, 3, 1124, 276, 494, 329, 1, 7, 1
26, 3, 1128, 274, 493, 332, 1, 7, 1
27, 3, 1129, 272, 490, 334, 1, 7, 1
28, 3, 1128, 271, 491, 335, 1, 7, 1
29, 3, 1132, 269, 487, 336, 1, 7, 1
30, 3, 1135, 267, 483, 337, 1, 7, 1
31, 3, 1139, 264, 478, 340, 1, 7, 1
32, 3, 1141, 260, 476, 345, 1, 7, 1
33, 3, 1140, 258, 479, 346, 1, 7, 1
34, 3, 1144, 257, 474, 348, 1, 7, 1
35, 3, 1146, 257, 472, 347, 1, 7, 1
36, 3, 1148, 256, 468, 348, 1, 7, 1
37, 3, 1149, 257, 466, 348, 1, 7, 1
38, 3, 1153, 257, 464, 347, 1, 7, 1
39, 3, 1155, 257, 461, 348, 1, 7, 1
40, 3, 1153, 257, 463, 347, 1, 7, 1
41, 3, 1154, 256, 462, 349, 1, 7, 1
42, 3, 1153, 256, 463, 348, 1, 7, 1
43, 3, 1153, 256, 462, 348, 1, 7, 1
44, 3, 1153, 257, 463, 348, 1, 7, 1
45, 3, 1153, 256, 462, 348, 1, 7, 1
46, 3, 1153, 257, 463, 346, 1, 7, 1
47, 3, 1152, 256, 465, 347, 1, 7, 1
48, 3, 1151, 255, 464, 348, 1, 7, 1
49, 3, 1152, 255, 464, 349, 1, 7, 1
50, 3, 1150, 255, 466, 348, 1, 7, 1
51, 3, 1152, 255, 463, 349, 1, 7, 1
52, 3, 1152, 254, 465, 349, 1, 7, 1
53, 3, 1150, 253, 467, 351, 1, 7, 1
54, 3, 1150, 253, 467, 351, 1, 7, 1
55, 3, 1154, 254, 463, 351, 1, 7, 1
56, 3, 1154, 253, 461, 351, 1, 7, 1
57, 3, 1149, 253, 467, 350, 1, 7, 1
58, 3, 1153, 254, 464, 349, 1, 7, 1
59, 3, 1150, 254, 468, 350, 1, 7, 1
60, 3, 1151, 255, 464, 350, 1, 7, 1
61, 3, 1148, 256, 468, 348, 1, 7, 1
62, 3, 1148, 257, 468, 347, 1, 7, 1
63, 3, 1146, 257, 470, 348, 1, 7, 1
64, 3, 1145, 258, 471, 346, 1, 7, 1
65, 3, 1146, 260, 471, 344, 1, 7, 1
66, 3, 1147, 261, 469, 343, 1, 7, 1
67, 3, 1148, 261, 469, 343, 1, 7, 1
68, 3, 1155, 261, 461, 344, 1, 7, 1
69, 3, 1151, 262, 464, 343, 1, 7, 1
70, 3, 1150, 262, 465, 343, 1, 7, 1
71, 3, 1152, 263, 462, 342, 1, 7, 1
72, 3, 1148, 264, 466, 342, 1, 7, 1
73, 3, 1147, 265, 468, 340, 1, 7, 1
74, 3, 1149, 264, 466, 343, 1, 7, 1
75, 3, 1152, 266, 463, 340, 1, 7, 1
76, 3, 1149, 267, 466, 340, 1, 7, 1
77, 3, 1151, 268, 463, 339, 1, 7, 1
78, 3, 1153, 269, 461, 338, 1, 7, 1
79, 3, 1149, 270, 464, 338, 1, 7, 1
80, 3, 1149, 270, 460, 337, 1, 7, 1
81, 3, 1154, 271, 460, 337, 1, 7, 1
82, 3, 1146, 271, 466, 336, 1, 7, 1
83, 3, 1145, 272, 468, 336, 1, 7, 1
84, 3, 1148, 273, 466, 334, 1, 7, 1
85, 3, 1144, 274, 466, 333, 1, 7, 1
86, 3, 1147, 275, 467, 334, 1, 7, 1
87, 3, 1152, 277, 461, 331, 1, 7, 1
88, 3, 1144, 277, 469, 332, 1, 7, 1
89, 3, 1151, 279, 463, 330, 1, 7, 1
90, 3, 1152, 281, 462, 328, 1, 7, 1
91, 3, 1149, 281, 464, 329, 1, 7, 1
92, 3, 1149, 282, 463, 327, 1, 7, 1
93, 3, 1154, 283, 457, 327, 1, 7, 1
94, 3, 1154, 282, 456, 327, 1, 7, 1
95, 3, 1148, 282, 463, 327, 1, 7, 1
96, 3, 1142, 281, 468, 328, 1, 7, 1
97, 3, 1147, 281, 463, 328, 1, 7, 1
98, 3, 1164, 280, 445, 329, 1, 7, 1
99, 3, 1167, 280, 441, 329, 1, 7, 1
100, 3, 1153, 280, 457, 330, 1, 7, 1
101, 3, 1165, 281, 445, 329, 1, 7, 1
102, 3, 1164, 281, 444, 329, 1, 7, 1
103, 3, 1153, 282, 454, 329, 1, 7, 1
104, 3, 1144, 283, 462, 330, 1, 7, 1
105, 3, 1159, 282, 447, 327, 1, 7, 1
106, 3, 1159, 281, 444, 330, 1, 7, 1
107, 3, 1151, 283, 453, 328, 1, 7, 1
108, 3, 1151, 283, 453, 328, 1, 7, 1
109, 3, 1124, 279, 481, 335, 1, 7, 1
110, 3, 1124, 279, 481, 335, 1, 7, 1
111, 3, 1128, 278, 475, 334, 1, 7, 1
112, 3, 1122, 276, 483, 339, 1, 7, 1
113, 3, 1132, 276, 472, 337, 1, 7, 1
114, 3, 1123, 276, 483, 342, 1, 7, 1
115, 3, 1124, 274, 480, 343, 1, 7, 1
116, 3, 1127, 273, 477, 345, 1, 7, 1
117, 3, 1131, 273, 473, 345, 1, 7, 1
118, 3, 1132, 271, 471, 346, 1, 7, 1
119, 3, 1136, 270, 468, 347, 1, 7, 1
120, 3, 1139, 270, 464, 347, 1, 7, 1
121, 3, 1141, 269, 462, 346, 1, 7, 1
122, 3, 1141, 268, 462, 346, 1, 7, 1
123, 3, 1142, 267, 459, 348, 1, 7, 1
124, 3, 1144, 267, 457, 348, 1, 7, 1
125, 3, 1144, 266, 456, 351, 1, 7, 1
126, 3, 1145, 267, 455, 349, 1, 7, 1
127, 3, 1147, 264, 454, 351, 1, 7, 1
128, 3, 1154, 265, 446, 354, 1, 7, 1
129, 3, 1154, 263, 448, 355, 1, 7, 1
130, 3, 1154, 263, 447, 356, 1, 7, 1
131, 3, 1156, 261, 443, 357, 1, 7, 1
132, 3, 1157, 261, 444, 357, 1, 7, 1
133, 3, 1159, 262, 441, 356, 1, 7, 1
134, 3, 1159, 259, 441, 358, 1, 7, 1
135, 3, 1161, 259, 440, 358, 1, 7, 1
136, 3, 1163, 260, 436, 358, 1, 7, 1
137, 3, 1164, 260, 437, 358, 1, 7, 1
138, 3, 1165, 259, 435, 358, 1, 7, 1
139, 3, 1166, 259, 433, 358, 1, 7, 1
140, 3, 1168, 259, 431, 361, 1, 7, 1
141, 3, 1168, 259, 431, 360, 1, 7, 1
142, 3, 1170, 258, 429, 361, 1, 7, 1
143, 3, 1171, 258, 429, 363, 1, 7, 1
144, 3, 1173, 258, 427, 361, 1, 7, 1
145, 3, 1174, 259, 426, 360, 1, 7, 1
146, 3, 1176, 259, 424, 360, 1, 7, 1
147, 3, 1179, 258, 421, 359, 1, 7, 1
148, 3, 1180, 259, 420, 359, 1, 7, 1
149, 3, 1182, 259, 418, 359, 1, 7, 1
150, 3, 1183, 258, 417, 359, 1, 7, 1
151, 3, 1185, 258, 415, 360, 1, 7, 1
152, 3, 1184, 258, 414, 360, 1, 7, 1
153, 3, 1187, 258, 412, 359, 1, 7, 1
154, 3, 1187, 258, 412, 359, 1, 7, 1
155, 3, 1191, 259, 408, 358, 1, 7, 1
156, 3, 1193, 257, 406, 360, 1, 7, 1
157, 3, 1194, 257, 405, 359, 1, 7, 1
158, 3, 1196, 257, 403, 359, 1, 7, 1
159, 3, 1196, 257, 403, 358, 1, 7, 1
160, 3, 1200, 261, 398, 354, 1, 7, 1
161, 3, 1201, 260, 399, 355, 1, 7, 1
162, 3, 1202, 262, 397, 353, 1, 7, 1
163, 3, 1204, 262, 394, 352, 1, 7, 1
164, 3, 1206, 264, 393, 350, 1, 7, 1
165, 3, 1209, 266, 389, 347, 1, 7, 1
166, 3, 1210, 266, 388, 346, 1, 7, 1
167, 3, 1212, 269, 386, 345, 1, 7, 1
168, 3, 1211, 269, 388, 345, 1, 7, 1
169, 3, 1214, 270, 384, 343, 1, 7, 1
170, 3, 1218, 274, 378, 339, 1, 7, 1
171, 3, 1217, 274, 380, 339, 1, 7, 1
172, 3, 1218, 278, 378, 334, 1, 7, 1
173, 3, 1219, 279, 376, 333, 1, 7, 1
174, 3, 1220, 281, 376, 329, 1, 7, 1
175, 3, 1221, 283, 373, 326, 1, 7, 1
176, 3, 1221, 283, 373, 326, 1, 7, 1
177, 3, 1224, 284, 370, 323, 1, 7, 1
178, 3, 1226, 286, 368, 321, 1, 7, 1
179, 3, 1229, 281, 363, 324, 1, 7, 1
180, 3, 1231, 283, 361, 323, 1, 7, 1
181, 3, 1234, 280, 358, 326, 1, 7, 1
182, 3, 1237, 280, 353, 326, 1, 7, 1
183, 3, 1240, 278, 351, 329, 1, 7, 1
184, 3, 1242, 276, 347, 331, 1, 7, 1
185, 3, 1248, 274, 340, 332, 1, 7, 1
186, 3, 1250, 269, 338, 337, 1, 7, 1
187, 3, 1254, 267, 334, 340, 1, 7, 1
188, 3, 1255, 269, 333, 338, 1, 7, 1
189, 3, 1257, 269, 329, 339, 1, 7, 1
190, 3, 1261, 264, 324, 345, 1, 7, 1
191, 3, 1265, 263, 320, 344, 1, 7, 1
192, 3, 1267, 261, 318, 347, 1, 7, 1
193, 3, 1272, 259, 312, 349, 1, 7, 1
194, 3, 1281, 255, 304, 353, 1, 7, 1
195, 3, 1283, 252, 301, 357, 1, 7, 1
196, 3, 1288, 252, 296, 357, 1, 7, 1
197, 3, 1287, 252, 297, 357, 1, 7, 1
198, 3, 1286, 250, 298, 359, 1, 7, 1
199, 3, 1286, 249, 298, 361, 1, 7, 1
200, 3, 1286, 247, 298, 364, 1, 7, 1
201, 3, 1286, 244, 296, 367, 1, 7, 1
202, 3, 1286, 241, 296, 369, 1, 7, 1
203, 3, 1286, 236, 297, 376, 1, 7, 1
204, 3, 1287, 234, 296, 378, 1, 7, 1
205, 3, 1288, 235, 295, 376, 1, 7, 1
206, 3, 1288, 234, 294, 377, 1, 7, 1
207, 3, 1288, 233, 294, 378, 1, 7, 1
208, 3, 1288, 233, 295, 377, 1, 7, 1
209, 3, 1289, 237, 294, 373, 1, 7, 1
210, 3, 1288, 238, 296, 372, 1, 7, 1
211, 3, 1288, 239, 295, 371, 1, 7, 1
212, 3, 1289, 241, 293, 368, 1, 7, 1
213, 3, 1289, 241, 294, 370, 1, 7, 1
214, 3, 1290, 240, 293, 370, 1, 7, 1
215, 3, 1290, 240, 293, 370, 1, 7, 1
216, 3, 1290, 238, 293, 373, 1, 7, 1
217, 3, 1290, 239, 293, 371, 1, 7, 1
218, 3, 1289, 239, 295, 371, 1, 7, 1
219, 3, 1289, 239, 294, 372, 1, 7, 1
220, 3, 1289, 240, 297, 370, 1, 7, 1
221, 3, 1289, 239, 296, 372, 1, 7, 1
222, 3, 1287, 242, 298, 369, 1, 7, 1
223, 3, 1289, 243, 296, 367, 1, 7, 1
224, 3, 1287, 238, 296, 371, 1, 7, 1
225, 3, 1289, 242, 295, 368, 1, 7, 1
226, 3, 1288, 245, 297, 365, 1, 7, 1
227, 3, 1288, 245, 298, 364, 1, 7, 1
228, 3, 1288, 253, 296, 355, 1, 7, 1
229, 3, 1288, 245, 297, 365, 1, 7, 1
230, 3, 1287, 244, 297, 366, 1, 7, 1
231, 3, 1287, 250, 298, 359, 1, 7, 1
232, 3, 1288, 245, 296, 365, 1, 7, 1
233, 3, 1287, 246, 297, 362, 1, 7, 1
234, 3, 1288, 249, 296, 360, 1, 7, 1
235, 3, 1289, 248, 296, 361, 1, 7, 1
236, 3, 1289, 249, 296, 359, 1, 7, 1
237, 3, 1288, 249, 297, 359, 1, 7, 1
238, 3, 1289, 248, 297, 359, 1, 7, 1
239, 3, 1290, 247, 297, 360, 1, 7, 1
240, 3, 1289, 249, 298, 358, 1, 7, 1
241, 3, 1289, 248, 298, 360, 1, 7, 1
242, 3, 1290, 249, 302, 359, 1, 7, 1
243, 3, 1292, 248, 305, 360, 1, 7, 1
244, 3, 1292, 248, 311, 359, 1, 7, 1
245, 3, 1291, 249, 317, 358, 1, 7, 1
246, 3, 1291, 250, 324, 358, 1, 7, 1
247, 3, 1291, 250, 330, 355, 1, 7, 1
248, 3, 1290, 250, 339, 356, 1, 7, 1
249, 3, 1288, 249, 348, 358, 1, 7, 1
250, 3, 1289, 250, 353, 356, 1, 7, 1
251, 3, 1287, 248, 360, 358, 1, 7, 1
252, 3, 1286, 249, 369, 357, 1, 7, 1
253, 3, 1284, 248, 377, 359, 1, 7, 1
254, 3, 1282, 247, 383, 360, 1, 7, 1
255, 3, 1284, 248, 388, 359, 1, 7, 1
256, 3, 1281, 247, 398, 360, 1, 7, 1
257, 3, 1278, 248, 406, 359, 1, 7, 1
258, 3, 1276, 248, 416, 358, 1, 7, 1
259, 3, 1274, 249, 425, 358, 1, 7, 1
260, 3, 1272, 249, 435, 360, 1, 7, 1
261, 3, 1270, 249, 442, 358, 1, 7, 1
262, 3, 1270, 250, 447, 357, 1, 7, 1
263, 3, 1270, 248, 457, 361, 1, 7, 1
264, 3, 1266, 247, 468, 360, 1, 7, 1
265, 3, 1265, 248, 473, 360, 1, 7, 1
266, 3, 1266, 247, 479, 362, 1, 7, 1
267, 3, 1264, 248, 489, 359, 1, 7, 1
268, 3, 1263, 247, 496, 360, 1, 7, 1
269, 3, 1262, 247, 499, 361, 1, 7, 1
270, 3, 1257, 248, 512, 362, 1, 7, 1
271, 3, 1256, 249, 519, 360, 1, 7, 1
272, 3, 1256, 249, 526, 360, 1, 7, 1
273, 3, 1255, 249, 529, 361, 1, 7, 1
274, 3, 1254, 250, 539, 361, 1, 7, 1
275, 3, 1253, 250, 544, 361, 1, 7, 1
276, 3, 1253, 249, 548, 362, 1, 7, 1
277, 3, 1252, 249, 551, 361, 1, 7, 1
278, 3, 1256, 246, 555, 364, 1, 7, 1
279, 3, 1251, 246, 562, 365, 1, 7, 1
280, 3, 1250, 248, 565, 360, 1, 7, 1
281, 3, 1251, 249, 564, 360, 1, 7, 1
282, 3, 1249, 248, 566, 360, 1, 7, 1
283, 3, 1250, 248, 564, 361, 1, 7, 1
284, 3, 1250, 249, 564, 359, 1, 7, 1
285, 3, 1248, 250, 567, 358, 1, 7, 1
286, 3, 1249, 250, 566, 359, 1, 7, 1
287, 3, 1249, 252, 565, 357, 1, 7, 1
288, 3, 1249, 252, 564, 357, 1, 7, 1
289, 3, 1250, 253, 564, 355, 1, 7, 1
290, 3, 1249, 253, 561, 355, 1, 7, 1
291, 3, 1250, 252, 562, 357, 1, 7, 1
292, 3, 1248, 252, 564, 356, 1, 7, 1
293, 3, 1248, 252, 563, 356, 1, 7, 1
294, 3, 1249, 253, 562, 354, 1, 7, 1
295, 3, 1248, 253, 564, 354, 1, 7, 1
296, 3, 1248, 253, 564, 354, 1, 7, 1
297, 3, 1248, 252, 566, 356, 1, 7, 1
298, 3, 1251, 252, 562, 356, 1, 7, 1
299, 3, 1249, 252, 564, 355, 1, 7, 1
300, 3, 1249, 253, 565, 355, 1, 7, 1
301, 3, 1249, 251, 565, 356, 1, 7, 1
302, 3, 1249, 251, 563, 356, 1, 7, 1
303, 3, 1250, 252, 562, 355, 1, 7, 1
304, 3, 1249, 249, 564, 358, 1, 7, 1
305, 3, 1247, 248, 566, 360, 1, 7, 1
306, 3, 1247, 247, 566, 361, 1, 7, 1
307, 3, 1248, 246, 565, 361, 1, 7, 1
308, 3, 1250, 246, 563, 362, 1, 7, 1
309, 3, 1249, 242, 565, 366, 1, 7, 1
310, 3, 1250, 245, 562, 361, 1, 7, 1
311, 3, 1250, 242, 560, 365, 1, 7, 1
312, 3, 1249, 242, 559, 365, 1, 7, 1
313, 3, 1250, 241, 553, 367, 1, 7, 1
314, 3, 1249, 241, 548, 367, 1, 7, 1
315, 3, 1250, 240, 542, 367, 1, 7, 1
316, 3, 1248, 241, 539, 368, 1, 7, 1
317, 3, 1247, 240, 534, 369, 1, 7, 1
318, 3, 1249, 240, 525, 370, 1, 7, 1
319, 3, 1248, 238, 520, 372, 1, 7, 1
320, 3, 1247, 237, 512, 372, 1, 7, 1
321, 3, 1252, 238, 499, 371, 1, 7, 1
322, 3, 1250, 239, 496, 369, 1, 7, 1
323, 3, 1250, 239, 486, 370, 1, 7, 1
324, 3, 1251, 237, 478, 371, 1, 7, 1
325, 3, 1253, 238, 466, 371, 1, 7, 1
326, 3, 1253, 238, 460, 371, 1, 7, 1
327, 3, 1258, 239, 446, 370, 1, 7, 1
328, 3, 1256, 237, 439, 371, 1, 7, 1
329, 3, 1257, 237, 431, 370, 1, 7, 1
330, 3, 1259, 236, 420, 371, 1, 7, 1
331, 3, 1261, 235, 411, 373, 1, 7, 1
332, 3, 1264, 236, 398, 371, 1, 7, 1
333, 3, 1265, 234, 391, 373, 1, 7, 1
334, 3, 1269, 235, 378, 373, 1, 7, 1
335, 3, 1271, 236, 368, 370, 1, 7, 1
336, 3, 1272, 235, 360, 372, 1, 7, 1
337, 3, 1275, 236, 351, 370, 1, 7, 1
338, 3, 1277, 236, 340, 371, 1, 7, 1
339, 3, 1281, 236, 329, 371, 1, 7, 1
340, 3, 1282, 235, 321, 372, 1, 7, 1
341, 3, 1282, 236, 314, 370, 1, 7, 1
342, 3, 1285, 236, 304, 371, 1, 7, 1
343, 3, 1286, 237, 299, 369, 1, 7, 1
344, 3, 1288, 238, 295, 368, 1, 7, 1
345, 3, 1288, 237, 295, 369, 1, 7, 1
346, 3, 1290, 236, 293, 369, 1, 7, 1
347, 3, 1290, 236, 294, 370, 1, 7, 1
348, 3, 1291, 237, 292, 369, 1, 7, 1
349, 3, 1290, 236, 294, 370, 1, 7, 1
350, 3, 1289, 237, 295, 370, 1, 7, 1
351, 3, 1289, 239, 294, 367, 1, 7, 1
352, 3, 1289, 243, 295, 363, 1, 7, 1
353, 3, 1289, 241, 294, 365, 1, 7, 1
354, 3, 1288, 243, 294, 363, 1, 7, 1
355, 3, 1289, 245, 292, 362, 1, 7, 1
356, 3, 1288, 246, 293, 360, 1, 7, 1
357, 3, 1289, 247, 290, 360, 1, 7, 1
358, 3, 1288, 251, 292, 355, 1, 7, 1
359, 3, 1288, 254, 291, 352, 1, 7, 1
360, 3, 1288, 249, 292, 357, 1, 7, 1
361, 3, 1289, 249, 291, 357, 1, 7, 1
362, 3, 1290, 249, 290, 357, 1, 7, 1
363, 3, 1290, 249, 289, 358, 1, 7, 1
364, 3, 1289, 250, 291, 356, 1, 7, 1
365, 3, 1290, 248, 290, 360, 1, 7, 1
366, 3, 1289, 250, 290, 357, 1, 7, 1
367, 3, 1290, 251, 290, 355, 1, 7, 1
368, 3, 1290, 252, 290, 355, 1, 7, 1
369, 3, 1289, 251, 291, 355, 1, 7, 1
370, 3, 1290, 251, 290, 354, 1, 7, 1
371, 3, 1290, 253, 291, 353, 1, 7, 1
372, 3, 1290, 254, 293, 351, 1, 7, 1
373, 3, 1289, 254, 293, 350, 1, 7, 1
374, 3, 1288, 253, 294, 353, 1, 7, 1
375, 3, 1289, 254, 292, 351, 1, 7, 1
376, 3, 1290, 253, 292, 351, 1, 7, 1
377, 3, 1289, 254, 294, 352, 1, 7, 1
378, 3, 1290, 255, 291, 350, 1, 7, 1
379, 3, 1290, 255, 293, 350, 1, 7, 1
380, 3, 1289, 257, 295, 349, 1, 7, 1
381, 3, 1289, 259, 295, 347, 1, 7, 1
382, 3, 1290, 260, 294, 346, 1, 7, 1
383, 3, 1290, 260, 293, 346, 1, 7, 1
384, 3, 1290, 261, 294, 345, 1, 7, 1
385, 3, 1290, 261, 294, 344, 1, 7, 1
386, 3, 1290, 262, 294, 342, 1, 7, 1
387, 3, 1291, 262, 292, 343, 1, 7, 1
388, 3, 1290, 263, 294, 342, 1, 7, 1
389, 3, 1291, 262, 293, 343, 1, 7, 1
390, 3, 1291, 262, 294, 343, 1, 7, 1
391, 3, 1290, 263, 295, 342, 1, 7, 1
392, 3, 1290, 262, 294, 342, 1, 7, 1
393, 3, 1292, 262, 291, 343, 1, 7, 1
394, 3, 1290, 261, 294, 343, 1, 7, 1
395, 3, 1291, 261, 293, 343, 1, 7, 1
396, 3, 1292, 261, 292, 344, 1, 7, 1
397, 3, 1292, 261, 293, 344, 1, 7, 1
398, 3, 1291, 262, 293, 343, 1, 7, 1
399, 3, 1292, 262, 292, 343, 1, 7, 1
400, 3, 1292, 261, 293, 344, 1, 7, 1
401, 3, 1293, 262, 291, 343, 1, 7, 1
402, 3, 1290, 262, 294, 343, 1, 7, 1
403, 3, 1290, 263, 294, 343, 1, 7, 1
404, 3, 1291, 263, 292, 342, 1, 7, 1
405, 3, 1291, 264, 292, 340, 1, 7, 1
406, 3, 1291, 262, 293, 343, 1, 7, 1
407, 3, 1292, 263, 291, 343, 1, 7, 1
408, 3, 1292, 263, 291, 343, 1, 7, 1
409, 3, 1291, 262, 293, 344, 1, 7, 1
410, 3, 1291, 263, 292, 343, 1, 7, 1
411, 3, 1291, 262, 294, 344, 1, 7, 1
412, 3, 1292, 262, 292, 344, 1, 7, 1
413, 3, 1292, 263, 292, 344, 1, 7, 1
414, 3, 1292, 263, 293, 344, 1, 7, 1
415, 3, 1291, 263, 295, 344, 1, 7, 1
416, 3, 1291, 264, 293, 343, 1, 7, 1
417, 3, 1292, 264, 294, 344, 1, 7, 1
418, 3, 1291, 264, 294, 344, 1, 7, 1
419, 3, 1291, 263, 295, 345, 1, 7, 1
420, 3, 1291, 263, 294, 345, 1, 7, 1
421, 3, 1291, 264, 294, 344, 1, 7, 1
422, 3, 1291, 264, 293, 345, 1, 7, 1
423, 3, 1291, 263, 293, 346, 1, 7, 1
424, 3, 1292, 263, 291, 346, 1, 7, 1
425, 3, 1293, 263, 291, 346, 1, 7, 1
426, 3, 1292, 263, 291, 345, 1, 7, 1
427, 3, 1292, 263, 292, 346, 1, 7, 1
428, 3, 1292, 263, 292, 345, 1, 7, 1
429, 3, 1292, 263, 291, 346, 1, 7, 1
430, 3, 1291, 263, 292, 345, 1, 7, 1
431, 3, 1290, 263, 295, 346, 1, 7, 1
432, 3, 1293, 264, 290, 344, 1, 7, 1
433, 3, 1291, 263, 293, 345, 1, 7, 1
434, 3, 1291, 263, 293, 345, 1, 7, 1
435, 3, 1291, 263, 294, 346, 1, 7, 1
436, 3, 1291, 263, 294, 346, 1, 7, 1
437, 3, 1290, 263, 294, 346, 1, 7, 1
438, 3, 1291, 262, 293, 346, 1, 7, 1
439, 3, 1291, 262, 293, 346, 1, 7, 1
440, 3, 1291, 262, 294, 346, 1, 7, 1
441, 3, 1291, 263, 294, 345, 1, 7, 1
442, 3, 1291, 263, 293, 345, 1, 7, 1
443, 3, 1292, 263, 292, 345, 1, 7, 1
444, 3, 1291, 263, 293, 346, 1, 7, 1
445, 3, 1291, 263, 294, 346, 1, 7, 1
446, 3, 1291, 263, 294, 346, 1, 7, 1
447, 3, 1292, 263, 291, 346, 1, 7, 1
448, 3, 1293, 263, 290, 346, 1, 7, 1
449, 3, 1291, 262, 293, 346, 1, 7, 1
450, 3, 1292, 263, 291, 345, 1, 7, 1
451, 3, 1293, 263, 289, 345, 1, 7, 1
452, 3, 1290, 263, 293, 346, 1, 7, 1
453, 3, 1292, 263, 291, 345, 1, 7, 1
454, 3, 1291, 263, 291, 344, 1, 7, 1
455, 3, 1290, 263, 291, 344, 1, 7, 1
456, 3, 1287, 263, 293, 345, 1, 7, 1
457, 3, 1287, 264, 292, 343, 1, 7, 1
458, 3, 1289, 263, 289, 343, 1, 7, 1
459, 3, 1288, 263, 287, 344, 1, 7, 1
460, 3, 1289, 263, 287, 343, 1, 7, 1
461, 3, 1289, 265, 286, 342, 1, 7, 1
462, 3, 1291, 264, 282, 342, 1, 7, 1
463, 3, 1289, 264, 282, 341, 1, 7, 1
464, 3, 1286, 263, 283, 341, 1, 7, 1
465, 3, 1286, 263, 280, 343, 1, 7, 1
466, 3, 1285, 261, 277, 344, 1, 7, 1
467, 3, 1284, 262, 277, 344, 1, 7, 1
468, 3, 1285, 262, 275, 343, 1, 7, 1
469, 3, 1284, 262, 273, 343, 1, 7, 1
470, 3, 1285, 264, 271, 340, 1, 7, 1
471, 3, 1285, 262, 268, 342, 1, 7, 1
472, 3, 1283, 267, 265, 336, 1, 7, 1
473, 3, 1283, 264, 264, 340, 1, 7, 1
474, 3, 1283, 263, 262, 341, 1, 7, 1
475, 3, 1281, 262, 261, 344, 1, 7, 1
476, 3, 1283, 262, 257, 343, 1, 7, 1
477, 3, 1283, 262, 253, 342, 1, 7, 1
478, 3, 1283, 261, 252, 342, 1, 7, 1
479, 3, 1282, 261, 249, 343, 1, 7, 1
480, 3, 1283, 261, 247, 344, 1, 7, 1
481, 3, 1283, 261, 244, 344, 1, 7, 1
482, 3, 1283, 261, 241, 341, 1, 7, 1
483, 3, 1282, 261, 241, 343, 1, 7, 1
484, 3, 1282, 264, 237, 340, 1, 7, 1
485, 3, 1283, 263, 233, 340, 1, 7, 1
486, 3, 1284, 261, 229, 344, 1, 7, 1
487, 3, 1284, 262, 226, 343, 1, 7, 1
488, 3, 1283, 263, 224, 341, 1, 7, 1
489, 3, 1283, 263, 220, 342, 1, 7, 1
490, 3, 1279, 263, 223, 342, 1, 7, 1
491, 3, 1277, 263, 222, 340, 1, 7, 1
492, 3, 1277, 263, 218, 342, 1, 7, 1
493, 3, 1275, 264, 218, 341, 1, 7, 1
494, 3, 1273, 263, 218, 340, 1, 7, 1
495, 3, 1271, 263, 219, 340, 1, 7, 1
496, 3, 1269, 262, 219, 341, 1, 7, 1
497, 3, 1268, 262, 220, 341, 1, 7, 1
498, 3, 1267, 262, 219, 342, 1, 7, 1
499, 3, 1267, 262, 219, 343, 1, 7, 1
500, 3, 1264, 262, 223, 341, 1, 7, 1
501, 3, 1264, 263, 222, 338, 1, 7, 1
502, 3, 1262, 263, 225, 338, 1, 7, 1
503, 3, 1262, 264, 224, 338, 1, 7, 1
504, 3, 1259, 263, 226, 340, 1, 7, 1
505, 3, 1258, 263, 227, 339, 1, 7, 1
506, 3, 1257, 264, 229, 337, 1, 7, 1
507, 3, 1255, 263, 231, 339, 1, 7, 1
508, 3, 1254, 263, 232, 338, 1, 7, 1
509, 3, 1253, 263, 233, 338, 1, 7, 1
510, 3, 1250, 263, 237, 338, 1, 7, 1
511, 3, 1249, 263, 238, 337, 1, 7, 1
512, 3, 1248, 264, 238, 337, 1, 7, 1
513, 3, 1247, 263, 241, 336, 1, 7, 1
514, 3, 1245, 263, 242, 336, 1, 7, 1
515, 3, 1243, 262, 243, 337, 1, 7, 1
516, 3, 1244, 261, 244, 339, 1, 7, 1
517, 3, 1242, 262, 246, 338, 1, 7, 1
518, 3, 1241, 262, 247, 337, 1, 7, 1
519, 3, 1238, 263, 249, 336, 1, 7, 1
520, 3, 1237, 262, 251, 338, 1, 7, 1
521, 3, 1234, 261, 255, 338, 1, 7, 1
522, 3, 1235, 261, 254, 339, 1, 7, 1
523, 3, 1233, 262, 255, 337, 1, 7, 1
524, 3, 1233, 263, 256, 335, 1, 7, 1
525, 3, 1233, 262, 256, 337, 1, 7, 1
526, 3, 1232, 262, 256, 337, 1, 7, 1
527, 3, 1232, 262, 256, 337, 1, 7, 1
528, 3, 1232, 262, 258, 336, 1, 7, 1
529, 3, 1234, 262, 256, 336, 1, 7, 1
530, 3, 1232, 262, 256, 337, 1, 7, 1
531, 3, 1233, 262, 255, 337, 1, 7, 1
532, 3, 1233, 263, 255, 336, 1, 7, 1
533, 3, 1234, 263, 256, 335, 1, 7, 1
534, 3, 1233, 263, 256, 336, 1, 7, 1
535, 3, 1234, 263, 256, 335, 1, 7, 1
536, 3, 1233, 262, 255, 336, 1, 7, 1
537, 3, 1234, 262, 256, 336, 1, 7, 1
538, 3, 1233, 262, 256, 336, 1, 7, 1
539, 3, 1233, 262, 255, 336, 1, 7, 1
540, 3, 1234, 263, 254, 335, 1, 7, 1
541, 3, 1235, 262, 253, 337, 1, 7, 1
542, 3, 1233, 262, 256, 336, 1, 7, 1
543, 3, 1233, 262, 257, 336, 1, 7, 1
544, 3, 1234, 262, 254, 336, 1, 7, 1
545, 3, 1233, 262, 257, 336, 1, 7, 1
546, 3, 1234, 263, 254, 335, 1, 7, 1
547, 3, 1235, 262, 253, 337, 1, 7, 1
548, 3, 1235, 262, 253, 336, 1, 7, 1
549, 3, 1234, 262, 254, 336, 1, 7, 1
550, 3, 1234, 262, 256, 336, 1, 7, 1
551, 3, 1234, 263, 255, 336, 1, 7, 1
552, 3, 1234, 263, 257, 336, 1, 7, 1
553, 3, 1233, 262, 255, 336, 1, 7, 1
554, 3, 1233, 263, 257, 335, 1, 7, 1
555, 3, 1234, 262, 254, 337, 1, 7, 1
556, 3, 1233, 262, 256, 338, 1, 7, 1
557, 3, 1235, 262, 253, 337, 1, 7, 1
558, 3, 1235, 262, 251, 337, 1, 7, 1
559, 3, 1235, 261, 251, 338, 1, 7, 1
560, 3, 1234, 261, 254, 337, 1, 7, 1
561, 3, 1235, 262, 253, 337, 1, 7, 1
562, 3, 1235, 261, 254, 337, 1, 7, 1
563, 3, 1235, 261, 251, 337, 1, 7, 1
564, 3, 1234, 261, 255, 337, 1, 7, 1
565, 3, 1234, 261, 253, 337, 1, 7, 1
566, 3, 1233, 261, 256, 339, 1, 7, 1
567, 3, 1235, 261, 253, 339, 1, 7, 1
568, 3, 1234, 260, 254, 339, 1, 7, 1
569, 3, 1235, 261, 253, 337, 1, 7, 1
570, 3, 1235, 261, 252, 338, 1, 7, 1
571, 3, 1235, 261, 253, 339, 1, 7, 1
572, 3, 1235, 261, 252, 338, 1, 7, 1
573, 3, 1236, 261, 253, 338, 1, 7, 1
574, 3, 1236, 261, 252, 338, 1, 7, 1
575, 3, 1235, 261, 254, 339, 1, 7, 1
576, 3, 1236, 261, 253, 339, 1, 7, 1
577, 3, 1236, 260, 254, 341, 1, 7, 1
578, 3, 1236, 262, 253, 339, 1, 7, 1
579, 3, 1237, 261, 252, 338, 1, 7, 1
580, 3, 1236, 260, 252, 340, 1, 7, 1
581, 3, 1237, 260, 252, 340, 1, 7, 1
582, 3, 1237, 260, 254, 341, 1, 7, 1
583, 3, 1237, 257, 251, 343, 1, 7, 1
584, 3, 1236, 256, 253, 344, 1, 7, 1
585, 3, 1237, 254, 253, 348, 1, 7, 1
586, 3, 1236, 249, 252, 352, 1, 7, 1
587, 3, 1236, 245, 252, 356, 1, 7, 1
588, 3, 1236, 242, 251, 359, 1, 7, 1
589, 3, 1235, 240, 252, 362, 1, 7, 1
590, 3, 1237, 238, 252, 362, 1, 7, 1
591, 3, 1236, 237, 253, 365, 1, 7, 1
592, 3, 1236, 235, 253, 366, 1, 7, 1
593, 3, 1237, 235, 251, 366, 1, 7, 1
594, 3, 1236, 234, 252, 367, 1, 7, 1
595, 3, 1236, 232, 253, 368, 1, 7, 1
596, 3, 1235, 232, 253, 369, 1, 7, 1
597, 3, 1234, 231, 254, 368, 1, 7, 1
598, 3, 1235, 232, 251, 368, 1, 7, 1
599, 3, 1235, 233, 253, 366, 1, 7, 1
600, 3, 1234, 233, 255, 367, 1, 7, 1
601, 3, 1235, 234, 252, 366, 1, 7, 1
602, 3, 1236, 233, 252, 368, 1, 7, 1
603, 3, 1236, 232, 251, 368, 1, 7, 1
604, 3, 1235, 235, 253, 366, 1, 7, 1
605, 3, 1236, 236, 251, 365, 1, 7, 1
606, 3, 1235, 235, 251, 365, 1, 7, 1
607, 3, 1235, 232, 252, 369, 1, 7, 1
608, 3, 1236, 234, 252, 368, 1, 7, 1
609, 3, 1237, 235, 251, 366, 1, 7, 1
610, 3, 1237, 233, 252, 368, 1, 7, 1
611, 3, 1236, 233, 253, 368, 1, 7, 1
612, 3, 1237, 233, 250, 369, 1, 7, 1
613, 3, 1238, 234, 252, 367, 1, 7, 1
614, 3, 1237, 236, 258, 365, 1, 7, 1
615, 3, 1238, 235, 258, 367, 1, 7, 1
616, 3, 1237, 236, 260, 366, 1, 7, 1
617, 3, 1238, 235, 260, 368, 1, 7, 1
618, 3, 1237, 234, 263, 368, 1, 7, 1
619, 3, 1236, 232, 264, 369, 1, 7, 1
620, 3, 1237, 231, 264, 371, 1, 7, 1
621, 3, 1231, 231, 275, 372, 1, 7, 1
622, 3, 1225, 232, 285, 371, 1, 7, 1
623, 3, 1221, 235, 292, 368, 1, 7, 1
624, 3, 1215, 234, 299, 369, 1, 7, 1
625, 3, 1212, 234, 302, 368, 1, 7, 1
626, 3, 1208, 235, 308, 367, 1, 7, 1
627, 3, 1201, 234, 316, 366, 1, 7, 1
628, 3, 1198, 234, 322, 368, 1, 7, 1
629, 3, 1191, 234, 330, 368, 1, 7, 1
630, 3, 1187, 233, 336, 368, 1, 7, 1
631, 3, 1179, 234, 347, 368, 1, 7, 1
632, 3, 1172, 233, 358, 369, 1, 7, 1
633, 3, 1173, 234, 359, 367, 1, 7, 1
634, 3, 1164, 232, 369, 369, 1, 7, 1
635, 3, 1161, 233, 372, 369, 1, 7, 1
636, 3, 1156, 235, 382, 366, 1, 7, 1
637, 3, 1150, 233, 389, 369, 1, 7, 1
638, 3, 1147, 232, 392, 369, 1, 7, 1
639, 3, 1142, 234, 398, 367, 1, 7, 1
640, 3, 1138, 233, 403, 369, 1, 7, 1
641, 3, 1132, 233, 414, 368, 1, 7, 1
642, 3, 1127, 233, 421, 368, 1, 7, 1
643, 3, 1123, 235, 427, 367, 1, 7, 1
644, 3, 1117, 236, 433, 365, 1, 7, 1
645, 3, 1110, 234, 441, 368, 1, 7, 1
646, 3, 1105, 233, 448, 368, 1, 7, 1
647, 3, 1101, 234, 451, 367, 1, 7, 1
648, 3, 1097, 236, 454, 365, 1, 7, 1
649, 3, 1093, 236, 459, 365, 1, 7, 1
650, 3, 1087, 236, 466, 365, 1, 7, 1
651, 3, 1083, 239, 471, 363, 1, 7, 1
652, 3, 1078, 239, 477, 363, 1, 7, 1
653, 3, 1075, 240, 481, 362, 1, 7, 1
654, 3, 1070, 241, 487, 362, 1, 7, 1
655, 3, 1065, 241, 491, 361, 1, 7, 1
656, 3, 1062, 241, 495, 361, 1, 7, 1
657, 3, 1060, 243, 496, 360, 1, 7, 1
658, 3, 1057, 246, 501, 355, 1, 7, 1
659, 3, 1053, 246, 505, 356, 1, 7, 1
660, 3, 1049, 248, 508, 354, 1, 7, 1
661, 3, 1046, 249, 511, 352, 1, 7, 1
662, 3, 1045, 251, 512, 349, 1, 7, 1
663, 3, 1042, 253, 516, 349, 1, 7, 1
664, 3, 1038, 253, 520, 347, 1, 7, 1
665, 3, 1037, 254, 521, 347, 1, 7, 1
666, 3, 1033, 255, 524, 345, 1, 7, 1
667, 3, 1032, 257, 526, 343, 1, 7, 1
668, 3, 1030, 258, 528, 343, 1, 7, 1
669, 3, 1028, 261, 529, 339, 1, 7, 1
670, 3, 1026, 261, 532, 341, 1, 7, 1
671, 3, 1025, 261, 534, 340, 1, 7, 1
672, 3, 1025, 262, 532, 341, 1, 7, 1
673, 3, 1023, 262, 536, 340, 1, 7, 1
674, 3, 1024, 263, 535, 339, 1, 7, 1
675, 3, 1023, 264, 536, 338, 1, 7, 1
676, 3, 1024, 263, 536, 339, 1, 7, 1
677, 3, 1023, 264, 536, 337, 1, 7, 1
678, 3, 1023, 264, 536, 338, 1, 7, 1
679, 3, 1023, 265, 536, 336, 1, 7, 1
680, 3, 1024, 265, 534, 336, 1, 7, 1
681, 3, 1023, 265, 536, 337, 1, 7, 1
682, 3, 1025, 264, 534, 337, 1, 7, 1
683, 3, 1024, 264, 534, 337, 1, 7, 1
684, 3, 1025, 265, 535, 336, 1, 7, 1
685, 3, 1025, 265, 535, 337, 1, 7, 1
686, 3, 1023, 265, 536, 337, 1, 7, 1
687, 3, 1024, 264, 536, 338, 1, 7, 1
688, 3, 1024, 265, 535, 337, 1, 7, 1
689, 3, 1024, 265, 536, 336, 1, 7, 1
690, 3, 1024, 265, 536, 335, 1, 7, 1
691, 3, 1023, 265, 536, 335, 1, 7, 1
692, 3, 1024, 266, 536, 334, 1, 7, 1
693, 3, 1024, 266, 536, 334, 1, 7, 1
694, 3, 1024, 266, 536, 334, 1, 7, 1
695, 3, 1025, 266, 534, 333, 1, 7, 1
696, 3, 1023, 266, 537, 333, 1, 7, 1
697, 3, 1024, 267, 536, 330, 1, 7, 1
698, 3, 1025, 266, 536, 331, 1, 7, 1
699, 3, 1025, 267, 536, 329, 1, 7, 1
700, 3, 1026, 267, 535, 329, 1, 7, 1
701, 3, 1025, 266, 537, 332, 1, 7, 1
702, 3, 1026, 267, 537, 329, 1, 7, 1
703, 3, 1025, 267, 539, 329, 1, 7, 1
704, 3, 1025, 267, 539, 329, 1, 7, 1
705, 3, 1025, 267, 538, 330, 1, 7, 1
706, 3, 1026, 267, 537, 330, 1, 7, 1
707, 3, 1026, 267, 538, 329, 1, 7, 1
708, 3, 1026, 267, 535, 329, 1, 7, 1
709, 3, 1025, 267, 538, 329, 1, 7, 1
710, 3, 1025, 267, 538, 329, 1, 7, 1
711, 3, 1026, 267, 535, 330, 1, 7, 1
712, 3, 1025, 267, 536, 329, 1, 7, 1
713, 3, 1025, 267, 536, 329, 1, 7, 1
714, 3, 1026, 267, 536, 329, 1, 7, 1
715, 3, 1025, 267, 537, 329, 1, 7, 1
716, 3, 1025, 267, 536, 330, 1, 7, 1
717, 3, 1026, 267, 535, 331, 1, 7, 1
718, 3, 1025, 267, 536, 331, 1, 7, 1
719, 3, 1025, 268, 536, 330, 1, 7, 1
720, 3, 1026, 268, 535, 329, 1, 7, 1
721, 3, 1026, 268, 535, 328, 1, 7, 1
722, 3, 1026, 268, 535, 327, 1, 7, 1
723, 3, 1026, 268, 536, 328, 1, 7, 1
724, 3, 1026, 268, 535, 327, 1, 7, 1
725, 3, 1026, 268, 535, 328, 1, 7, 1
726, 3, 1026, 268, 535, 329, 1, 7, 1
727, 3, 1026, 268, 535, 328, 1, 7, 1
728, 3, 1026, 268, 535, 328, 1, 7, 1
729, 3, 1026, 268, 536, 328, 1, 7, 1
730, 3, 1026, 268, 535, 328, 1, 7, 1
731, 3, 1026, 268, 535, 329, 1, 7, 1
732, 3, 1026, 268, 535, 328, 1, 7, 1
733, 3, 1026, 267, 536, 329, 1, 7, 1
734, 3, 1026, 268, 536, 328, 1, 7, 1
735, 3, 1026, 268, 535, 327, 1, 7, 1
736, 3, 1026, 268, 536, 327, 1, 7, 1
737, 3, 1026, 268, 536, 327, 1, 7, 1
738, 3, 1026, 268, 535, 328, 1, 7, 1
739, 3, 1026, 268, 535, 328, 1, 7, 1
740, 3, 1026, 268, 536, 329, 1, 7, 1
741, 3, 1026, 268, 535, 329, 1, 7, 1
742, 3, 1025, 268, 537, 327, 1, 7, 1
743, 3, 1025, 268, 536, 327, 1, 7, 1
744, 3, 1026, 268, 535, 327, 1, 7, 1
745, 3, 1025, 268, 536, 328, 1, 7, 1
746, 3, 1026, 268, 535, 328, 1, 7, 1
747, 3, 1025, 268, 536, 328, 1, 7, 1
748, 3, 1026, 268, 534, 329, 1, 7, 1
749, 3, 1026, 268, 535, 329, 1, 7, 1
750, 3, 1026, 268, 535, 329, 1, 7, 1