1, 1, 134, 534, 349, 321, 1, 4, 1
2, 1, 134, 534, 349, 321, 1, 4, 1
3, 1, 134, 534, 349, 321, 1, 4, 1
4, 1, 134, 534, 349, 321, 1, 4, 1
5, 1, 134, 534, 349, 321, 1, 4, 1
6, 1, 134, 534, 349, 321, 1, 4, 1
7, 1, 134, 534, 349, 321, 1, 4, 1
8, 1, 134, 534, 349, 321, 1, 4, 1
9, 1, 134, 534, 349, 321, 1, 4, 1
10, 1, 134, 534, 349, 321, 1, 4, 1
11, 1, 134, 534, 349, 321, 1, 4, 1
12, 1, 134, 534, 349, 321, 1, 4, 1
13, 1, 134, 534, 349, 321, 1, 4, 1
14, 1, 134, 534, 349, 321, 1, 4, 1
15, 1, 134, 534, 349, 321, 1, 4, 1
16, 1, 134, 534, 349, 321, 1, 4, 1
17, 1, 134, 534, 349, 321, 1, 4, 1
18, 1, 134, 534, 349, 321, 1, 4, 1
19, 1, 134, 534, 349, 321, 1, 4, 1
20, 1, 134, 534, 349, 321, 1, 4, 1
21, 1, 134, 534, 349, 321, 1, 4, 1
22, 1, 134, 534, 349, 321, 1, 4, 1
23, 1, 134, 534, 349, 321, 1, 4, 1
24, 1, 134, 534, 349, 321, 1, 4, 1
25, 1, 134, 534, 349, 321, 1, 4, 1
26, 1, 134, 534, 349, 321, 1, 4, 1
27, 1, 134, 534, 349, 321, 1, 4, 1
28, 1, 134, 534, 349, 321, 1, 4, 1
29, 1, 134, 534, 349, 321, 1, 4, 1
30, 1, 134, 534, 349, 321, 1, 4, 1
31, 1, 134, 534, 349, 321, 1, 4, 1
32, 1, 134, 534, 349, 321, 1, 4, 1
33, 1, 134, 534, 349, 321, 1, 4, 1
34, 1, 134, 534, 349, 321, 1, 4, 1
35, 1, 134, 534, 349, 321, 1, 4, 1
36, 1, 134, 534, 349, 321, 1, 4, 1
37, 1, 134, 534, 349, 321, 1, 4, 1
38, 1, 134, 534, 349, 321, 1, 4, 1
39, 1, 134, 534, 349, 321, 1, 4, 1
40, 1, 134, 534, 349, 321, 1, 4, 1
41, 1, 134, 534, 349, 321, 1, 4, 1
42, 1, 134, 534, 349, 321, 1, 4, 1
43, 1, 134, 534, 349, 321, 1, 4, 1
44, 1, 134, 534, 349, 321, 1, 4, 1
45, 1, 134, 534, 349, 321, 1, 4, 1
46, 1, 134, 534, 349, 321, 1, 4, 1
47, 1, 134, 534, 349, 321, 1, 4, 1
48, 1, 134, 534, 349, 321, 1, 4, 1
49, 1, 134, 534, 349, 321, 1, 4, 1
50, 1, 134, 534, 349, 321, 1, 4, 1
51, 1, 134, 534, 349, 321, 1, 4, 1
52, 1, 134, 534, 349, 321, 1, 4, 1
53, 1, 134, 534, 349, 321, 1, 4, 1
54, 1, 134, 534, 349, 321, 1, 4, 1
55, 1, 134, 534, 349, 321, 1, 4, 1
56, 1, 134, 534, 349, 321, 1, 4, 1
57, 1, 134, 534, 349, 321, 1, 4, 1
58, 1, 134, 534, 349, 321, 1, 4, 1
59, 1, 134, 534, 349, 321, 1, 4, 1
60, 1, 134, 534, 349, 321, 1, 4, 1
61, 1, 134, 534, 349, 321, 1, 4, 1
62, 1, 134, 534, 349, 321, 1, 4, 1
63, 1, 134, 534, 349, 321, 1, 4, 1
64, 1, 134, 534, 349, 321, 1, 4, 1
65, 1, 134, 534, 349, 321, 1, 4, 1
66, 1, 134, 534, 349, 321, 1, 4, 1
67, 1, 134, 534, 349, 321, 1, 4, 1
68, 1, 134, 534, 349, 321, 1, 4, 1
69, 1, 134, 534, 349, 321, 1, 4, 1
70, 1, 134, 534, 349, 321, 1, 4, 1
71, 1, 134, 534, 349, 321, 1, 4, 1
72, 1, 134, 534, 349, 321, 1, 4, 1
73, 1, 134, 534, 349, 321, 1, 4, 1
74, 1, 134, 534, 349, 321, 1, 4, 1
75, 1, 134, 534, 349, 321, 1, 4, 1
76, 1, 134, 534, 349, 321, 1, 4, 1
77, 1, 134, 534, 349, 321, 1, 4, 1
78, 1, 134, 534, 349, 321, 1, 4, 1
79, 1, 134, 534, 349, 321, 1, 4, 1
80, 1, 134, 534, 349, 321, 1, 4, 1
81, 1, 134, 534, 349, 321, 1, 4, 1
82, 1, 134, 534, 349, 321, 1, 4, 1
83, 1, 134, 534, 349, 321, 1, 4, 1
84, 1, 134, 534, 349, 321, 1, 4, 1
85, 1, 134, 534, 349, 321, 1, 4, 1
86, 1, 134, 534, 349, 321, 1, 4, 1
87, 1, 134, 534, 349, 321, 1, 4, 1
88, 1, 134, 534, 349, 321, 1, 4, 1
89, 1, 134, 534, 349, 321, 1, 4, 1
90, 1, 134, 534, 349, 321, 1, 4, 1
91, 1, 134, 534, 349, 321, 1, 4, 1
92, 1, 134, 534, 349, 321, 1, 4, 1
93, 1, 134, 534, 349, 321, 1, 4, 1
94, 1, 134, 534, 349, 321, 1, 4, 1
95, 1, 134, 534, 349, 321, 1, 4, 1
96, 1, 134, 534, 349, 321, 1, 4, 1
97, 1, 134, 534, 349, 321, 1, 4, 1
98, 1, 134, 534, 349, 321, 1, 4, 1
99, 1, 134, 534, 349, 321, 1, 4, 1
100, 1, 134, 534, 349, 321, 1, 4, 1
101, 1, 134, 534, 349, 321, 1, 4, 1
102, 1, 134, 534, 349, 321, 1, 4, 1
103, 1, 134, 534, 349, 321, 1, 4, 1
104, 1, 134, 534, 349, 321, 1, 4, 1
105, 1, 134, 534, 349, 321, 1, 4, 1
106, 1, 134, 534, 349, 321, 1, 4, 1
107, 1, 134, 534, 349, 321, 1, 4, 1
108, 1, 134, 534, 349, 321, 1, 4, 1
109, 1, 134, 534, 349, 321, 1, 4, 1
110, 1, 134, 534, 349, 321, 1, 4, 1
111, 1, 134, 534, 349, 321, 1, 4, 1
112, 1, 134, 534, 349, 321, 1, 4, 1
113, 1, 134, 534, 349, 321, 1, 4, 1
114, 1, 134, 534, 349, 321, 1, 4, 1
115, 1, 134, 534, 349, 321, 1, 4, 1
116, 1, 134, 534, 349, 321, 1, 4, 1
117, 1, 134, 534, 349, 321, 1, 4, 1
118, 1, 134, 534, 349, 321, 1, 4, 1
119, 1, 134, 534, 349, 321, 1, 4, 1
120, 1, 134, 534, 349, 321, 1, 4, 1
121, 1, 134, 534, 349, 321, 1, 4, 1
122, 1, 134, 534, 349, 321, 1, 4, 1
123, 1, 134, 534, 349, 321, 1, 4, 1
124, 1, 134, 534, 349, 321, 1, 4, 1
125, 1, 134, 534, 349, 321, 1, 4, 1
126, 1, 134, 534, 349, 321, 1, 4, 1
127, 1, 134, 534, 349, 321, 1, 4, 1
128, 1, 134, 534, 349, 321, 1, 4, 1
129, 1, 134, 534, 349, 321, 1, 4, 1
130, 1, 134, 534, 349, 321, 1, 4, 1
131, 1, 134, 534, 349, 321, 1, 4, 1
132, 1, 134, 534, 349, 321, 1, 4, 1
133, 1, 134, 534, 349, 321, 1, 4, 1
134, 1, 134, 534, 349, 321, 1, 4, 1
135, 1, 134, 534, 349, 321, 1, 4, 1
136, 1, 134, 534, 349, 321, 1, 4, 1
137, 1, 134, 534, 349, 321, 1, 4, 1
138, 1, 134, 534, 349, 321, 1, 4, 1
139, 1, 134, 534, 349, 321, 1, 4, 1
140, 1, 134, 534, 349, 321, 1, 4, 1
141, 1, 134, 534, 349, 321, 1, 4, 1
142, 1, 134, 534, 349, 321, 1, 4, 1
143, 1, 134, 534, 349, 321, 1, 4, 1
144, 1, 134, 534, 349, 321, 1, 4, 1
145, 1, 134, 534, 349, 321, 1, 4, 1
146, 1, 134, 534, 349, 321, 1, 4, 1
147, 1, 134, 534, 349, 321, 1, 4, 1
148, 1, 134, 534, 349, 321, 1, 4, 1
149, 1, 134, 534, 349, 321, 1, 4, 1
150, 1, 134, 534, 349, 321, 1, 4, 1
151, 1, 134, 534, 349, 321, 1, 4, 1
152, 1, 134, 534, 349, 321, 1, 4, 1
153, 1, 134, 534, 349, 321, 1, 4, 1
154, 1, 134, 534, 349, 321, 1, 4, 1
155, 1, 134, 534, 349, 321, 1, 4, 1
156, 1, 134, 534, 349, 321, 1, 4, 1
157, 1, 134, 534, 349, 321, 1, 4, 1
158, 1, 134, 534, 349, 321, 1, 4, 1
159, 1, 134, 534, 349, 321, 1, 4, 1
160, 1, 134, 534, 349, 321, 1, 4, 1
161, 1, 134, 534, 349, 321, 1, 4, 1
162, 1, 134, 534, 349, 321, 1, 4, 1
163, 1, 134, 534, 349, 321, 1, 4, 1
164, 1, 134, 534, 349, 321, 1, 4, 1
165, 1, 134, 534, 349, 321, 1, 4, 1
166, 1, 134, 534, 349, 321, 1, 4, 1
167, 1, 134, 534, 349, 321, 1, 4, 1
168, 1, 134, 534, 349, 321, 1, 4, 1
169, 1, 134, 534, 349, 321, 1, 4, 1
170, 1, 134, 534, 349, 321, 1, 4, 1
171, 1, 134, 534, 349, 321, 1, 4, 1
172, 1, 134, 534, 349, 321, 1, 4, 1
173, 1, 134, 534, 349, 321, 1, 4, 1
174, 1, 134, 534, 349, 321, 1, 4, 1
175, 1, 134, 534, 349, 321, 1, 4, 1
176, 1, 134, 534, 349, 321, 1, 4, 1
177, 1, 134, 534, 349, 321, 1, 4, 1
178, 1, 134, 534, 349, 321, 1, 4, 1
179, 1, 134, 534, 349, 321, 1, 4, 1
180, 1, 134, 534, 349, 321, 1, 4, 1
181, 1, 134, 534, 349, 321, 1, 4, 1
182, 1, 134, 534, 349, 321, 1, 4, 1
183, 1, 134, 534, 349, 321, 1, 4, 1
184, 1, 134, 534, 349, 321, 1, 4, 1
185, 1, 134, 534, 349, 321, 1, 4, 1
186, 1, 134, 534, 349, 321, 1, 4, 1
187, 1, 134, 534, 349, 321, 1, 4, 1
188, 1, 134, 534, 349, 321, 1, 4, 1
189, 1, 134, 534, 349, 321, 1, 4, 1
190, 1, 134, 534, 349, 321, 1, 4, 1
191, 1, 134, 534, 349, 321, 1, 4, 1
192, 1, 134, 534, 349, 321, 1, 4, 1
193, 1, 134, 534, 349, 321, 1, 4, 1
194, 1, 134, 534, 349, 321, 1, 4, 1
195, 1, 134, 534, 349, 321, 1, 4, 1
196, 1, 134, 534, 349, 321, 1, 4, 1
197, 1, 134, 534, 349, 321, 1, 4, 1
198, 1, 134, 534, 349, 321, 1, 4, 1
199, 1, 134, 534, 349, 321, 1, 4, 1
200, 1, 134, 534, 349, 321, 1, 4, 1
201, 1, 134, 534, 349, 321, 1, 4, 1
202, 1, 134, 534, 349, 321, 1, 4, 1
203, 1, 134, 534, 349, 321, 1, 4, 1
204, 1, 134, 534, 349, 321, 1, 4, 1
205, 1, 134, 534, 349, 321, 1, 4, 1
206, 1, 134, 534, 349, 321, 1, 4, 1
207, 1, 134, 534, 349, 321, 1, 4, 1
208, 1, 134, 534, 349, 321, 1, 4, 1
209, 1, 134, 534, 349, 321, 1, 4, 1
210, 1, 134, 534, 349, 321, 1, 4, 1
211, 1, 134, 534, 349, 321, 1, 4, 1
212, 1, 134, 534, 349, 321, 1, 4, 1
213, 1, 134, 534, 349, 321, 1, 4, 1
214, 1, 134, 534, 349, 321, 1, 4, 1
215, 1, 134, 534, 349, 321, 1, 4, 1
216, 1, 134, 534, 349, 321, 1, 4, 1
217, 1, 134, 534, 349, 321, 1, 4, 1
218, 1, 134, 534, 349, 321, 1, 4, 1
219, 1, 134, 534, 349, 321, 1, 4, 1
220, 1, 134, 534, 349, 321, 1, 4, 1
221, 1, 134, 534, 349, 321, 1, 4, 1
222, 1, 134, 534, 349, 321, 1, 4, 1
223, 1, 134, 534, 349, 321, 1, 4, 1
224, 1, 134, 534, 349, 321, 1, 4, 1
225, 1, 134, 534, 349, 321, 1, 4, 1
226, 1, 134, 534, 349, 321, 1, 4, 1
227, 1, 134, 534, 349, 321, 1, 4, 1
228, 1, 134, 534, 349, 321, 1, 4, 1
229, 1, 134, 534, 349, 321, 1, 4, 1
230, 1, 134, 534, 349, 321, 1, 4, 1
231, 1, 134, 534, 349, 321, 1, 4, 1
232, 1, 134, 534, 349, 321, 1, 4, 1
233, 1, 134, 534, 349, 321, 1, 4, 1
234, 1, 134, 534, 349, 321, 1, 4, 1
235, 1, 134, 534, 349, 321, 1, 4, 1
236, 1, 134, 534, 349, 321, 1, 4, 1
237, 1, 134, 534, 349, 321, 1, 4, 1
238, 1, 134, 534, 349, 321, 1, 4, 1
239, 1, 134, 534, 349, 321, 1, 4, 1
240, 1, 134, 534, 349, 321, 1, 4, 1
241, 1, 134, 534, 349, 321, 1, 4, 1
242, 1, 134, 534, 349, 321, 1, 4, 1
243, 1, 134, 534, 349, 321, 1, 4, 1
244, 1, 134, 534, 349, 321, 1, 4, 1
245, 1, 134, 534, 349, 321, 1, 4, 1
246, 1, 134, 534, 349, 321, 1, 4, 1
247, 1, 134, 534, 349, 321, 1, 4, 1
248, 1, 134, 534, 349, 321, 1, 4, 1
249, 1, 134, 534, 349, 321, 1, 4, 1
250, 1, 134, 534, 349, 321, 1, 4, 1
251, 1, 134, 534, 349, 321, 1, 4, 1
252, 1, 134, 534, 349, 321, 1, 4, 1
253, 1, 134, 534, 349, 321, 1, 4, 1
254, 1, 134, 534, 349, 321, 1, 4, 1
255, 1, 134, 534, 349, 321, 1, 4, 1
256, 1, 134, 534, 349, 321, 1, 4, 1
257, 1, 134, 534, 349, 321, 1, 4, 1
258, 1, 134, 534, 349, 321, 1, 4, 1
259, 1, 134, 534, 349, 321, 1, 4, 1
260, 1, 134, 534, 349, 321, 1, 4, 1
261, 1, 134, 534, 349, 321, 1, 4, 1
262, 1, 134, 534, 349, 321, 1, 4, 1
263, 1, 134, 534, 349, 321, 1, 4, 1
264, 1, 134, 534, 349, 321, 1, 4, 1
265, 1, 134, 534, 349, 321, 1, 4, 1
266, 1, 134, 534, 349, 321, 1, 4, 1
267, 1, 134, 534, 349, 321, 1, 4, 1
268, 1, 134, 534, 349, 321, 1, 4, 1
269, 1, 134, 534, 349, 321, 1, 4, 1
270, 1, 134, 534, 349, 321, 1, 4, 1
271, 1, 134, 534, 349, 321, 1, 4, 1
272, 1, 134, 534, 349, 321, 1, 4, 1
273, 1, 134, 534, 349, 321, 1, 4, 1
274, 1, 134, 534, 349, 321, 1, 4, 1
275, 1, 134, 534, 349, 321, 1, 4, 1
276, 1, 134, 534, 349, 321, 1, 4, 1
277, 1, 134, 534, 349, 321, 1, 4, 1
278, 1, 134, 534, 349, 321, 1, 4, 1
279, 1, 134, 534, 349, 321, 1, 4, 1
280, 1, 134, 534, 349, 321, 1, 4, 1
281, 1, 134, 534, 349, 321, 1, 4, 1
282, 1, 134, 534, 349, 321, 1, 4, 1
283, 1, 134, 534, 349, 321, 1, 4, 1
284, 1, 134, 534, 349, 321, 1, 4, 1
285, 1, 134, 534, 349, 321, 1, 4, 1
286, 1, 134, 534, 349, 321, 1, 4, 1
287, 1, 134, 534, 349, 321, 1, 4, 1
288, 1, 134, 534, 349, 321, 1, 4, 1
289, 1, 134, 534, 349, 321, 1, 4, 1
290, 1, 134, 534, 349, 321, 1, 4, 1
291, 1, 134, 534, 349, 321, 1, 4, 1
292, 1, 134, 534, 349, 321, 1, 4, 1
293, 1, 134, 534, 349, 321, 1, 4, 1
294, 1, 134, 534, 349, 321, 1, 4, 1
295, 1, 134, 534, 349, 321, 1, 4, 1
296, 1, 134, 534, 349, 321, 1, 4, 1
297, 1, 134, 534, 349, 321, 1, 4, 1
298, 1, 134, 534, 349, 321, 1, 4, 1
299, 1, 134, 534, 349, 321, 1, 4, 1
300, 1, 134, 534, 349, 321, 1, 4, 1
301, 1, 134, 534, 349, 321, 1, 4, 1
302, 1, 134, 534, 349, 321, 1, 4, 1
303, 1, 134, 534, 349, 321, 1, 4, 1
304, 1, 134, 534, 349, 321, 1, 4, 1
305, 1, 134, 534, 349, 321, 1, 4, 1
306, 1, 134, 534, 349, 321, 1, 4, 1
307, 1, 134, 534, 349, 321, 1, 4, 1
308, 1, 134, 534, 349, 321, 1, 4, 1
309, 1, 134, 534, 349, 321, 1, 4, 1
310, 1, 134, 534, 349, 321, 1, 4, 1
311, 1, 134, 534, 349, 321, 1, 4, 1
312, 1, 134, 534, 349, 321, 1, 4, 1
313, 1, 134, 534, 349, 321, 1, 4, 1
314, 1, 134, 534, 349, 321, 1, 4, 1
315, 1, 134, 534, 349, 321, 1, 4, 1
316, 1, 134, 534, 349, 321, 1, 4, 1
317, 1, 134, 534, 349, 321, 1, 4, 1
318, 1, 134, 534, 349, 321, 1, 4, 1
319, 1, 134, 534, 349, 321, 1, 4, 1
320, 1, 134, 534, 349, 321, 1, 4, 1
321, 1, 134, 534, 349, 321, 1, 4, 1
322, 1, 134, 534, 349, 321, 1, 4, 1
323, 1, 134, 534, 349, 321, 1, 4, 1
324, 1, 134, 534, 349, 321, 1, 4, 1
325, 1, 134, 534, 349, 321, 1, 4, 1
326, 1, 134, 534, 349, 321, 1, 4, 1
327, 1, 134, 534, 349, 321, 1, 4, 1
328, 1, 134, 534, 349, 321, 1, 4, 1
329, 1, 134, 534, 349, 321, 1, 4, 1
330, 1, 134, 534, 349, 321, 1, 4, 1
331, 1, 134, 534, 349, 321, 1, 4, 1
332, 1, 134, 534, 349, 321, 1, 4, 1
333, 1, 134, 534, 349, 321, 1, 4, 1
334, 1, 134, 534, 349, 321, 1, 4, 1
335, 1, 134, 534, 349, 321, 1, 4, 1
336, 1, 134, 534, 349, 321, 1, 4, 1
337, 1, 134, 534, 349, 321, 1, 4, 1
338, 1, 134, 534, 349, 321, 1, 4, 1
339, 1, 134, 534, 349, 321, 1, 4, 1
340, 1, 134, 534, 349, 321, 1, 4, 1
341, 1, 134, 534, 349, 321, 1, 4, 1
342, 1, 134, 534, 349, 321, 1, 4, 1
343, 1, 134, 534, 349, 321, 1, 4, 1
344, 1, 134, 534, 349, 321, 1, 4, 1
345, 1, 134, 534, 349, 321, 1, 4, 1
346, 1, 134, 534, 349, 321, 1, 4, 1
347, 1, 134, 534, 349, 321, 1, 4, 1
348, 1, 134, 534, 349, 321, 1, 4, 1
349, 1, 134, 534, 349, 321, 1, 4, 1
350, 1, 134, 534, 349, 321, 1, 4, 1
351, 1, 134, 534, 349, 321, 1, 4, 1
352, 1, 134, 534, 349, 321, 1, 4, 1
353, 1, 134, 534, 349, 321, 1, 4, 1
354, 1, 134, 534, 349, 321, 1, 4, 1
355, 1, 134, 534, 349, 321, 1, 4, 1
356, 1, 134, 534, 349, 321, 1, 4, 1
357, 1, 134, 534, 349, 321, 1, 4, 1
358, 1, 134, 534, 349, 321, 1, 4, 1
359, 1, 134, 534, 349, 321, 1, 4, 1
360, 1, 134, 534, 349, 321, 1, 4, 1
361, 1, 134, 534, 349, 321, 1, 4, 1
362, 1, 134, 534, 349, 321, 1, 4, 1
363, 1, 134, 534, 349, 321, 1, 4, 1
364, 1, 134, 534, 349, 321, 1, 4, 1
365, 1, 134, 534, 349, 321, 1, 4, 1
366, 1, 134, 534, 349, 321, 1, 4, 1
367, 1, 134, 534, 349, 321, 1, 4, 1
368, 1, 134, 534, 349, 321, 1, 4, 1
369, 1, 134, 534, 349, 321, 1, 4, 1
370, 1, 134, 534, 349, 321, 1, 4, 1
371, 1, 134, 534, 349, 321, 1, 4, 1
372, 1, 134, 534, 349, 321, 1, 4, 1
373, 1, 134, 534, 349, 321, 1, 4, 1
374, 1, 134, 534, 349, 321, 1, 4, 1
375, 1, 134, 534, 349, 321, 1, 4, 1
376, 1, 134, 534, 349, 321, 1, 4, 1
377, 1, 134, 534, 349, 321, 1, 4, 1
378, 1, 134, 534, 349, 321, 1, 4, 1
379, 1, 134, 534, 349, 321, 1, 4, 1
380, 1, 134, 534, 349, 321, 1, 4, 1
381, 1, 134, 534, 349, 321, 1, 4, 1
382, 1, 134, 534, 349, 321, 1, 4, 1
383, 1, 134, 534, 349, 321, 1, 4, 1
384, 1, 134, 534, 349, 321, 1, 4, 1
385, 1, 134, 534, 349, 321, 1, 4, 1
386, 1, 134, 534, 349, 321, 1, 4, 1
387, 1, 134, 534, 349, 321, 1, 4, 1
388, 1, 134, 534, 349, 321, 1, 4, 1
389, 1, 134, 534, 349, 321, 1, 4, 1
390, 1, 134, 534, 349, 321, 1, 4, 1
391, 1, 134, 534, 349, 321, 1, 4, 1
392, 1, 134, 534, 349, 321, 1, 4, 1
393, 1, 134, 534, 349, 321, 1, 4, 1
394, 1, 134, 534, 349, 321, 1, 4, 1
395, 1, 134, 534, 349, 321, 1, 4, 1
396, 1, 134, 534, 349, 321, 1, 4, 1
397, 1, 134, 534, 349, 321, 1, 4, 1
398, 1, 134, 534, 349, 321, 1, 4, 1
399, 1, 134, 534, 349, 321, 1, 4, 1
400, 1, 134, 534, 349, 321, 1, 4, 1
401, 1, 134, 534, 349, 321, 1, 4, 1
402, 1, 134, 534, 349, 321, 1, 4, 1
403, 1, 134, 534, 349, 321, 1, 4, 1
404, 1, 134, 534, 349, 321, 1, 4, 1
405, 1, 134, 534, 349, 321, 1, 4, 1
406, 1, 134, 534, 349, 321, 1, 4, 1
407, 1, 134, 534, 349, 321, 1, 4, 1
408, 1, 134, 534, 349, 321, 1, 4, 1
409, 1, 134, 534, 349, 321, 1, 4, 1
410, 1, 134, 534, 349, 321, 1, 4, 1
411, 1, 134, 534, 349, 321, 1, 4, 1
412, 1, 134, 534, 349, 321, 1, 4, 1
413, 1, 134, 534, 349, 321, 1, 4, 1
414, 1, 134, 534, 349, 321, 1, 4, 1
415, 1, 134, 534, 349, 321, 1, 4, 1
416, 1, 134, 534, 349, 321, 1, 4, 1
417, 1, 134, 534, 349, 321, 1, 4, 1
418, 1, 134, 534, 349, 321, 1, 4, 1
419, 1, 134, 534, 349, 321, 1, 4, 1
420, 1, 134, 534, 349, 321, 1, 4, 1
421, 1, 134, 534, 349, 321, 1, 4, 1
422, 1, 134, 534, 349, 321, 1, 4, 1
423, 1, 134, 534, 349, 321, 1, 4, 1
424, 1, 134, 534, 349, 321, 1, 4, 1
425, 1, 134, 534, 349, 321, 1, 4, 1
426, 1, 134, 534, 349, 321, 1, 4, 1
427, 1, 134, 534, 349, 321, 1, 4, 1
428, 1, 134, 534, 349, 321, 1, 4, 1
429, 1, 134, 534, 349, 321, 1, 4, 1
430, 1, 134, 534, 349, 321, 1, 4, 1
431, 1, 134, 534, 349, 321, 1, 4, 1
432, 1, 134, 534, 349, 321, 1, 4, 1
433, 1, 134, 534, 349, 321, 1, 4, 1
434, 1, 134, 534, 349, 321, 1, 4, 1
435, 1, 134, 534, 349, 321, 1, 4, 1
436, 1, 134, 534, 349, 321, 1, 4, 1
437, 1, 134, 534, 349, 321, 1, 4, 1
438, 1, 134, 534, 349, 321, 1, 4, 1
439, 1, 134, 534, 349, 321, 1, 4, 1
440, 1, 134, 534, 349, 321, 1, 4, 1
441, 1, 134, 534, 349, 321, 1, 4, 1
442, 1, 134, 534, 349, 321, 1, 4, 1
443, 1, 134, 534, 349, 321, 1, 4, 1
444, 1, 134, 534, 349, 321, 1, 4, 1
445, 1, 134, 534, 349, 321, 1, 4, 1
446, 1, 134, 534, 349, 321, 1, 4, 1
447, 1, 134, 534, 349, 321, 1, 4, 1
448, 1, 134, 534, 349, 321, 1, 4, 1
449, 1, 134, 534, 349, 321, 1, 4, 1
450, 1, 134, 534, 349, 321, 1, 4, 1
451, 1, 134, 534, 349, 321, 1, 4, 1
452, 1, 134, 534, 349, 321, 1, 4, 1
453, 1, 134, 534, 349, 321, 1, 4, 1
454, 1, 134, 534, 349, 321, 1, 4, 1
455, 1, 134, 534, 349, 321, 1, 4, 1
456, 1, 134, 534, 349, 321, 1, 4, 1
457, 1, 134, 534, 349, 321, 1, 4, 1
458, 1, 134, 534, 349, 321, 1, 4, 1
459, 1, 134, 534, 349, 321, 1, 4, 1
460, 1, 134, 534, 349, 321, 1, 4, 1
461, 1, 134, 534, 349, 321, 1, 4, 1
462, 1, 134, 534, 349, 321, 1, 4, 1
463, 1, 134, 534, 349, 321, 1, 4, 1
464, 1, 134, 534, 349, 321, 1, 4, 1
465, 1, 134, 534, 349, 321, 1, 4, 1
466, 1, 134, 534, 349, 321, 1, 4, 1
467, 1, 134, 534, 349, 321, 1, 4, 1
468, 1, 134, 534, 349, 321, 1, 4, 1
469, 1, 134, 534, 349, 321, 1, 4, 1
470, 1, 134, 534, 349, 321, 1, 4, 1
471, 1, 134, 534, 349, 321, 1, 4, 1
472, 1, 134, 534, 349, 321, 1, 4, 1
473, 1, 134, 534, 349, 321, 1, 4, 1
474, 1, 134, 534, 349, 321, 1, 4, 1
475, 1, 134, 534, 349, 321, 1, 4, 1
476, 1, 134, 534, 349, 321, 1, 4, 1
477, 1, 134, 534, 349, 321, 1, 4, 1
478, 1, 134, 534, 349, 321, 1, 4, 1
479, 1, 134, 534, 349, 321, 1, 4, 1
480, 1, 134, 534, 349, 321, 1, 4, 1
481, 1, 134, 534, 349, 321, 1, 4, 1
482, 1, 134, 534, 349, 321, 1, 4, 1
483, 1, 134, 534, 349, 321, 1, 4, 1
484, 1, 134, 534, 349, 321, 1, 4, 1
485, 1, 134, 534, 349, 321, 1, 4, 1
486, 1, 134, 534, 349, 321, 1, 4, 1
487, 1, 134, 534, 349, 321, 1, 4, 1
488, 1, 134, 534, 349, 321, 1, 4, 1
489, 1, 134, 534, 349, 321, 1, 4, 1
490, 1, 134, 534, 349, 321, 1, 4, 1
491, 1, 134, 534, 349, 321, 1, 4, 1
492, 1, 134, 534, 349, 321, 1, 4, 1
493, 1, 134, 534, 349, 321, 1, 4, 1
494, 1, 134, 534, 349, 321, 1, 4, 1
495, 1, 134, 534, 349, 321, 1, 4, 1
496, 1, 134, 534, 349, 321, 1, 4, 1
497, 1, 134, 534, 349, 321, 1, 4, 1
498, 1, 134, 534, 349, 321, 1, 4, 1
499, 1, 134, 534, 349, 321, 1, 4, 1
500, 1, 134, 534, 349, 321, 1, 4, 1
501, 1, 134, 534, 349, 321, 1, 4, 1
502, 1, 134, 534, 349, 321, 1, 4, 1
503, 1, 134, 534, 349, 321, 1, 4, 1
504, 1, 134, 534, 349, 321, 1, 4, 1
505, 1, 134, 534, 349, 321, 1, 4, 1
506, 1, 134, 534, 349, 321, 1, 4, 1
507, 1, 134, 534, 349, 321, 1, 4, 1
508, 1, 134, 534, 349, 321, 1, 4, 1
509, 1, 134, 534, 349, 321, 1, 4, 1
510, 1, 134, 534, 349, 321, 1, 4, 1
511, 1, 134, 534, 349, 321, 1, 4, 1
512, 1, 134, 534, 349, 321, 1, 4, 1
513, 1, 134, 534, 349, 321, 1, 4, 1
514, 1, 134, 534, 349, 321, 1, 4, 1
515, 1, 134, 534, 349, 321, 1, 4, 1
516, 1, 134, 534, 349, 321, 1, 4, 1
517, 1, 134, 534, 349, 321, 1, 4, 1
518, 1, 134, 534, 349, 321, 1, 4, 1
519, 1, 134, 534, 349, 321, 1, 4, 1
520, 1, 134, 534, 349, 321, 1, 4, 1
521, 1, 134, 534, 349, 321, 1, 4, 1
522, 1, 134, 534, 349, 321, 1, 4, 1
523, 1, 134, 534, 349, 321, 1, 4, 1
524, 1, 134, 534, 349, 321, 1, 4, 1
525, 1, 134, 534, 349, 321, 1, 4, 1
526, 1, 134, 534, 349, 321, 1, 4, 1
527, 1, 134, 534, 349, 321, 1, 4, 1
528, 1, 134, 534, 349, 321, 1, 4, 1
529, 1, 134, 534, 349, 321, 1, 4, 1
530, 1, 134, 534, 349, 321, 1, 4, 1
531, 1, 134, 534, 349, 321, 1, 4, 1
532, 1, 134, 534, 349, 321, 1, 4, 1
533, 1, 134, 534, 349, 321, 1, 4, 1
534, 1, 134, 534, 349, 321, 1, 4, 1
535, 1, 134, 534, 349, 321, 1, 4, 1
536, 1, 134, 534, 349, 321, 1, 4, 1
537, 1, 134, 534, 349, 321, 1, 4, 1
538, 1, 134, 534, 349, 321, 1, 4, 1
539, 1, 134, 534, 349, 321, 1, 4, 1
540, 1, 134, 534, 349, 321, 1, 4, 1
541, 1, 134, 534, 349, 321, 1, 4, 1
542, 1, 134, 534, 349, 321, 1, 4, 1
543, 1, 134, 534, 349, 321, 1, 4, 1
544, 1, 134, 534, 349, 321, 1, 4, 1
545, 1, 134, 534, 349, 321, 1, 4, 1
546, 1, 134, 534, 349, 321, 1, 4, 1
547, 1, 134, 534, 349, 321, 1, 4, 1
548, 1, 134, 534, 349, 321, 1, 4, 1
549, 1, 134, 534, 349, 321, 1, 4, 1
550, 1, 134, 534, 349, 321, 1, 4, 1
551, 1, 134, 534, 349, 321, 1, 4, 1
552, 1, 134, 534, 349, 321, 1, 4, 1
553, 1, 134, 534, 349, 321, 1, 4, 1
554, 1, 134, 534, 349, 321, 1, 4, 1
555, 1, 134, 534, 349, 321, 1, 4, 1
556, 1, 134, 534, 349, 321, 1, 4, 1
557, 1, 134, 534, 349, 321, 1, 4, 1
558, 1, 134, 534, 349, 321, 1, 4, 1
559, 1, 134, 534, 349, 321, 1, 4, 1
560, 1, 134, 534, 349, 321, 1, 4, 1
561, 1, 134, 534, 349, 321, 1, 4, 1
562, 1, 134, 534, 349, 321, 1, 4, 1
563, 1, 134, 534, 349, 321, 1, 4, 1
564, 1, 134, 534, 349, 321, 1, 4, 1
565, 1, 134, 534, 349, 321, 1, 4, 1
566, 1, 134, 534, 349, 321, 1, 4, 1
567, 1, 134, 534, 349, 321, 1, 4, 1
568, 1, 134, 534, 349, 321, 1, 4, 1
569, 1, 134, 534, 349, 321, 1, 4, 1
570, 1, 134, 534, 349, 321, 1, 4, 1
571, 1, 134, 534, 349, 321, 1, 4, 1
572, 1, 134, 534, 349, 321, 1, 4, 1
573, 1, 134, 534, 349, 321, 1, 4, 1
574, 1, 134, 534, 349, 321, 1, 4, 1
575, 1, 134, 534, 349, 321, 1, 4, 1
576, 1, 134, 534, 349, 321, 1, 4, 1
577, 1, 134, 534, 349, 321, 1, 4, 1
578, 1, 134, 534, 349, 321, 1, 4, 1
579, 1, 134, 534, 349, 321, 1, 4, 1
580, 1, 134, 534, 349, 321, 1, 4, 1
581, 1, 134, 534, 349, 321, 1, 4, 1
582, 1, 134, 534, 349, 321, 1, 4, 1
583, 1, 134, 534, 349, 321, 1, 4, 1
584, 1, 134, 534, 349, 321, 1, 4, 1
585, 1, 134, 534, 349, 321, 1, 4, 1
586, 1, 134, 534, 349, 321, 1, 4, 1
587, 1, 134, 534, 349, 321, 1, 4, 1
588, 1, 134, 534, 349, 321, 1, 4, 1
589, 1, 134, 534, 349, 321, 1, 4, 1
590, 1, 134, 534, 349, 321, 1, 4, 1
591, 1, 134, 534, 349, 321, 1, 4, 1
592, 1, 134, 534, 349, 321, 1, 4, 1
593, 1, 134, 534, 349, 321, 1, 4, 1
594, 1, 134, 534, 349, 321, 1, 4, 1
595, 1, 134, 534, 349, 321, 1, 4, 1
596, 1, 134, 534, 349, 321, 1, 4, 1
597, 1, 134, 534, 349, 321, 1, 4, 1
598, 1, 134, 534, 349, 321, 1, 4, 1
599, 1, 134, 534, 349, 321, 1, 4, 1
600, 1, 134, 534, 349, 321, 1, 4, 1
601, 1, 134, 534, 349, 321, 1, 4, 1
602, 1, 134, 534, 349, 321, 1, 4, 1
603, 1, 134, 534, 349, 321, 1, 4, 1
604, 1, 134, 534, 349, 321, 1, 4, 1
605, 1, 134, 534, 349, 321, 1, 4, 1
606, 1, 134, 534, 349, 321, 1, 4, 1
607, 1, 134, 534, 349, 321, 1, 4, 1
608, 1, 134, 534, 349, 321, 1, 4, 1
609, 1, 134, 534, 349, 321, 1, 4, 1
610, 1, 134, 534, 349, 321, 1, 4, 1
611, 1, 134, 534, 349, 321, 1, 4, 1
612, 1, 134, 534, 349, 321, 1, 4, 1
613, 1, 134, 534, 349, 321, 1, 4, 1
614, 1, 134, 534, 349, 321, 1, 4, 1
615, 1, 134, 534, 349, 321, 1, 4, 1
616, 1, 134, 534, 349, 321, 1, 4, 1
617, 1, 134, 534, 349, 321, 1, 4, 1
618, 1, 134, 534, 349, 321, 1, 4, 1
619, 1, 134, 534, 349, 321, 1, 4, 1
620, 1, 134, 534, 349, 321, 1, 4, 1
621, 1, 134, 534, 349, 321, 1, 4, 1
622, 1, 134, 534, 349, 321, 1, 4, 1
623, 1, 134, 534, 349, 321, 1, 4, 1
624, 1, 134, 534, 349, 321, 1, 4, 1
625, 1, 134, 534, 349, 321, 1, 4, 1
626, 1, 134, 534, 349, 321, 1, 4, 1
627, 1, 134, 534, 349, 321, 1, 4, 1
628, 1, 134, 534, 349, 321, 1, 4, 1
629, 1, 134, 534, 349, 321, 1, 4, 1
630, 1, 134, 534, 349, 321, 1, 4, 1
631, 1, 134, 534, 349, 321, 1, 4, 1
632, 1, 134, 534, 349, 321, 1, 4, 1
633, 1, 134, 534, 349, 321, 1, 4, 1
634, 1, 134, 534, 349, 321, 1, 4, 1
635, 1, 134, 534, 349, 321, 1, 4, 1
636, 1, 134, 534, 349, 321, 1, 4, 1
637, 1, 134, 534, 349, 321, 1, 4, 1
638, 1, 134, 534, 349, 321, 1, 4, 1
639, 1, 134, 534, 349, 321, 1, 4, 1
640, 1, 134, 534, 349, 321, 1, 4, 1
641, 1, 134, 534, 349, 321, 1, 4, 1
642, 1, 134, 534, 349, 321, 1, 4, 1
643, 1, 134, 534, 349, 321, 1, 4, 1
644, 1, 134, 534, 349, 321, 1, 4, 1
645, 1, 134, 534, 349, 321, 1, 4, 1
646, 1, 134, 534, 349, 321, 1, 4, 1
647, 1, 134, 534, 349, 321, 1, 4, 1
648, 1, 134, 534, 349, 321, 1, 4, 1
649, 1, 134, 534, 349, 321, 1, 4, 1
650, 1, 134, 534, 349, 321, 1, 4, 1
651, 1, 134, 534, 349, 321, 1, 4, 1
652, 1, 134, 534, 349, 321, 1, 4, 1
653, 1, 134, 534, 349, 321, 1, 4, 1
654, 1, 134, 534, 349, 321, 1, 4, 1
655, 1, 134, 534, 349, 321, 1, 4, 1
656, 1, 134, 534, 349, 321, 1, 4, 1
657, 1, 134, 534, 349, 321, 1, 4, 1
658, 1, 134, 534, 349, 321, 1, 4, 1
659, 1, 134, 534, 349, 321, 1, 4, 1
660, 1, 134, 534, 349, 321, 1, 4, 1
661, 1, 134, 534, 349, 321, 1, 4, 1
662, 1, 134, 534, 349, 321, 1, 4, 1
663, 1, 134, 534, 349, 321, 1, 4, 1
664, 1, 134, 534, 349, 321, 1, 4, 1
665, 1, 134, 534, 349, 321, 1, 4, 1
666, 1, 134, 534, 349, 321, 1, 4, 1
667, 1, 134, 534, 349, 321, 1, 4, 1
668, 1, 134, 534, 349, 321, 1, 4, 1
669, 1, 134, 534, 349, 321, 1, 4, 1
670, 1, 134, 534, 349, 321, 1, 4, 1
671, 1, 134, 534, 349, 321, 1, 4, 1
672, 1, 134, 534, 349, 321, 1, 4, 1
673, 1, 134, 534, 349, 321, 1, 4, 1
674, 1, 134, 534, 349, 321, 1, 4, 1
675, 1, 134, 534, 349, 321, 1, 4, 1
676, 1, 134, 534, 349, 321, 1, 4, 1
677, 1, 134, 534, 349, 321, 1, 4, 1
678, 1, 134, 534, 349, 321, 1, 4, 1
679, 1, 134, 534, 349, 321, 1, 4, 1
680, 1, 134, 534, 349, 321, 1, 4, 1
681, 1, 134, 534, 349, 321, 1, 4, 1
682, 1, 134, 534, 349, 321, 1, 4, 1
683, 1, 134, 534, 349, 321, 1, 4, 1
684, 1, 134, 534, 349, 321, 1, 4, 1
685, 1, 134, 534, 349, 321, 1, 4, 1
686, 1, 134, 534, 349, 321, 1, 4, 1
687, 1, 134, 534, 349, 321, 1, 4, 1
688, 1, 134, 534, 349, 321, 1, 4, 1
689, 1, 134, 534, 349, 321, 1, 4, 1
690, 1, 134, 534, 349, 321, 1, 4, 1
691, 1, 134, 534, 349, 321, 1, 4, 1
692, 1, 134, 534, 349, 321, 1, 4, 1
693, 1, 134, 534, 349, 321, 1, 4, 1
694, 1, 134, 534, 349, 321, 1, 4, 1
695, 1, 134, 534, 349, 321, 1, 4, 1
696, 1, 134, 534, 349, 321, 1, 4, 1
697, 1, 134, 534, 349, 321, 1, 4, 1
698, 1, 134, 534, 349, 321, 1, 4, 1
699, 1, 134, 534, 349, 321, 1, 4, 1
700, 1, 134, 534, 349, 321, 1, 4, 1
701, 1, 134, 534, 349, 321, 1, 4, 1
702, 1, 134, 534, 349, 321, 1, 4, 1
703, 1, 134, 534, 349, 321, 1, 4, 1
704, 1, 134, 534, 349, 321, 1, 4, 1
705, 1, 134, 534, 349, 321, 1, 4, 1
706, 1, 134, 534, 349, 321, 1, 4, 1
707, 1, 134, 534, 349, 321, 1, 4, 1
708, 1, 134, 534, 349, 321, 1, 4, 1
709, 1, 134, 534, 349, 321, 1, 4, 1
710, 1, 134, 534, 349, 321, 1, 4, 1
711, 1, 134, 534, 349, 321, 1, 4, 1
712, 1, 134, 534, 349, 321, 1, 4, 1
713, 1, 134, 534, 349, 321, 1, 4, 1
714, 1, 134, 534, 349, 321, 1, 4, 1
715, 1, 134, 534, 349, 321, 1, 4, 1
716, 1, 134, 534, 349, 321, 1, 4, 1
717, 1, 134, 534, 349, 321, 1, 4, 1
718, 1, 134, 534, 349, 321, 1, 4, 1
719, 1, 134, 534, 349, 321, 1, 4, 1
720, 1, 134, 534, 349, 321, 1, 4, 1
721, 1, 134, 534, 349, 321, 1, 4, 1
722, 1, 134, 534, 349, 321, 1, 4, 1
723, 1, 134, 534, 349, 321, 1, 4, 1
724, 1, 134, 534, 349, 321, 1, 4, 1
725, 1, 134, 534, 349, 321, 1, 4, 1
726, 1, 134, 534, 349, 321, 1, 4, 1
727, 1, 134, 534, 349, 321, 1, 4, 1
728, 1, 134, 534, 349, 321, 1, 4, 1
729, 1, 134, 534, 349, 321, 1, 4, 1
730, 1, 134, 534, 349, 321, 1, 4, 1
731, 1, 134, 534, 349, 321, 1, 4, 1
732, 1, 134, 534, 349, 321, 1, 4, 1
733, 1, 134, 534, 349, 321, 1, 4, 1
734, 1, 134, 534, 349, 321, 1, 4, 1
735, 1, 134, 534, 349, 321, 1, 4, 1
736, 1, 134, 534, 349, 321, 1, 4, 1
737, 1, 134, 534, 349, 321, 1, 4, 1
738, 1, 134, 534, 349, 321, 1, 4, 1
739, 1, 134, 534, 349, 321, 1, 4, 1
740, 1, 134, 534, 349, 321, 1, 4, 1
741, 1, 134, 534, 349, 321, 1, 4, 1
742, 1, 134, 534, 349, 321, 1, 4, 1
743, 1, 134, 534, 349, 321, 1, 4, 1
744, 1, 134, 534, 349, 321, 1, 4, 1
745, 1, 134, 534, 349, 321, 1, 4, 1
746, 1, 134, 534, 349, 321, 1, 4, 1
747, 1, 134, 534, 349, 321, 1, 4, 1
748, 1, 134, 534, 349, 321, 1, 4, 1
749, 1, 134, 534, 349, 321, 1, 4, 1
750, 1, 134, 534, 349, 321, 1, 4, 1
1, 2, 216, 495, 111, 69, 1, 3, 1
2, 2, 217, 496, 110, 68, 1, 3, 1
3, 2, 217, 492, 111, 71, 1, 3, 1
4, 2, 218, 494, 111, 68, 1, 3, 1
5, 2, 220, 496, 104, 65, 1, 3, 1
6, 2, 223, 495, 100, 65, 1, 3, 1
7, 2, 222, 494, 101, 64, 1, 3, 1
8, 2, 222, 494, 105, 65, 1, 3, 1
9, 2, 223, 493, 106, 65, 1, 3, 1
10, 2, 224, 492, 104, 65, 1, 3, 1
11, 2, 226, 490, 103, 67, 1, 3, 1
12, 2, 228, 489, 102, 66, 1, 3, 1
13, 2, 229, 489, 104, 66, 1, 3, 1
14, 2, 231, 488, 103, 65, 1, 3, 1
15, 2, 231, 487, 103, 65, 1, 3, 1
16, 2, 231, 487, 103, 65, 1, 3, 1
17, 2, 233, 486, 102, 65, 1, 3, 1
18, 2, 233, 485, 101, 65, 1, 3, 1
19, 2, 235, 485, 101, 64, 1, 3, 1
20, 2, 234, 485, 104, 63, 1, 3, 1
21, 2, 234, 483, 104, 62, 1, 3, 1
22, 2, 235, 482, 105, 63, 1, 3, 1
23, 2, 237, 481, 104, 63, 1, 3, 1
24, 2, 237, 481, 103, 62, 1, 3, 1
25, 2, 237, 481, 104, 61, 1, 3, 1
26, 2, 239, 481, 104, 60, 1, 3, 1
27, 2, 239, 480, 106, 59, 1, 3, 1
28, 2, 240, 479, 105, 59, 1, 3, 1
29, 2, 241, 478, 105, 60, 1, 3, 1
30, 2, 242, 479, 105, 57, 1, 3, 1
31, 2, 243, 477, 105, 59, 1, 3, 1
32, 2, 243, 476, 105, 59, 1, 3, 1
33, 2, 245, 475, 103, 59, 1, 3, 1
34, 2, 244, 473, 105, 60, 1, 3, 1
35, 2, 245, 472, 105, 61, 1, 3, 1
36, 2, 246, 472, 104, 60, 1, 3, 1
37, 2, 246, 472, 104, 58, 1, 3, 1
38, 2, 248, 470, 103, 60, 1, 3, 1
39, 2, 247, 468, 104, 63, 1, 3, 1
40, 2, 248, 468, 104, 63, 1, 3, 1
41, 2, 249, 467, 104, 63, 1, 3, 1
42, 2, 250, 466, 104, 64, 1, 3, 1
43, 2, 250, 466, 103, 63, 1, 3, 1
44, 2, 250, 465, 103, 61, 1, 3, 1
45, 2, 252, 463, 102, 63, 1, 3, 1
46, 2, 251, 463, 104, 63, 1, 3, 1
47, 2, 251, 461, 105, 64, 1, 3, 1
48, 2, 253, 461, 103, 64, 1, 3, 1
49, 2, 252, 460, 103, 64, 1, 3, 1
50, 2, 252, 459, 105, 65, 1, 3, 1
51, 2, 252, 458, 105, 65, 1, 3, 1
52, 2, 251, 458, 107, 65, 1, 3, 1
53, 2, 253, 456, 104, 67, 1, 3, 1
54, 2, 254, 456, 104, 66, 1, 3, 1
55, 2, 256, 454, 101, 67, 1, 3, 1
56, 2, 253, 453, 105, 67, 1, 3, 1
57, 2, 254, 453, 105, 68, 1, 3, 1
58, 2, 254, 453, 106, 67, 1, 3, 1
59, 2, 256, 452, 103, 67, 1, 3, 1
60, 2, 254, 451, 106, 67, 1, 3, 1
61, 2, 256, 450, 104, 68, 1, 3, 1
62, 2, 255, 450, 105, 67, 1, 3, 1
63, 2, 255, 450, 105, 67, 1, 3, 1
64, 2, 255, 449, 106, 67, 1, 3, 1
65, 2, 256, 448, 104, 67, 1, 3, 1
66, 2, 256, 447, 107, 67, 1, 3, 1
67, 2, 258, 447, 106, 67, 1, 3, 1
68, 2, 258, 447, 106, 66, 1, 3, 1
69, 2, 259, 446, 104, 65, 1, 3, 1
70, 2, 259, 446, 104, 66, 1, 3, 1
71, 2, 259, 445, 105, 65, 1, 3, 1
72, 2, 259, 445, 105, 64, 1, 3, 1
73, 2, 259, 444, 105, 65, 1, 3, 1
74, 2, 260, 444, 103, 64, 1, 3, 1
75, 2, 260, 442, 106, 66, 1, 3, 1
76, 2, 259, 442, 105, 65, 1, 3, 1
77, 2, 259, 441, 106, 64, 1, 3, 1
78, 2, 259, 440, 107, 66, 1, 3, 1
79, 2, 260, 440, 106, 65, 1, 3, 1
80, 2, 261, 440, 105, 64, 1, 3, 1
81, 2, 259, 439, 108, 65, 1, 3, 1
82, 2, 261, 437, 106, 65, 1, 3, 1
83, 2, 260, 437, 107, 65, 1, 3, 1
84, 2, 260, 437, 103, 65, 1, 3, 1
85, 2, 260, 435, 104, 66, 1, 3, 1
86, 2, 260, 435, 105, 65, 1, 3, 1
87, 2, 262, 434, 104, 65, 1, 3, 1
88, 2, 261, 434, 104, 65, 1, 3, 1
89, 2, 260, 433, 107, 64, 1, 3, 1
90, 2, 260, 432, 107, 64, 1, 3, 1
91, 2, 261, 430, 106, 67, 1, 3, 1
92, 2, 263, 430, 104, 66, 1, 3, 1
93, 2, 261, 429, 106, 67, 1, 3, 1
94, 2, 263, 429, 104, 66, 1, 3, 1
95, 2, 262, 428, 106, 66, 1, 3, 1
96, 2, 261, 427, 106, 66, 1, 3, 1
97, 2, 261, 427, 105, 66, 1, 3, 1
98, 2, 261, 426, 103, 66, 1, 3, 1
99, 2, 262, 425, 103, 67, 1, 3, 1
100, 2, 261, 425, 103, 66, 1, 3, 1
101, 2, 261, 424, 104, 65, 1, 3, 1
102, 2, 263, 423, 105, 66, 1, 3, 1
103, 2, 262, 423, 106, 65, 1, 3, 1
104, 2, 261, 422, 105, 66, 1, 3, 1
105, 2, 262, 422, 105, 66, 1, 3, 1
106, 2, 263, 422, 103, 64, 1, 3, 1
107, 2, 262, 421, 105, 64, 1, 3, 1
108, 2, 262, 420, 105, 65, 1, 3, 1
109, 2, 262, 420, 106, 64, 1, 3, 1
110, 2, 262, 419, 104, 64, 1, 3, 1
111, 2, 261, 419, 106, 63, 1, 3, 1
112, 2, 262, 419, 106, 61, 1, 3, 1
113, 2, 263, 418, 106, 61, 1, 3, 1
114, 2, 261, 416, 106, 62, 1, 3, 1
115, 2, 261, 416, 108, 60, 1, 3, 1
116, 2, 261, 415, 108, 60, 1, 3, 1
117, 2, 261, 414, 107, 60, 1, 3, 1
118, 2, 262, 413, 106, 61, 1, 3, 1
119, 2, 262, 412, 108, 60, 1, 3, 1
120, 2, 262, 412, 107, 59, 1, 3, 1
121, 2, 262, 411, 106, 60, 1, 3, 1
122, 2, 262, 410, 107, 61, 1, 3, 1
123, 2, 263, 409, 108, 62, 1, 3, 1
124, 2, 263, 408, 109, 62, 1, 3, 1
125, 2, 265, 407, 107, 63, 1, 3, 1
126, 2, 264, 405, 108, 63, 1, 3, 1
127, 2, 265, 405, 107, 62, 1, 3, 1
128, 2, 265, 404, 108, 63, 1, 3, 1
129, 2, 266, 402, 105, 63, 1, 3, 1
130, 2, 265, 401, 106, 63, 1, 3, 1
131, 2, 266, 400, 107, 63, 1, 3, 1
132, 2, 267, 398, 104, 64, 1, 3, 1
133, 2, 266, 398, 107, 63, 1, 3, 1
134, 2, 268, 397, 105, 64, 1, 3, 1
135, 2, 268, 396, 103, 64, 1, 3, 1
136, 2, 267, 395, 104, 65, 1, 3, 1
137, 2, 268, 394, 105, 63, 1, 3, 1
138, 2, 268, 393, 105, 64, 1, 3, 1
139, 2, 267, 392, 106, 66, 1, 3, 1
140, 2, 269, 392, 105, 64, 1, 3, 1
141, 2, 268, 390, 106, 64, 1, 3, 1
142, 2, 268, 389, 107, 66, 1, 3, 1
143, 2, 269, 388, 105, 65, 1, 3, 1
144, 2, 269, 387, 107, 66, 1, 3, 1
145, 2, 269, 387, 108, 63, 1, 3, 1
146, 2, 269, 386, 108, 65, 1, 3, 1
147, 2, 270, 385, 107, 64, 1, 3, 1
148, 2, 270, 384, 108, 64, 1, 3, 1
149, 2, 271, 383, 106, 64, 1, 3, 1
150, 2, 270, 383, 109, 64, 1, 3, 1
151, 2, 272, 382, 107, 63, 1, 3, 1
152, 2, 273, 382, 107, 62, 1, 3, 1
153, 2, 274, 382, 106, 61, 1, 3, 1
154, 2, 274, 381, 107, 61, 1, 3, 1
155, 2, 275, 379, 107, 62, 1, 3, 1
156, 2, 276, 378, 106, 63, 1, 3, 1
157, 2, 275, 378, 106, 61, 1, 3, 1
158, 2, 276, 378, 107, 61, 1, 3, 1
159, 2, 276, 377, 109, 61, 1, 3, 1
160, 2, 277, 376, 108, 61, 1, 3, 1
161, 2, 277, 375, 109, 60, 1, 3, 1
162, 2, 278, 374, 109, 61, 1, 3, 1
163, 2, 280, 374, 106, 60, 1, 3, 1
164, 2, 280, 373, 106, 61, 1, 3, 1
165, 2, 281, 373, 105, 60, 1, 3, 1
166, 2, 282, 371, 106, 61, 1, 3, 1
167, 2, 283, 370, 108, 61, 1, 3, 1
168, 2, 283, 370, 109, 61, 1, 3, 1
169, 2, 285, 369, 107, 59, 1, 3, 1
170, 2, 285, 367, 108, 62, 1, 3, 1
171, 2, 285, 367, 109, 61, 1, 3, 1
172, 2, 286, 366, 109, 62, 1, 3, 1
173, 2, 287, 365, 109, 62, 1, 3, 1
174, 2, 287, 364, 110, 63, 1, 3, 1
175, 2, 289, 364, 108, 63, 1, 3, 1
176, 2, 291, 362, 107, 64, 1, 3, 1
177, 2, 292, 362, 106, 64, 1, 3, 1
178, 2, 291, 360, 109, 63, 1, 3, 1
179, 2, 294, 360, 109, 62, 1, 3, 1
180, 2, 294, 359, 110, 63, 1, 3, 1
181, 2, 295, 358, 109, 62, 1, 3, 1
182, 2, 297, 357, 108, 64, 1, 3, 1
183, 2, 297, 356, 110, 63, 1, 3, 1
184, 2, 300, 355, 108, 64, 1, 3, 1
185, 2, 300, 353, 109, 65, 1, 3, 1
186, 2, 302, 353, 109, 64, 1, 3, 1
187, 2, 302, 352, 109, 64, 1, 3, 1
188, 2, 303, 351, 109, 65, 1, 3, 1
189, 2, 303, 350, 111, 64, 1, 3, 1
190, 2, 305, 350, 111, 64, 1, 3, 1
191, 2, 308, 349, 109, 64, 1, 3, 1
192, 2, 308, 348, 110, 65, 1, 3, 1
193, 2, 309, 348, 108, 65, 1, 3, 1
194, 2, 310, 348, 111, 63, 1, 3, 1
195, 2, 311, 347, 110, 63, 1, 3, 1
196, 2, 312, 346, 109, 62, 1, 3, 1
197, 2, 315, 345, 104, 63, 1, 3, 1
198, 2, 315, 345, 109, 62, 1, 3, 1
199, 2, 317, 344, 108, 62, 1, 3, 1
200, 2, 317, 343, 109, 62, 1, 3, 1
201, 2, 319, 343, 109, 62, 1, 3, 1
202, 2, 319, 342, 110, 63, 1, 3, 1
203, 2, 321, 341, 109, 62, 1, 3, 1
204, 2, 324, 341, 107, 61, 1, 3, 1
205, 2, 323, 340, 109, 60, 1, 3, 1
206, 2, 325, 340, 108, 61, 1, 3, 1
207, 2, 326, 339, 109, 62, 1, 3, 1
208, 2, 328, 338, 108, 61, 1, 3, 1
209, 2, 330, 337, 107, 60, 1, 3, 1
210, 2, 331, 335, 108, 61, 1, 3, 1
211, 2, 332, 335, 110, 59, 1, 3, 1
212, 2, 336, 335, 106, 59, 1, 3, 1
213, 2, 336, 334, 107, 60, 1, 3, 1
214, 2, 336, 334, 105, 59, 1, 3, 1
215, 2, 337, 333, 109, 59, 1, 3, 1
216, 2, 339, 332, 108, 60, 1, 3, 1
217, 2, 341, 331, 108, 60, 1, 3, 1
218, 2, 341, 330, 109, 60, 1, 3, 1
219, 2, 343, 329, 107, 58, 1, 3, 1
220, 2, 344, 328, 110, 58, 1, 3, 1
221, 2, 346, 326, 110, 61, 1, 3, 1
222, 2, 348, 325, 110, 61, 1, 3, 1
223, 2, 349, 324, 107, 60, 1, 3, 1
224, 2, 350, 324, 110, 60, 1, 3, 1
225, 2, 351, 322, 109, 61, 1, 3, 1
226, 2, 352, 321, 110, 61, 1, 3, 1
227, 2, 354, 320, 108, 61, 1, 3, 1
228, 2, 356, 319, 108, 62, 1, 3, 1
229, 2, 356, 318, 109, 62, 1, 3, 1
230, 2, 357, 317, 109, 62, 1, 3, 1
231, 2, 359, 316, 107, 62, 1, 3, 1
232, 2, 360, 316, 108, 61, 1, 3, 1
233, 2, 361, 314, 108, 62, 1, 3, 1
234, 2, 362, 314, 109, 61, 1, 3, 1
235, 2, 363, 313, 109, 60, 1, 3, 1
236, 2, 364, 312, 111, 61, 1, 3, 1
237, 2, 365, 311, 111, 60, 1, 3, 1
238, 2, 366, 310, 110, 61, 1, 3, 1
239, 2, 368, 309, 109, 61, 1, 3, 1
240, 2, 369, 309, 110, 60, 1, 3, 1
241, 2, 370, 308, 110, 60, 1, 3, 1
242, 2, 371, 306, 107, 61, 1, 3, 1
243, 2, 374, 305, 107, 61, 1, 3, 1
244, 2, 374, 304, 110, 61, 1, 3, 1
245, 2, 375, 303, 110, 61, 1, 3, 1
246, 2, 375, 303, 110, 60, 1, 3, 1
247, 2, 377, 302, 110, 59, 1, 3, 1
248, 2, 378, 301, 110, 61, 1, 3, 1
249, 2, 379, 300, 109, 61, 1, 3, 1
250, 2, 379, 299, 111, 61, 1, 3, 1
251, 2, 380, 298, 111, 61, 1, 3, 1
252, 2, 381, 297, 110, 61, 1, 3, 1
253, 2, 383, 296, 108, 62, 1, 3, 1
254, 2, 383, 296, 109, 60, 1, 3, 1
255, 2, 385, 294, 108, 62, 1, 3, 1
256, 2, 384, 294, 109, 62, 1, 3, 1
257, 2, 386, 294, 108, 61, 1, 3, 1
258, 2, 388, 293, 107, 61, 1, 3, 1
259, 2, 388, 292, 108, 61, 1, 3, 1
260, 2, 389, 291, 108, 61, 1, 3, 1
261, 2, 389, 290, 107, 62, 1, 3, 1
262, 2, 390, 289, 109, 61, 1, 3, 1
263, 2, 392, 287, 108, 63, 1, 3, 1
264, 2, 392, 286, 108, 62, 1, 3, 1
265, 2, 392, 285, 109, 61, 1, 3, 1
266, 2, 393, 284, 109, 63, 1, 3, 1
267, 2, 395, 284, 107, 61, 1, 3, 1
268, 2, 395, 283, 107, 61, 1, 3, 1
269, 2, 395, 282, 107, 63, 1, 3, 1
270, 2, 397, 280, 107, 63, 1, 3, 1
271, 2, 396, 280, 108, 62, 1, 3, 1
272, 2, 397, 278, 108, 63, 1, 3, 1
273, 2, 397, 278, 108, 62, 1, 3, 1
274, 2, 398, 277, 109, 62, 1, 3, 1
275, 2, 398, 276, 111, 61, 1, 3, 1
276, 2, 398, 275, 111, 61, 1, 3, 1
277, 2, 400, 276, 111, 59, 1, 3, 1
278, 2, 400, 275, 110, 61, 1, 3, 1
279, 2, 400, 274, 112, 60, 1, 3, 1
280, 2, 400, 274, 111, 59, 1, 3, 1
281, 2, 400, 273, 112, 60, 1, 3, 1
282, 2, 401, 272, 110, 60, 1, 3, 1
283, 2, 402, 271, 112, 60, 1, 3, 1
284, 2, 402, 271, 112, 60, 1, 3, 1
285, 2, 404, 270, 109, 59, 1, 3, 1
286, 2, 403, 270, 111, 59, 1, 3, 1
287, 2, 403, 269, 112, 59, 1, 3, 1
288, 2, 404, 268, 111, 58, 1, 3, 1
289, 2, 403, 267, 113, 58, 1, 3, 1
290, 2, 403, 267, 114, 58, 1, 3, 1
291, 2, 404, 267, 112, 58, 1, 3, 1
292, 2, 407, 266, 111, 58, 1, 3, 1
293, 2, 406, 265, 110, 58, 1, 3, 1
294, 2, 407, 264, 110, 59, 1, 3, 1
295, 2, 406, 264, 110, 57, 1, 3, 1
296, 2, 409, 262, 107, 60, 1, 3, 1
297, 2, 407, 261, 111, 59, 1, 3, 1
298, 2, 408, 261, 111, 60, 1, 3, 1
299, 2, 407, 260, 110, 60, 1, 3, 1
300, 2, 408, 259, 111, 61, 1, 3, 1
301, 2, 408, 258, 111, 60, 1, 3, 1
302, 2, 408, 256, 111, 62, 1, 3, 1
303, 2, 408, 256, 111, 61, 1, 3, 1
304, 2, 408, 255, 111, 61, 1, 3, 1
305, 2, 409, 255, 110, 59, 1, 3, 1
306, 2, 409, 253, 110, 61, 1, 3, 1
307, 2, 408, 252, 112, 61, 1, 3, 1
308, 2, 408, 252, 112, 60, 1, 3, 1
309, 2, 408, 251, 113, 60, 1, 3, 1
310, 2, 408, 251, 111, 59, 1, 3, 1
311, 2, 408, 251, 113, 59, 1, 3, 1
312, 2, 407, 250, 114, 59, 1, 3, 1
313, 2, 408, 249, 113, 60, 1, 3, 1
314, 2, 409, 248, 112, 61, 1, 3, 1
315, 2, 406, 248, 115, 59, 1, 3, 1
316, 2, 406, 247, 115, 60, 1, 3, 1
317, 2, 409, 246, 113, 60, 1, 3, 1
318, 2, 407, 246, 114, 59, 1, 3, 1
319, 2, 405, 245, 116, 59, 1, 3, 1
320, 2, 406, 244, 113, 58, 1, 3, 1
321, 2, 406, 243, 115, 59, 1, 3, 1
322, 2, 406, 242, 116, 59, 1, 3, 1
323, 2, 406, 241, 116, 60, 1, 3, 1
324, 2, 407, 241, 114, 59, 1, 3, 1
325, 2, 407, 240, 113, 59, 1, 3, 1
326, 2, 407, 239, 114, 60, 1, 3, 1
327, 2, 408, 239, 112, 57, 1, 3, 1
328, 2, 408, 238, 113, 59, 1, 3, 1
329, 2, 407, 237, 113, 58, 1, 3, 1
330, 2, 407, 235, 114, 59, 1, 3, 1
331, 2, 406, 235, 115, 59, 1, 3, 1
332, 2, 406, 233, 113, 60, 1, 3, 1
333, 2, 405, 233, 116, 59, 1, 3, 1
334, 2, 409, 233, 112, 57, 1, 3, 1
335, 2, 407, 232, 113, 58, 1, 3, 1
336, 2, 407, 231, 114, 58, 1, 3, 1
337, 2, 406, 230, 114, 58, 1, 3, 1
338, 2, 406, 229, 115, 58, 1, 3, 1
339, 2, 409, 229, 112, 57, 1, 3, 1
340, 2, 408, 228, 114, 57, 1, 3, 1
341, 2, 410, 227, 112, 58, 1, 3, 1
342, 2, 408, 226, 113, 59, 1, 3, 1
343, 2, 408, 225, 112, 58, 1, 3, 1
344, 2, 409, 224, 113, 59, 1, 3, 1
345, 2, 409, 223, 113, 58, 1, 3, 1
346, 2, 408, 222, 114, 59, 1, 3, 1
347, 2, 409, 221, 113, 58, 1, 3, 1
348, 2, 409, 220, 112, 59, 1, 3, 1
349, 2, 410, 219, 111, 59, 1, 3, 1
350, 2, 409, 219, 113, 58, 1, 3, 1
351, 2, 409, 218, 114, 59, 1, 3, 1
352, 2, 410, 216, 112, 59, 1, 3, 1
353, 2, 410, 216, 112, 60, 1, 3, 1
354, 2, 409, 215, 113, 59, 1, 3, 1
355, 2, 410, 214, 111, 59, 1, 3, 1
356, 2, 411, 214, 112, 60, 1, 3, 1
357, 2, 410, 213, 114, 60, 1, 3, 1
358, 2, 411, 213, 112, 59, 1, 3, 1
359, 2, 412, 212, 114, 58, 1, 3, 1
360, 2, 411, 211, 112, 58, 1, 3, 1
361, 2, 411, 210, 113, 59, 1, 3, 1
362, 2, 412, 209, 113, 59, 1, 3, 1
363, 2, 412, 208, 113, 60, 1, 3, 1
364, 2, 414, 208, 112, 57, 1, 3, 1
365, 2, 413, 207, 112, 59, 1, 3, 1
366, 2, 414, 206, 110, 58, 1, 3, 1
367, 2, 415, 206, 112, 57, 1, 3, 1
368, 2, 415, 205, 111, 57, 1, 3, 1
369, 2, 415, 204, 113, 57, 1, 3, 1
370, 2, 415, 203, 114, 58, 1, 3, 1
371, 2, 417, 202, 112, 59, 1, 3, 1
372, 2, 416, 201, 114, 58, 1, 3, 1
373, 2, 417, 201, 113, 59, 1, 3, 1
374, 2, 418, 200, 113, 59, 1, 3, 1
375, 2, 417, 199, 116, 59, 1, 3, 1
376, 2, 419, 198, 114, 60, 1, 3, 1
377, 2, 419, 198, 112, 58, 1, 3, 1
378, 2, 419, 197, 114, 59, 1, 3, 1
379, 2, 421, 197, 113, 58, 1, 3, 1
380, 2, 420, 196, 115, 58, 1, 3, 1
381, 2, 421, 195, 114, 57, 1, 3, 1
382, 2, 423, 195, 113, 57, 1, 3, 1
383, 2, 424, 194, 112, 58, 1, 3, 1
384, 2, 424, 194, 112, 58, 1, 3, 1
385, 2, 425, 193, 114, 58, 1, 3, 1
386, 2, 425, 193, 114, 57, 1, 3, 1
387, 2, 425, 192, 115, 57, 1, 3, 1
388, 2, 427, 191, 110, 57, 1, 3, 1
389, 2, 427, 190, 114, 58, 1, 3, 1
390, 2, 427, 189, 115, 58, 1, 3, 1
391, 2, 428, 189, 114, 57, 1, 3, 1
392, 2, 428, 189, 114, 56, 1, 3, 1
393, 2, 429, 188, 114, 57, 1, 3, 1
394, 2, 430, 187, 114, 57, 1, 3, 1
395, 2, 430, 186, 113, 58, 1, 3, 1
396, 2, 432, 185, 111, 57, 1, 3, 1
397, 2, 432, 186, 112, 57, 1, 3, 1
398, 2, 432, 184, 112, 58, 1, 3, 1
399, 2, 432, 184, 114, 58, 1, 3, 1
400, 2, 434, 183, 113, 58, 1, 3, 1
401, 2, 433, 183, 115, 57, 1, 3, 1
402, 2, 434, 183, 115, 56, 1, 3, 1
403, 2, 436, 181, 114, 57, 1, 3, 1
404, 2, 436, 181, 114, 55, 1, 3, 1
405, 2, 436, 181, 115, 54, 1, 3, 1
406, 2, 437, 180, 115, 55, 1, 3, 1
407, 2, 438, 179, 113, 55, 1, 3, 1
408, 2, 439, 178, 115, 55, 1, 3, 1
409, 2, 439, 177, 116, 55, 1, 3, 1
410, 2, 439, 176, 114, 57, 1, 3, 1
411, 2, 440, 175, 116, 56, 1, 3, 1
412, 2, 440, 175, 117, 55, 1, 3, 1
413, 2, 442, 173, 115, 57, 1, 3, 1
414, 2, 442, 172, 115, 57, 1, 3, 1
415, 2, 444, 172, 115, 56, 1, 3, 1
416, 2, 444, 171, 115, 57, 1, 3, 1
417, 2, 445, 171, 115, 55, 1, 3, 1
418, 2, 449, 170, 111, 56, 1, 3, 1
419, 2, 447, 169, 114, 55, 1, 3, 1
420, 2, 447, 168, 114, 56, 1, 3, 1
421, 2, 448, 167, 114, 56, 1, 3, 1
422, 2, 451, 167, 109, 56, 1, 3, 1
423, 2, 450, 166, 114, 55, 1, 3, 1
424, 2, 450, 165, 113, 57, 1, 3, 1
425, 2, 451, 164, 112, 56, 1, 3, 1
426, 2, 452, 164, 112, 55, 1, 3, 1
427, 2, 453, 164, 112, 53, 1, 3, 1
428, 2, 454, 163, 112, 54, 1, 3, 1
429, 2, 454, 163, 113, 53, 1, 3, 1
430, 2, 455, 162, 112, 53, 1, 3, 1
431, 2, 456, 161, 112, 53, 1, 3, 1
432, 2, 458, 161, 110, 53, 1, 3, 1
433, 2, 458, 159, 111, 53, 1, 3, 1
434, 2, 456, 158, 111, 53, 1, 3, 1
435, 2, 457, 158, 113, 51, 1, 3, 1
436, 2, 459, 157, 113, 52, 1, 3, 1
437, 2, 459, 156, 113, 52, 1, 3, 1
438, 2, 459, 155, 113, 51, 1, 3, 1
439, 2, 460, 155, 113, 52, 1, 3, 1
440, 2, 462, 154, 110, 51, 1, 3, 1
441, 2, 462, 153, 112, 52, 1, 3, 1
442, 2, 463, 153, 113, 51, 1, 3, 1
443, 2, 462, 151, 114, 52, 1, 3, 1
444, 2, 463, 150, 113, 51, 1, 3, 1
445, 2, 464, 149, 113, 51, 1, 3, 1
446, 2, 466, 147, 113, 53, 1, 3, 1
447, 2, 465, 146, 114, 53, 1, 3, 1
448, 2, 466, 145, 113, 52, 1, 3, 1
449, 2, 468, 145, 112, 52, 1, 3, 1
450, 2, 470, 144, 110, 52, 1, 3, 1
451, 2, 468, 143, 112, 51, 1, 3, 1
452, 2, 469, 142, 112, 52, 1, 3, 1
453, 2, 471, 141, 111, 52, 1, 3, 1
454, 2, 471, 140, 109, 53, 1, 3, 1
455, 2, 471, 139, 109, 52, 1, 3, 1
456, 2, 473, 138, 110, 52, 1, 3, 1
457, 2, 471, 138, 114, 51, 1, 3, 1
458, 2, 472, 137, 111, 51, 1, 3, 1
459, 2, 475, 136, 110, 51, 1, 3, 1
460, 2, 476, 135, 111, 51, 1, 3, 1
461, 2, 475, 134, 113, 50, 1, 3, 1
462, 2, 475, 133, 114, 51, 1, 3, 1
463, 2, 475, 132, 114, 51, 1, 3, 1
464, 2, 477, 131, 112, 51, 1, 3, 1
465, 2, 478, 130, 111, 50, 1, 3, 1
466, 2, 479, 130, 112, 50, 1, 3, 1
467, 2, 479, 129, 112, 50, 1, 3, 1
468, 2, 478, 129, 114, 48, 1, 3, 1
469, 2, 480, 128, 111, 49, 1, 3, 1
470, 2, 480, 127, 113, 48, 1, 3, 1
471, 2, 482, 126, 111, 48, 1, 3, 1
472, 2, 481, 125, 112, 49, 1, 3, 1
473, 2, 482, 124, 111, 49, 1, 3, 1
474, 2, 484, 123, 113, 50, 1, 3, 1
475, 2, 484, 122, 113, 49, 1, 3, 1
476, 2, 485, 122, 112, 48, 1, 3, 1
477, 2, 487, 121, 110, 48, 1, 3, 1
478, 2, 487, 120, 109, 49, 1, 3, 1
479, 2, 488, 119, 109, 49, 1, 3, 1
480, 2, 489, 118, 107, 50, 1, 3, 1
481, 2, 489, 117, 112, 50, 1, 3, 1
482, 2, 489, 116, 112, 48, 1, 3, 1
483, 2, 491, 115, 110, 49, 1, 3, 1
484, 2, 489, 114, 113, 50, 1, 3, 1
485, 2, 490, 113, 114, 50, 1, 3, 1
486, 2, 491, 112, 114, 49, 1, 3, 1
487, 2, 492, 111, 113, 48, 1, 3, 1
488, 2, 494, 110, 111, 50, 1, 3, 1
489, 2, 496, 109, 111, 49, 1, 3, 1
490, 2, 496, 108, 110, 51, 1, 3, 1
491, 2, 496, 107, 112, 51, 1, 3, 1
492, 2, 497, 105, 111, 51, 1, 3, 1
493, 2, 497, 105, 110, 51, 1, 3, 1
494, 2, 499, 104, 109, 51, 1, 3, 1
495, 2, 499, 103, 110, 51, 1, 3, 1
496, 2, 500, 103, 108, 49, 1, 3, 1
497, 2, 501, 102, 109, 51, 1, 3, 1
498, 2, 502, 101, 109, 49, 1, 3, 1
499, 2, 503, 100, 108, 49, 1, 3, 1
500, 2, 503, 99, 111, 48, 1, 3, 1
501, 2, 503, 98, 112, 49, 1, 3, 1
502, 2, 505, 97, 109, 47, 1, 3, 1
503, 2, 504, 96, 112, 48, 1, 3, 1
504, 2, 507, 95, 109, 49, 1, 3, 1
505, 2, 506, 95, 111, 47, 1, 3, 1
506, 2, 505, 95, 111, 46, 1, 3, 1
507, 2, 506, 94, 109, 47, 1, 3, 1
508, 2, 507, 93, 111, 47, 1, 3, 1
509, 2, 508, 92, 112, 47, 1, 3, 1
510, 2, 509, 90, 111, 47, 1, 3, 1
511, 2, 510, 89, 112, 48, 1, 3, 1
512, 2, 512, 88, 111, 47, 1, 3, 1
513, 2, 511, 87, 112, 48, 1, 3, 1
514, 2, 511, 86, 113, 47, 1, 3, 1
515, 2, 511, 85, 113, 48, 1, 3, 1
516, 2, 514, 84, 109, 48, 1, 3, 1
517, 2, 514, 83, 112, 48, 1, 3, 1
518, 2, 514, 82, 113, 48, 1, 3, 1
519, 2, 514, 80, 111, 49, 1, 3, 1
520, 2, 516, 79, 111, 48, 1, 3, 1
521, 2, 516, 78, 112, 50, 1, 3, 1
522, 2, 517, 77, 112, 49, 1, 3, 1
523, 2, 517, 76, 113, 50, 1, 3, 1
524, 2, 517, 75, 114, 51, 1, 3, 1
525, 2, 519, 73, 112, 51, 1, 3, 1
526, 2, 520, 72, 112, 52, 1, 3, 1
527, 2, 519, 71, 113, 52, 1, 3, 1
528, 2, 519, 70, 113, 53, 1, 3, 1
529, 2, 520, 69, 111, 54, 1, 3, 1
530, 2, 521, 68, 113, 53, 1, 3, 1
531, 2, 523, 67, 112, 53, 1, 3, 1
532, 2, 523, 66, 112, 54, 1, 3, 1
533, 2, 524, 65, 112, 53, 1, 3, 1
534, 2, 524, 65, 112, 53, 1, 3, 1
535, 2, 526, 63, 111, 55, 1, 3, 1
536, 2, 526, 63, 113, 54, 1, 3, 1
537, 2, 526, 62, 115, 53, 1, 3, 1
538, 2, 527, 62, 114, 52, 1, 3, 1
539, 2, 527, 61, 114, 51, 1, 3, 1
540, 2, 528, 60, 112, 53, 1, 3, 1
541, 2, 530, 59, 113, 53, 1, 3, 1
542, 2, 530, 58, 114, 52, 1, 3, 1
543, 2, 530, 58, 112, 52, 1, 3, 1
544, 2, 532, 57, 112, 53, 1, 3, 1
545, 2, 531, 57, 114, 52, 1, 3, 1
546, 2, 531, 57, 114, 51, 1, 3, 1
547, 2, 533, 55, 115, 51, 1, 3, 1
548, 2, 533, 55, 114, 50, 1, 3, 1
549, 2, 534, 54, 115, 50, 1, 3, 1
550, 2, 535, 53, 114, 50, 1, 3, 1
551, 2, 536, 52, 115, 49, 1, 3, 1
552, 2, 537, 52, 113, 50, 1, 3, 1
553, 2, 537, 51, 114, 50, 1, 3, 1
554, 2, 539, 50, 114, 50, 1, 3, 1
555, 2, 539, 49, 114, 49, 1, 3, 1
556, 2, 541, 48, 113, 50, 1, 3, 1
557, 2, 540, 47, 114, 49, 1, 3, 1
558, 2, 540, 46, 115, 50, 1, 3, 1
559, 2, 540, 45, 114, 50, 1, 3, 1
560, 2, 540, 44, 116, 50, 1, 3, 1
561, 2, 541, 43, 115, 51, 1, 3, 1
562, 2, 542, 42, 116, 50, 1, 3, 1
563, 2, 543, 42, 114, 50, 1, 3, 1
564, 2, 545, 41, 113, 49, 1, 3, 1
565, 2, 545, 40, 113, 49, 1, 3, 1
566, 2, 544, 39, 116, 50, 1, 3, 1
567, 2, 546, 38, 114, 50, 1, 3, 1
568, 2, 547, 37, 114, 51, 1, 3, 1
569, 2, 548, 36, 113, 51, 1, 3, 1
570, 2, 547, 35, 114, 51, 1, 3, 1
571, 2, 548, 35, 115, 51, 1, 3, 1
572, 2, 549, 34, 115, 51, 1, 3, 1
573, 2, 549, 33, 117, 49, 1, 3, 1
574, 2, 549, 32, 117, 50, 1, 3, 1
575, 2, 550, 31, 116, 51, 1, 3, 1
576, 2, 550, 31, 118, 51, 1, 3, 1
577, 2, 551, 30, 116, 50, 1, 3, 1
578, 2, 553, 30, 116, 48, 1, 3, 1
579, 2, 552, 29, 117, 49, 1, 3, 1
580, 2, 552, 29, 118, 47, 1, 3, 1
581, 2, 555, 28, 115, 47, 1, 3, 1
582, 2, 553, 27, 118, 48, 1, 3, 1
583, 2, 556, 27, 115, 46, 1, 3, 1
584, 2, 555, 26, 116, 48, 1, 3, 1
585, 2, 557, 26, 116, 46, 1, 3, 1
586, 2, 556, 25, 118, 46, 1, 3, 1
587, 2, 559, 25, 116, 44, 1, 3, 1
588, 2, 558, 24, 117, 45, 1, 3, 1
589, 2, 559, 23, 115, 45, 1, 3, 1
590, 2, 559, 23, 116, 44, 1, 3, 1
591, 2, 560, 21, 116, 45, 1, 3, 1
592, 2, 560, 21, 117, 44, 1, 3, 1
593, 2, 560, 20, 118, 45, 1, 3, 1
594, 2, 563, 19, 114, 45, 1, 3, 1
595, 2, 563, 18, 115, 45, 1, 3, 1
596, 2, 562, 17, 117, 45, 1, 3, 1
597, 2, 564, 16, 116, 47, 1, 3, 1
598, 2, 564, 15, 118, 46, 1, 3, 1
599, 2, 565, 14, 117, 48, 1, 3, 1
600, 2, 566, 13, 116, 47, 1, 3, 1
601, 2, 566, 13, 116, 46, 1, 3, 1
602, 2, 567, 12, 117, 47, 1, 3, 1
603, 2, 568, 11, 116, 46, 1, 3, 1
604, 2, 567, 10, 117, 49, 1, 3, 1
605, 2, 569, 10, 117, 48, 1, 3, 1
606, 2, 569, 10, 117, 48, 1, 3, 1
607, 2, 571, 10, 115, 48, 1, 3, 1
608, 2, 573, 10, 115, 47, 1, 3, 1
609, 2, 572, 10, 117, 47, 1, 3, 1
610, 2, 574, 10, 115, 48, 1, 3, 1
611, 2, 575, 10, 113, 47, 1, 3, 1
612, 2, 575, 9, 115, 47, 1, 3, 1
613, 2, 575, 9, 116, 45, 1, 3, 1
614, 2, 577, 9, 115, 45, 1, 3, 1
615, 2, 576, 8, 116, 45, 1, 3, 1
616, 2, 578, 8, 116, 45, 1, 3, 1
617, 2, 579, 8, 115, 43, 1, 3, 1
618, 2, 577, 8, 118, 44, 1, 3, 1
619, 2, 578, 7, 117, 45, 1, 3, 1
620, 2, 580, 7, 116, 45, 1, 3, 1
621, 2, 582, 7, 115, 44, 1, 3, 1
622, 2, 582, 7, 116, 44, 1, 3, 1
623, 2, 582, 6, 116, 45, 1, 3, 1
624, 2, 582, 6, 117, 45, 1, 3, 1
625, 2, 583, 6, 117, 45, 1, 3, 1
626, 2, 584, 6, 118, 43, 1, 3, 1
627, 2, 584, 6, 116, 43, 1, 3, 1
628, 2, 584, 5, 118, 44, 1, 3, 1
629, 2, 587, 5, 115, 45, 1, 3, 1
630, 2, 589, 5, 115, 44, 1, 3, 1
631, 2, 590, 4, 114, 45, 1, 3, 1
632, 2, 589, 4, 113, 44, 1, 3, 1
633, 2, 589, 4, 113, 44, 1, 3, 1
634, 2, 591, 4, 114, 43, 1, 3, 1
635, 2, 590, 3, 114, 45, 1, 3, 1
636, 2, 594, 3, 112, 44, 1, 3, 1
637, 2, 594, 2, 113, 45, 1, 3, 1
638, 2, 595, 2, 113, 46, 1, 3, 1
639, 2, 594, 2, 114, 45, 1, 3, 1
640, 2, 594, 1, 115, 47, 1, 3, 1
641, 2, 597, 1, 113, 47, 1, 3, 1
642, 2, 598, 1, 112, 45, 1, 3, 1
643, 2, 596, 1, 116, 45, 1, 3, 1
644, 2, 599, 1, 113, 46, 1, 3, 1
645, 2, 599, 1, 113, 45, 1, 3, 1
646, 2, 600, 1, 114, 45, 1, 3, 1
647, 2, 600, 1, 113, 46, 1, 3, 1
648, 2, 600, 1, 114, 45, 1, 3, 1
649, 2, 602, 1, 114, 45, 1, 3, 1
650, 2, 602, 1, 115, 45, 1, 3, 1
651, 2, 602, 1, 114, 44, 1, 3, 1
652, 2, 603, 1, 115, 43, 1, 3, 1
653, 2, 604, 1, 113, 42, 1, 3, 1
654, 2, 604, 1, 113, 43, 1, 3, 1
655, 2, 605, 1, 114, 42, 1, 3, 1
656, 2, 604, 1, 116, 40, 1, 3, 1
657, 2, 606, 1, 114, 41, 1, 3, 1
658, 2, 605, 1, 112, 39, 1, 3, 1
659, 2, 605, 1, 112, 40, 1, 3, 1
660, 2, 607, 1, 113, 38, 1, 3, 1
661, 2, 606, 1, 113, 38, 1, 3, 1
662, 2, 606, 1, 115, 38, 1, 3, 1
663, 2, 606, 1, 115, 37, 1, 3, 1
664, 2, 608, 1, 111, 38, 1, 3, 1
665, 2, 606, 1, 114, 38, 1, 3, 1
666, 2, 608, 1, 112, 38, 1, 3, 1
667, 2, 608, 1, 114, 36, 1, 3, 1
668, 2, 607, 1, 117, 36, 1, 3, 1
669, 2, 609, 1, 115, 36, 1, 3, 1
670, 2, 608, 1, 116, 34, 1, 3, 1
671, 2, 609, 1, 115, 35, 1, 3, 1
672, 2, 609, 1, 115, 35, 1, 3, 1
673, 2, 609, 1, 116, 33, 1, 3, 1
674, 2, 609, 1, 117, 33, 1, 3, 1
675, 2, 609, 1, 115, 33, 1, 3, 1
676, 2, 609, 1, 117, 34, 1, 3, 1
677, 2, 609, 1, 116, 34, 1, 3, 1
678, 2, 609, 1, 118, 34, 1, 3, 1
679, 2, 610, 1, 118, 34, 1, 3, 1
680, 2, 609, 1, 119, 33, 1, 3, 1
681, 2, 610, 1, 118, 32, 1, 3, 1
682, 2, 610, 1, 118, 32, 1, 3, 1
683, 2, 610, 1, 119, 31, 1, 3, 1
684, 2, 609, 1, 120, 31, 1, 3, 1
685, 2, 610, 1, 118, 31, 1, 3, 1
686, 2, 610, 1, 120, 30, 1, 3, 1
687, 2, 610, 1, 120, 30, 1, 3, 1
688, 2, 610, 1, 120, 29, 1, 3, 1
689, 2, 611, 1, 119, 29, 1, 3, 1
690, 2, 610, 1, 121, 29, 1, 3, 1
691, 2, 611, 1, 120, 29, 1, 3, 1
692, 2, 612, 1, 119, 28, 1, 3, 1
693, 2, 612, 1, 119, 28, 1, 3, 1
694, 2, 612, 1, 119, 28, 1, 3, 1
695, 2, 612, 1, 119, 27, 1, 3, 1
696, 2, 612, 1, 119, 27, 1, 3, 1
697, 2, 612, 1, 119, 26, 1, 3, 1
698, 2, 613, 1, 118, 26, 1, 3, 1
699, 2, 614, 1, 117, 26, 1, 3, 1
700, 2, 614, 1, 118, 26, 1, 3, 1
701, 2, 614, 1, 118, 26, 1, 3, 1
702, 2, 615, 1, 117, 26, 1, 3, 1
703, 2, 615, 1, 117, 26, 1, 3, 1
704, 2, 617, 1, 116, 26, 1, 3, 1
705, 2, 617, 1, 114, 26, 1, 3, 1
706, 2, 618, 1, 115, 26, 1, 3, 1
707, 2, 618, 1, 115, 26, 1, 3, 1
708, 2, 618, 1, 115, 26, 1, 3, 1
709, 2, 618, 1, 114, 26, 1, 3, 1
710, 2, 618, 1, 115, 26, 1, 3, 1
711, 2, 619, 1, 115, 26, 1, 3, 1
712, 2, 619, 1, 112, 26, 1, 3, 1
713, 2, 619, 1, 113, 26, 1, 3, 1
714, 2, 618, 1, 115, 25, 1, 3, 1
715, 2, 618, 1, 115, 25, 1, 3, 1
716, 2, 618, 1, 115, 25, 1, 3, 1
717, 2, 618, 1, 116, 25, 1, 3, 1
718, 2, 618, 1, 116, 25, 1, 3, 1
719, 2, 618, 1, 116, 25, 1, 3, 1
720, 2, 618, 1, 116, 25, 1, 3, 1
721, 2, 619, 1, 115, 24, 1, 3, 1
722, 2, 619, 1, 115, 24, 1, 3, 1
723, 2, 619, 1, 115, 24, 1, 3, 1
724, 2, 619, 1, 115, 23, 1, 3, 1
725, 2, 619, 1, 113, 23, 1, 3, 1
726, 2, 619, 1, 115, 23, 1, 3, 1
727, 2, 619, 1, 115, 23, 1, 3, 1
728, 2, 619, 1, 115, 22, 1, 3, 1
729, 2, 619, 1, 115, 22, 1, 3, 1
730, 2, 619, 1, 115, 22, 1, 3, 1
731, 2, 619, 1, 116, 22, 1, 3, 1
732, 2, 620, 1, 114, 21, 1, 3, 1
733, 2, 620, 1, 115, 21, 1, 3, 1
734, 2, 623, 1, 112, 21, 1, 3, 1
735, 2, 623, 1, 112, 21, 1, 3, 1
736, 2, 625, 1, 112, 21, 1, 3, 1
737, 2, 625, 1, 110, 21, 1, 3, 1
738, 2, 625, 1, 112, 21, 1, 3, 1
739, 2, 626, 1, 110, 21, 1, 3, 1
740, 2, 626, 1, 109, 21, 1, 3, 1
741, 2, 627, 1, 109, 21, 1, 3, 1
742, 2, 628, 1, 107, 21, 1, 3, 1
743, 2, 628, 1, 108, 21, 1, 3, 1
744, 2, 628, 1, 108, 21, 1, 3, 1
745, 2, 627, 1, 109, 21, 1, 3, 1
746, 2, 630, 1, 107, 20, 1, 3, 1
747, 2, 630, 1, 108, 20, 1, 3, 1
748, 2, 630, 1, 108, 21, 1, 3, 1
749, 2, 632, 1, 106, 21, 1, 3, 1
750, 2, 633, 1, 106, 20, 1, 3, 1