1, 1, 633, 127, 720, 362, 1, 7, 1
2, 1, 633, 126, 717, 365, 1, 7, 1
3, 1, 636, 125, 716, 363, 1, 7, 1
4, 1, 642, 124, 710, 366, 1, 7, 1
5, 1, 636, 125, 716, 370, 1, 7, 1
6, 1, 633, 125, 722, 367, 1, 7, 1
7, 1, 633, 124, 720, 372, 1, 7, 1
8, 1, 634, 124, 721, 373, 1, 7, 1
9, 1, 634, 124, 725, 370, 1, 7, 1
10, 1, 633, 122, 729, 370, 1, 7, 1
11, 1, 635, 123, 734, 374, 1, 7, 1
12, 1, 633, 123, 735, 369, 1, 7, 1
13, 1, 634, 124, 736, 370, 1, 7, 1
14, 1, 636, 123, 735, 373, 1, 7, 1
15, 1, 635, 126, 739, 372, 1, 7, 1
16, 1, 635, 127, 732, 372, 1, 7, 1
17, 1, 633, 130, 740, 387, 1, 7, 1
18, 1, 634, 130, 738, 385, 1, 7, 1
19, 1, 632, 134, 742, 387, 1, 7, 1
20, 1, 636, 137, 737, 386, 1, 7, 1
21, 1, 637, 141, 739, 382, 1, 7, 1
22, 1, 634, 140, 741, 386, 1, 7, 1
23, 1, 633, 144, 740, 386, 1, 7, 1
24, 1, 634, 145, 740, 387, 1, 7, 1
25, 1, 633, 149, 740, 381, 1, 7, 1
26, 1, 638, 153, 737, 378, 1, 7, 1
27, 1, 636, 157, 734, 380, 1, 7, 1
28, 1, 634, 164, 736, 372, 1, 7, 1
29, 1, 633, 167, 745, 371, 1, 7, 1
30, 1, 631, 171, 741, 365, 1, 7, 1
31, 1, 635, 175, 737, 361, 1, 7, 1
32, 1, 634, 180, 737, 357, 1, 7, 1
33, 1, 635, 190, 744, 348, 1, 7, 1
34, 1, 635, 193, 745, 348, 1, 7, 1
35, 1, 636, 194, 726, 343, 1, 7, 1
36, 1, 635, 202, 733, 334, 1, 7, 1
37, 1, 635, 210, 740, 328, 1, 7, 1
38, 1, 637, 210, 732, 329, 1, 7, 1
39, 1, 635, 212, 735, 326, 1, 7, 1
40, 1, 637, 219, 737, 320, 1, 7, 1
41, 1, 637, 225, 735, 314, 1, 7, 1
42, 1, 637, 226, 740, 314, 1, 7, 1
43, 1, 637, 233, 733, 305, 1, 7, 1
44, 1, 637, 237, 738, 303, 1, 7, 1
45, 1, 639, 241, 739, 299, 1, 7, 1
46, 1, 639, 243, 732, 293, 1, 7, 1
47, 1, 637, 248, 734, 288, 1, 7, 1
48, 1, 639, 250, 723, 284, 1, 7, 1
49, 1, 640, 251, 726, 285, 1, 7, 1
50, 1, 639, 252, 733, 283, 1, 7, 1
51, 1, 642, 256, 730, 280, 1, 7, 1
52, 1, 639, 254, 731, 277, 1, 7, 1
53, 1, 642, 260, 724, 273, 1, 7, 1
54, 1, 644, 260, 723, 273, 1, 7, 1
55, 1, 640, 259, 746, 281, 1, 7, 1
56, 1, 640, 262, 720, 274, 1, 7, 1
57, 1, 639, 271, 723, 267, 1, 7, 1
58, 1, 638, 270, 729, 268, 1, 7, 1
59, 1, 640, 272, 713, 261, 1, 7, 1
60, 1, 638, 278, 713, 259, 1, 7, 1
61, 1, 639, 274, 709, 261, 1, 7, 1
62, 1, 639, 276, 709, 256, 1, 7, 1
63, 1, 639, 280, 712, 253, 1, 7, 1
64, 1, 639, 278, 707, 254, 1, 7, 1
65, 1, 640, 274, 708, 261, 1, 7, 1
66, 1, 639, 278, 712, 260, 1, 7, 1
67, 1, 638, 279, 697, 259, 1, 7, 1
68, 1, 638, 275, 702, 266, 1, 7, 1
69, 1, 639, 276, 697, 262, 1, 7, 1
70, 1, 636, 275, 698, 265, 1, 7, 1
71, 1, 637, 272, 698, 265, 1, 7, 1
72, 1, 636, 272, 697, 270, 1, 7, 1
73, 1, 637, 272, 695, 266, 1, 7, 1
74, 1, 637, 273, 692, 263, 1, 7, 1
75, 1, 634, 267, 697, 273, 1, 7, 1
76, 1, 636, 269, 693, 272, 1, 7, 1
77, 1, 638, 269, 690, 271, 1, 7, 1
78, 1, 636, 265, 678, 272, 1, 7, 1
79, 1, 638, 267, 674, 267, 1, 7, 1
80, 1, 637, 267, 671, 261, 1, 7, 1
81, 1, 638, 267, 672, 265, 1, 7, 1
82, 1, 638, 267, 668, 263, 1, 7, 1
83, 1, 639, 270, 666, 262, 1, 7, 1
84, 1, 640, 266, 665, 261, 1, 7, 1
85, 1, 637, 264, 665, 260, 1, 7, 1
86, 1, 638, 268, 666, 259, 1, 7, 1
87, 1, 639, 265, 660, 260, 1, 7, 1
88, 1, 638, 264, 664, 261, 1, 7, 1
89, 1, 638, 264, 656, 263, 1, 7, 1
90, 1, 637, 265, 655, 259, 1, 7, 1
91, 1, 637, 263, 648, 259, 1, 7, 1
92, 1, 636, 264, 655, 261, 1, 7, 1
93, 1, 638, 263, 640, 258, 1, 7, 1
94, 1, 636, 263, 643, 259, 1, 7, 1
95, 1, 638, 263, 643, 260, 1, 7, 1
96, 1, 639, 264, 638, 259, 1, 7, 1
97, 1, 636, 262, 636, 257, 1, 7, 1
98, 1, 636, 261, 638, 264, 1, 7, 1
99, 1, 636, 265, 636, 260, 1, 7, 1
100, 1, 636, 265, 634, 259, 1, 7, 1
101, 1, 635, 263, 631, 259, 1, 7, 1
102, 1, 636, 266, 630, 256, 1, 7, 1
103, 1, 635, 265, 631, 256, 1, 7, 1
104, 1, 636, 266, 629, 252, 1, 7, 1
105, 1, 636, 267, 628, 255, 1, 7, 1
106, 1, 637, 267, 630, 251, 1, 7, 1
107, 1, 636, 266, 626, 253, 1, 7, 1
108, 1, 636, 267, 625, 254, 1, 7, 1
109, 1, 637, 269, 626, 253, 1, 7, 1
110, 1, 636, 270, 627, 253, 1, 7, 1
111, 1, 638, 270, 625, 255, 1, 7, 1
112, 1, 636, 272, 625, 254, 1, 7, 1
113, 1, 637, 271, 626, 254, 1, 7, 1
114, 1, 637, 272, 627, 253, 1, 7, 1
115, 1, 638, 272, 627, 253, 1, 7, 1
116, 1, 642, 274, 621, 252, 1, 7, 1
117, 1, 636, 274, 632, 254, 1, 7, 1
118, 1, 638, 274, 630, 252, 1, 7, 1
119, 1, 638, 272, 627, 255, 1, 7, 1
120, 1, 638, 274, 629, 255, 1, 7, 1
121, 1, 634, 275, 636, 254, 1, 7, 1
122, 1, 636, 275, 631, 256, 1, 7, 1
123, 1, 636, 276, 632, 254, 1, 7, 1
124, 1, 636, 277, 635, 252, 1, 7, 1
125, 1, 635, 277, 635, 252, 1, 7, 1
126, 1, 636, 277, 636, 252, 1, 7, 1
127, 1, 634, 277, 642, 255, 1, 7, 1
128, 1, 633, 274, 642, 258, 1, 7, 1
129, 1, 634, 272, 639, 256, 1, 7, 1
130, 1, 635, 275, 645, 253, 1, 7, 1
131, 1, 633, 276, 647, 253, 1, 7, 1
132, 1, 634, 275, 645, 255, 1, 7, 1
133, 1, 633, 274, 646, 253, 1, 7, 1
134, 1, 631, 276, 656, 256, 1, 7, 1
135, 1, 634, 276, 651, 253, 1, 7, 1
136, 1, 634, 275, 652, 254, 1, 7, 1
137, 1, 635, 277, 649, 252, 1, 7, 1
138, 1, 636, 278, 653, 253, 1, 7, 1
139, 1, 636, 277, 653, 251, 1, 7, 1
140, 1, 636, 278, 654, 252, 1, 7, 1
141, 1, 637, 277, 653, 254, 1, 7, 1
142, 1, 635, 278, 657, 250, 1, 7, 1
143, 1, 634, 276, 659, 252, 1, 7, 1
144, 1, 633, 278, 661, 249, 1, 7, 1
145, 1, 635, 277, 658, 251, 1, 7, 1
146, 1, 636, 275, 656, 252, 1, 7, 1
147, 1, 635, 278, 657, 253, 1, 7, 1
148, 1, 636, 278, 654, 251, 1, 7, 1
149, 1, 633, 277, 658, 250, 1, 7, 1
150, 1, 634, 276, 659, 251, 1, 7, 1
151, 1, 635, 277, 659, 254, 1, 7, 1
152, 1, 634, 276, 658, 255, 1, 7, 1
153, 1, 635, 278, 656, 252, 1, 7, 1
154, 1, 635, 276, 655, 254, 1, 7, 1
155, 1, 635, 274, 653, 255, 1, 7, 1
156, 1, 637, 273, 653, 255, 1, 7, 1
157, 1, 635, 275, 655, 255, 1, 7, 1
158, 1, 637, 272, 647, 255, 1, 7, 1
159, 1, 636, 271, 646, 254, 1, 7, 1
160, 1, 636, 266, 651, 260, 1, 7, 1
161, 1, 634, 255, 649, 272, 1, 7, 1
162, 1, 633, 250, 650, 277, 1, 7, 1
163, 1, 633, 244, 654, 279, 1, 7, 1
164, 1, 638, 243, 652, 283, 1, 7, 1
165, 1, 636, 240, 654, 279, 1, 7, 1
166, 1, 635, 238, 647, 281, 1, 7, 1
167, 1, 635, 233, 656, 287, 1, 7, 1
168, 1, 635, 229, 645, 293, 1, 7, 1
169, 1, 634, 222, 645, 301, 1, 7, 1
170, 1, 633, 219, 653, 301, 1, 7, 1
171, 1, 633, 211, 648, 309, 1, 7, 1
172, 1, 634, 208, 644, 312, 1, 7, 1
173, 1, 634, 206, 649, 311, 1, 7, 1
174, 1, 634, 201, 647, 313, 1, 7, 1
175, 1, 634, 197, 647, 321, 1, 7, 1
176, 1, 634, 195, 646, 327, 1, 7, 1
177, 1, 633, 191, 647, 322, 1, 7, 1
178, 1, 634, 186, 644, 330, 1, 7, 1
179, 1, 635, 180, 640, 336, 1, 7, 1
180, 1, 633, 181, 642, 334, 1, 7, 1
181, 1, 635, 174, 639, 333, 1, 7, 1
182, 1, 635, 163, 640, 352, 1, 7, 1
183, 1, 633, 162, 644, 352, 1, 7, 1
184, 1, 633, 157, 641, 358, 1, 7, 1
185, 1, 635, 148, 639, 367, 1, 7, 1
186, 1, 634, 145, 642, 374, 1, 7, 1
187, 1, 634, 147, 640, 368, 1, 7, 1
188, 1, 634, 139, 638, 381, 1, 7, 1
189, 1, 633, 136, 638, 378, 1, 7, 1
190, 1, 633, 135, 638, 383, 1, 7, 1
191, 1, 633, 132, 636, 387, 1, 7, 1
192, 1, 633, 126, 633, 393, 1, 7, 1
193, 1, 634, 125, 632, 391, 1, 7, 1
194, 1, 635, 120, 628, 389, 1, 7, 1
195, 1, 635, 120, 628, 379, 1, 7, 1
196, 1, 633, 117, 627, 385, 1, 7, 1
197, 1, 634, 114, 627, 386, 1, 7, 1
198, 1, 635, 108, 623, 392, 1, 7, 1
199, 1, 636, 104, 624, 393, 1, 7, 1
200, 1, 635, 103, 623, 398, 1, 7, 1
201, 1, 634, 99, 622, 397, 1, 7, 1
202, 1, 635, 96, 621, 400, 1, 7, 1
203, 1, 634, 95, 619, 402, 1, 7, 1
204, 1, 634, 94, 619, 401, 1, 7, 1
205, 1, 637, 89, 606, 404, 1, 7, 1
206, 1, 635, 91, 610, 401, 1, 7, 1
207, 1, 633, 89, 612, 402, 1, 7, 1
208, 1, 630, 87, 612, 401, 1, 7, 1
209, 1, 632, 90, 608, 398, 1, 7, 1
210, 1, 634, 90, 592, 401, 1, 7, 1
211, 1, 629, 87, 598, 401, 1, 7, 1
212, 1, 628, 87, 596, 400, 1, 7, 1
213, 1, 631, 88, 601, 399, 1, 7, 1
214, 1, 631, 83, 579, 402, 1, 7, 1
215, 1, 630, 88, 593, 398, 1, 7, 1
216, 1, 633, 87, 580, 399, 1, 7, 1
217, 1, 634, 88, 573, 399, 1, 7, 1
218, 1, 631, 85, 566, 405, 1, 7, 1
219, 1, 632, 84, 573, 404, 1, 7, 1
220, 1, 634, 84, 565, 405, 1, 7, 1
221, 1, 635, 86, 557, 399, 1, 7, 1
222, 1, 635, 84, 554, 402, 1, 7, 1
223, 1, 635, 87, 553, 401, 1, 7, 1
224, 1, 635, 90, 552, 397, 1, 7, 1
225, 1, 636, 88, 551, 393, 1, 7, 1
226, 1, 636, 95, 551, 390, 1, 7, 1
227, 1, 634, 90, 548, 394, 1, 7, 1
228, 1, 634, 85, 551, 398, 1, 7, 1
229, 1, 635, 91, 556, 391, 1, 7, 1
230, 1, 637, 93, 555, 390, 1, 7, 1
231, 1, 637, 106, 557, 377, 1, 7, 1
232, 1, 635, 94, 558, 391, 1, 7, 1
233, 1, 637, 92, 561, 394, 1, 7, 1
234, 1, 638, 89, 558, 396, 1, 7, 1
235, 1, 641, 91, 555, 395, 1, 7, 1
236, 1, 639, 87, 555, 399, 1, 7, 1
237, 1, 638, 92, 558, 393, 1, 7, 1
238, 1, 639, 90, 556, 409, 1, 7, 1
239, 1, 639, 91, 556, 406, 1, 7, 1
240, 1, 638, 90, 559, 393, 1, 7, 1
241, 1, 641, 93, 560, 396, 1, 7, 1
242, 1, 638, 90, 564, 393, 1, 7, 1
243, 1, 639, 91, 561, 391, 1, 7, 1
244, 1, 640, 91, 560, 391, 1, 7, 1
245, 1, 640, 89, 560, 394, 1, 7, 1
246, 1, 639, 89, 565, 397, 1, 7, 1
247, 1, 639, 91, 568, 392, 1, 7, 1
248, 1, 638, 90, 569, 392, 1, 7, 1
249, 1, 638, 90, 572, 393, 1, 7, 1
250, 1, 638, 87, 574, 394, 1, 7, 1
251, 1, 643, 88, 570, 399, 1, 7, 1
252, 1, 642, 89, 574, 397, 1, 7, 1
253, 1, 646, 90, 574, 394, 1, 7, 1
254, 1, 643, 88, 575, 399, 1, 7, 1
255, 1, 642, 87, 571, 398, 1, 7, 1
256, 1, 641, 90, 578, 399, 1, 7, 1
257, 1, 640, 87, 582, 398, 1, 7, 1
258, 1, 641, 88, 581, 402, 1, 7, 1
259, 1, 642, 88, 587, 395, 1, 7, 1
260, 1, 642, 86, 581, 398, 1, 7, 1
261, 1, 643, 86, 579, 398, 1, 7, 1
262, 1, 641, 87, 585, 396, 1, 7, 1
263, 1, 642, 85, 590, 400, 1, 7, 1
264, 1, 640, 86, 596, 398, 1, 7, 1
265, 1, 641, 83, 599, 400, 1, 7, 1
266, 1, 640, 83, 606, 399, 1, 7, 1
267, 1, 640, 79, 613, 403, 1, 7, 1
268, 1, 640, 76, 610, 409, 1, 7, 1
269, 1, 639, 78, 616, 408, 1, 7, 1
270, 1, 639, 79, 618, 406, 1, 7, 1
271, 1, 638, 76, 627, 408, 1, 7, 1
272, 1, 638, 76, 641, 408, 1, 7, 1
273, 1, 639, 76, 633, 409, 1, 7, 1
274, 1, 641, 77, 627, 408, 1, 7, 1
275, 1, 635, 77, 635, 409, 1, 7, 1
276, 1, 640, 76, 626, 411, 1, 7, 1
277, 1, 638, 74, 632, 411, 1, 7, 1
278, 1, 638, 69, 627, 414, 1, 7, 1
279, 1, 635, 69, 632, 416, 1, 7, 1
280, 1, 636, 67, 633, 419, 1, 7, 1
281, 1, 640, 70, 623, 415, 1, 7, 1
282, 1, 639, 73, 630, 411, 1, 7, 1
283, 1, 637, 78, 638, 404, 1, 7, 1
284, 1, 637, 80, 635, 402, 1, 7, 1
285, 1, 637, 78, 643, 404, 1, 7, 1
286, 1, 637, 78, 644, 407, 1, 7, 1
287, 1, 636, 78, 645, 407, 1, 7, 1
288, 1, 637, 75, 648, 412, 1, 7, 1
289, 1, 637, 81, 648, 406, 1, 7, 1
290, 1, 636, 74, 649, 411, 1, 7, 1
291, 1, 636, 75, 648, 409, 1, 7, 1
292, 1, 635, 72, 652, 412, 1, 7, 1
293, 1, 635, 71, 654, 412, 1, 7, 1
294, 1, 637, 68, 653, 416, 1, 7, 1
295, 1, 633, 69, 656, 417, 1, 7, 1
296, 1, 634, 68, 657, 415, 1, 7, 1
297, 1, 633, 68, 662, 417, 1, 7, 1
298, 1, 634, 70, 661, 415, 1, 7, 1
299, 1, 635, 69, 665, 413, 1, 7, 1
300, 1, 636, 68, 664, 413, 1, 7, 1
301, 1, 634, 70, 670, 412, 1, 7, 1
302, 1, 635, 70, 673, 412, 1, 7, 1
303, 1, 633, 68, 674, 414, 1, 7, 1
304, 1, 632, 68, 677, 412, 1, 7, 1
305, 1, 632, 72, 676, 407, 1, 7, 1
306, 1, 633, 69, 677, 411, 1, 7, 1
307, 1, 633, 75, 677, 404, 1, 7, 1
308, 1, 634, 72, 679, 406, 1, 7, 1
309, 1, 633, 77, 681, 405, 1, 7, 1
310, 1, 634, 76, 683, 405, 1, 7, 1
311, 1, 632, 76, 684, 405, 1, 7, 1
312, 1, 634, 75, 685, 404, 1, 7, 1
313, 1, 635, 73, 684, 409, 1, 7, 1
314, 1, 632, 71, 688, 410, 1, 7, 1
315, 1, 631, 71, 691, 409, 1, 7, 1
316, 1, 632, 73, 692, 407, 1, 7, 1
317, 1, 633, 73, 691, 405, 1, 7, 1
318, 1, 630, 70, 698, 408, 1, 7, 1
319, 1, 632, 72, 697, 406, 1, 7, 1
320, 1, 633, 71, 698, 407, 1, 7, 1
321, 1, 634, 69, 695, 409, 1, 7, 1
322, 1, 633, 67, 699, 410, 1, 7, 1
323, 1, 635, 67, 700, 412, 1, 7, 1
324, 1, 635, 66, 698, 412, 1, 7, 1
325, 1, 632, 65, 705, 414, 1, 7, 1
326, 1, 631, 66, 708, 414, 1, 7, 1
327, 1, 631, 65, 707, 416, 1, 7, 1
328, 1, 633, 65, 706, 414, 1, 7, 1
329, 1, 634, 65, 705, 418, 1, 7, 1
330, 1, 632, 64, 708, 421, 1, 7, 1
331, 1, 633, 64, 707, 421, 1, 7, 1
332, 1, 633, 65, 707, 419, 1, 7, 1
333, 1, 634, 64, 710, 421, 1, 7, 1
334, 1, 633, 63, 709, 422, 1, 7, 1
335, 1, 634, 63, 710, 421, 1, 7, 1
336, 1, 634, 63, 710, 423, 1, 7, 1
337, 1, 635, 62, 711, 423, 1, 7, 1
338, 1, 634, 63, 711, 420, 1, 7, 1
339, 1, 635, 62, 709, 424, 1, 7, 1
340, 1, 636, 61, 705, 425, 1, 7, 1
341, 1, 635, 62, 708, 423, 1, 7, 1
342, 1, 635, 61, 707, 427, 1, 7, 1
343, 1, 636, 61, 707, 425, 1, 7, 1
344, 1, 635, 61, 707, 424, 1, 7, 1
345, 1, 634, 59, 711, 427, 1, 7, 1
346, 1, 634, 61, 709, 428, 1, 7, 1
347, 1, 633, 60, 710, 428, 1, 7, 1
348, 1, 634, 60, 709, 427, 1, 7, 1
349, 1, 637, 61, 708, 427, 1, 7, 1
350, 1, 635, 62, 709, 425, 1, 7, 1
351, 1, 631, 60, 718, 429, 1, 7, 1
352, 1, 632, 62, 715, 429, 1, 7, 1
353, 1, 633, 63, 715, 426, 1, 7, 1
354, 1, 633, 64, 714, 426, 1, 7, 1
355, 1, 632, 60, 715, 432, 1, 7, 1
356, 1, 631, 60, 713, 431, 1, 7, 1
357, 1, 632, 58, 713, 434, 1, 7, 1
358, 1, 632, 60, 713, 430, 1, 7, 1
359, 1, 633, 57, 714, 435, 1, 7, 1
360, 1, 632, 58, 714, 433, 1, 7, 1
361, 1, 633, 56, 712, 435, 1, 7, 1
362, 1, 632, 57, 714, 433, 1, 7, 1
363, 1, 632, 58, 713, 435, 1, 7, 1
364, 1, 631, 61, 713, 429, 1, 7, 1
365, 1, 632, 62, 712, 428, 1, 7, 1
366, 1, 633, 57, 712, 434, 1, 7, 1
367, 1, 633, 55, 711, 435, 1, 7, 1
368, 1, 632, 56, 711, 433, 1, 7, 1
369, 1, 632, 56, 712, 433, 1, 7, 1
370, 1, 632, 56, 712, 431, 1, 7, 1
371, 1, 633, 55, 711, 433, 1, 7, 1
372, 1, 634, 55, 709, 433, 1, 7, 1
373, 1, 631, 55, 714, 433, 1, 7, 1
374, 1, 633, 55, 704, 436, 1, 7, 1
375, 1, 631, 57, 704, 431, 1, 7, 1
376, 1, 631, 60, 694, 430, 1, 7, 1
377, 1, 632, 54, 692, 433, 1, 7, 1
378, 1, 630, 52, 690, 437, 1, 7, 1
379, 1, 631, 50, 688, 441, 1, 7, 1
380, 1, 631, 50, 687, 441, 1, 7, 1
381, 1, 630, 49, 689, 444, 1, 7, 1
382, 1, 629, 55, 690, 437, 1, 7, 1
383, 1, 630, 54, 683, 438, 1, 7, 1
384, 1, 631, 53, 681, 443, 1, 7, 1
385, 1, 637, 55, 665, 445, 1, 7, 1
386, 1, 633, 53, 672, 440, 1, 7, 1
387, 1, 633, 57, 665, 441, 1, 7, 1
388, 1, 633, 59, 666, 436, 1, 7, 1
389, 1, 637, 58, 660, 443, 1, 7, 1
390, 1, 636, 58, 659, 441, 1, 7, 1
391, 1, 633, 63, 654, 435, 1, 7, 1
392, 1, 633, 65, 653, 433, 1, 7, 1
393, 1, 632, 64, 648, 433, 1, 7, 1
394, 1, 634, 67, 646, 439, 1, 7, 1
395, 1, 635, 76, 647, 424, 1, 7, 1
396, 1, 632, 74, 642, 430, 1, 7, 1
397, 1, 633, 84, 633, 422, 1, 7, 1
398, 1, 632, 82, 636, 434, 1, 7, 1
399, 1, 631, 90, 637, 436, 1, 7, 1
400, 1, 631, 92, 637, 427, 1, 7, 1
401, 1, 637, 101, 636, 418, 1, 7, 1
402, 1, 638, 100, 631, 418, 1, 7, 1
403, 1, 639, 100, 627, 421, 1, 7, 1
404, 1, 639, 106, 632, 415, 1, 7, 1
405, 1, 639, 107, 632, 418, 1, 7, 1
406, 1, 640, 111, 631, 414, 1, 7, 1
407, 1, 641, 118, 633, 406, 1, 7, 1
408, 1, 641, 130, 631, 392, 1, 7, 1
409, 1, 640, 135, 634, 390, 1, 7, 1
410, 1, 638, 137, 638, 391, 1, 7, 1
411, 1, 641, 144, 634, 382, 1, 7, 1
412, 1, 643, 147, 634, 374, 1, 7, 1
413, 1, 646, 160, 637, 364, 1, 7, 1
414, 1, 645, 164, 636, 358, 1, 7, 1
415, 1, 645, 166, 631, 357, 1, 7, 1
416, 1, 647, 170, 612, 350, 1, 7, 1
417, 1, 647, 178, 623, 344, 1, 7, 1
418, 1, 648, 181, 599, 340, 1, 7, 1
419, 1, 648, 182, 611, 338, 1, 7, 1
420, 1, 646, 190, 602, 328, 1, 7, 1
421, 1, 647, 198, 607, 323, 1, 7, 1
422, 1, 648, 201, 598, 318, 1, 7, 1
423, 1, 648, 208, 604, 312, 1, 7, 1
424, 1, 649, 216, 602, 303, 1, 7, 1
425, 1, 650, 222, 608, 298, 1, 7, 1
426, 1, 649, 231, 602, 289, 1, 7, 1
427, 1, 652, 237, 596, 281, 1, 7, 1
428, 1, 650, 237, 597, 282, 1, 7, 1
429, 1, 653, 240, 604, 283, 1, 7, 1
430, 1, 652, 242, 598, 280, 1, 7, 1
431, 1, 653, 246, 610, 278, 1, 7, 1
432, 1, 651, 241, 602, 284, 1, 7, 1
433, 1, 653, 242, 605, 285, 1, 7, 1
434, 1, 653, 246, 600, 281, 1, 7, 1
435, 1, 653, 250, 595, 276, 1, 7, 1
436, 1, 653, 253, 594, 274, 1, 7, 1
437, 1, 651, 255, 601, 274, 1, 7, 1
438, 1, 654, 256, 599, 272, 1, 7, 1
439, 1, 652, 254, 603, 271, 1, 7, 1
440, 1, 653, 252, 601, 276, 1, 7, 1
441, 1, 652, 254, 610, 275, 1, 7, 1
442, 1, 655, 254, 599, 272, 1, 7, 1
443, 1, 651, 256, 598, 272, 1, 7, 1
444, 1, 650, 255, 595, 271, 1, 7, 1
445, 1, 651, 252, 592, 274, 1, 7, 1
446, 1, 654, 252, 588, 273, 1, 7, 1
447, 1, 650, 247, 584, 277, 1, 7, 1
448, 1, 650, 244, 583, 278, 1, 7, 1
449, 1, 649, 247, 584, 275, 1, 7, 1
450, 1, 650, 246, 582, 277, 1, 7, 1
451, 1, 651, 242, 589, 284, 1, 7, 1
452, 1, 649, 245, 590, 278, 1, 7, 1
453, 1, 651, 246, 589, 279, 1, 7, 1
454, 1, 651, 246, 584, 279, 1, 7, 1
455, 1, 648, 244, 581, 282, 1, 7, 1
456, 1, 649, 245, 575, 280, 1, 7, 1
457, 1, 649, 244, 573, 280, 1, 7, 1
458, 1, 651, 244, 570, 279, 1, 7, 1
459, 1, 647, 244, 576, 278, 1, 7, 1
460, 1, 650, 248, 569, 274, 1, 7, 1
461, 1, 650, 250, 566, 272, 1, 7, 1
462, 1, 649, 249, 566, 275, 1, 7, 1
463, 1, 653, 255, 561, 270, 1, 7, 1
464, 1, 655, 255, 556, 269, 1, 7, 1
465, 1, 655, 255, 551, 269, 1, 7, 1
466, 1, 656, 258, 551, 267, 1, 7, 1
467, 1, 655, 260, 551, 257, 1, 7, 1
468, 1, 657, 260, 545, 261, 1, 7, 1
469, 1, 657, 261, 543, 258, 1, 7, 1
470, 1, 653, 263, 547, 258, 1, 7, 1
471, 1, 657, 261, 545, 261, 1, 7, 1
472, 1, 656, 261, 549, 261, 1, 7, 1
473, 1, 657, 262, 549, 261, 1, 7, 1
474, 1, 656, 261, 553, 261, 1, 7, 1
475, 1, 656, 262, 546, 264, 1, 7, 1
476, 1, 656, 262, 544, 260, 1, 7, 1
477, 1, 654, 262, 551, 261, 1, 7, 1
478, 1, 652, 265, 551, 259, 1, 7, 1
479, 1, 651, 267, 552, 261, 1, 7, 1
480, 1, 654, 268, 550, 254, 1, 7, 1
481, 1, 652, 268, 552, 255, 1, 7, 1
482, 1, 651, 268, 551, 257, 1, 7, 1
483, 1, 652, 272, 555, 250, 1, 7, 1
484, 1, 653, 270, 555, 254, 1, 7, 1
485, 1, 654, 269, 563, 253, 1, 7, 1
486, 1, 654, 272, 562, 251, 1, 7, 1
487, 1, 654, 277, 558, 248, 1, 7, 1
488, 1, 653, 275, 563, 249, 1, 7, 1
489, 1, 652, 274, 561, 248, 1, 7, 1
490, 1, 651, 275, 566, 247, 1, 7, 1
491, 1, 651, 278, 564, 244, 1, 7, 1
492, 1, 654, 276, 561, 244, 1, 7, 1
493, 1, 648, 278, 564, 242, 1, 7, 1
494, 1, 648, 276, 565, 246, 1, 7, 1
495, 1, 650, 278, 564, 242, 1, 7, 1
496, 1, 650, 278, 564, 242, 1, 7, 1
497, 1, 649, 281, 566, 239, 1, 7, 1
498, 1, 652, 281, 566, 239, 1, 7, 1
499, 1, 645, 281, 571, 238, 1, 7, 1
500, 1, 646, 280, 570, 239, 1, 7, 1
501, 1, 645, 279, 585, 240, 1, 7, 1
502, 1, 646, 280, 580, 239, 1, 7, 1
503, 1, 646, 281, 581, 239, 1, 7, 1
504, 1, 644, 282, 578, 237, 1, 7, 1
505, 1, 645, 279, 583, 242, 1, 7, 1
506, 1, 647, 281, 578, 240, 1, 7, 1
507, 1, 645, 280, 577, 242, 1, 7, 1
508, 1, 646, 281, 571, 241, 1, 7, 1
509, 1, 645, 282, 575, 239, 1, 7, 1
510, 1, 646, 281, 578, 241, 1, 7, 1
511, 1, 646, 283, 572, 239, 1, 7, 1
512, 1, 647, 280, 574, 242, 1, 7, 1
513, 1, 645, 282, 584, 238, 1, 7, 1
514, 1, 647, 284, 598, 239, 1, 7, 1
515, 1, 647, 284, 589, 235, 1, 7, 1
516, 1, 647, 283, 578, 238, 1, 7, 1
517, 1, 647, 284, 582, 236, 1, 7, 1
518, 1, 646, 283, 588, 238, 1, 7, 1
519, 1, 646, 284, 584, 237, 1, 7, 1
520, 1, 646, 284, 580, 237, 1, 7, 1
521, 1, 647, 283, 582, 239, 1, 7, 1
522, 1, 647, 284, 587, 238, 1, 7, 1
523, 1, 648, 284, 592, 237, 1, 7, 1
524, 1, 646, 284, 595, 238, 1, 7, 1
525, 1, 647, 283, 592, 239, 1, 7, 1
526, 1, 648, 284, 593, 239, 1, 7, 1
527, 1, 649, 283, 593, 239, 1, 7, 1
528, 1, 647, 284, 597, 237, 1, 7, 1
529, 1, 646, 284, 598, 236, 1, 7, 1
530, 1, 646, 284, 607, 238, 1, 7, 1
531, 1, 646, 284, 606, 238, 1, 7, 1
532, 1, 647, 283, 602, 238, 1, 7, 1
533, 1, 645, 282, 609, 240, 1, 7, 1
534, 1, 645, 283, 612, 239, 1, 7, 1
535, 1, 643, 281, 615, 241, 1, 7, 1
536, 1, 644, 281, 614, 242, 1, 7, 1
537, 1, 644, 279, 613, 245, 1, 7, 1
538, 1, 643, 278, 612, 247, 1, 7, 1
539, 1, 642, 279, 617, 248, 1, 7, 1
540, 1, 641, 278, 624, 248, 1, 7, 1
541, 1, 642, 276, 620, 249, 1, 7, 1
542, 1, 643, 274, 619, 249, 1, 7, 1
543, 1, 642, 272, 617, 252, 1, 7, 1
544, 1, 642, 273, 619, 245, 1, 7, 1
545, 1, 644, 274, 616, 248, 1, 7, 1
546, 1, 646, 272, 617, 249, 1, 7, 1
547, 1, 646, 272, 620, 252, 1, 7, 1
548, 1, 645, 262, 618, 261, 1, 7, 1
549, 1, 640, 257, 626, 261, 1, 7, 1
550, 1, 641, 255, 628, 264, 1, 7, 1
551, 1, 639, 252, 627, 260, 1, 7, 1
552, 1, 640, 243, 627, 277, 1, 7, 1
553, 1, 640, 246, 628, 276, 1, 7, 1
554, 1, 639, 245, 628, 270, 1, 7, 1
555, 1, 639, 241, 629, 279, 1, 7, 1
556, 1, 639, 237, 634, 282, 1, 7, 1
557, 1, 639, 235, 635, 285, 1, 7, 1
558, 1, 639, 230, 633, 288, 1, 7, 1
559, 1, 639, 225, 635, 289, 1, 7, 1
560, 1, 638, 220, 636, 295, 1, 7, 1
561, 1, 639, 217, 637, 298, 1, 7, 1
562, 1, 638, 209, 637, 300, 1, 7, 1
563, 1, 641, 205, 636, 304, 1, 7, 1
564, 1, 636, 203, 643, 303, 1, 7, 1
565, 1, 637, 198, 637, 310, 1, 7, 1
566, 1, 634, 191, 640, 304, 1, 7, 1
567, 1, 636, 186, 643, 326, 1, 7, 1
568, 1, 637, 184, 641, 327, 1, 7, 1
569, 1, 638, 182, 638, 330, 1, 7, 1
570, 1, 637, 178, 638, 336, 1, 7, 1
571, 1, 635, 176, 639, 332, 1, 7, 1
572, 1, 637, 172, 640, 334, 1, 7, 1
573, 1, 637, 166, 639, 341, 1, 7, 1
574, 1, 635, 164, 640, 343, 1, 7, 1
575, 1, 637, 161, 638, 349, 1, 7, 1
576, 1, 638, 152, 637, 358, 1, 7, 1
577, 1, 638, 152, 637, 361, 1, 7, 1
578, 1, 635, 147, 640, 365, 1, 7, 1
579, 1, 636, 144, 636, 369, 1, 7, 1
580, 1, 635, 142, 636, 371, 1, 7, 1
581, 1, 637, 137, 634, 373, 1, 7, 1
582, 1, 639, 132, 626, 376, 1, 7, 1
583, 1, 636, 134, 628, 376, 1, 7, 1
584, 1, 637, 135, 624, 370, 1, 7, 1
585, 1, 635, 132, 624, 370, 1, 7, 1
586, 1, 634, 126, 623, 374, 1, 7, 1
587, 1, 637, 133, 612, 359, 1, 7, 1
588, 1, 636, 122, 617, 377, 1, 7, 1
589, 1, 636, 120, 613, 376, 1, 7, 1
590, 1, 634, 113, 614, 385, 1, 7, 1
591, 1, 637, 113, 604, 378, 1, 7, 1
592, 1, 636, 111, 604, 386, 1, 7, 1
593, 1, 639, 105, 596, 393, 1, 7, 1
594, 1, 637, 105, 599, 391, 1, 7, 1
595, 1, 637, 112, 590, 380, 1, 7, 1
596, 1, 635, 105, 590, 387, 1, 7, 1
597, 1, 637, 106, 584, 388, 1, 7, 1
598, 1, 635, 103, 583, 387, 1, 7, 1
599, 1, 636, 98, 580, 397, 1, 7, 1
600, 1, 635, 99, 578, 395, 1, 7, 1
601, 1, 638, 99, 574, 392, 1, 7, 1
602, 1, 636, 99, 571, 391, 1, 7, 1
603, 1, 636, 101, 567, 389, 1, 7, 1
604, 1, 634, 102, 566, 389, 1, 7, 1
605, 1, 632, 103, 566, 388, 1, 7, 1
606, 1, 635, 100, 552, 391, 1, 7, 1
607, 1, 635, 95, 550, 395, 1, 7, 1
608, 1, 633, 95, 550, 397, 1, 7, 1
609, 1, 634, 96, 546, 392, 1, 7, 1
610, 1, 638, 92, 536, 400, 1, 7, 1
611, 1, 638, 105, 531, 384, 1, 7, 1
612, 1, 641, 96, 514, 394, 1, 7, 1
613, 1, 639, 101, 514, 389, 1, 7, 1
614, 1, 643, 111, 504, 381, 1, 7, 1
615, 1, 642, 101, 509, 388, 1, 7, 1
616, 1, 644, 100, 505, 390, 1, 7, 1
617, 1, 642, 114, 508, 374, 1, 7, 1
618, 1, 642, 97, 502, 393, 1, 7, 1
619, 1, 644, 97, 497, 392, 1, 7, 1
620, 1, 642, 95, 497, 394, 1, 7, 1
621, 1, 645, 107, 489, 384, 1, 7, 1
622, 1, 647, 109, 487, 378, 1, 7, 1
623, 1, 651, 96, 477, 392, 1, 7, 1
624, 1, 653, 101, 474, 387, 1, 7, 1
625, 1, 652, 102, 468, 392, 1, 7, 1
626, 1, 651, 100, 467, 393, 1, 7, 1
627, 1, 656, 100, 457, 395, 1, 7, 1
628, 1, 656, 101, 454, 393, 1, 7, 1
629, 1, 662, 99, 445, 394, 1, 7, 1
630, 1, 666, 102, 435, 393, 1, 7, 1
631, 1, 665, 97, 433, 396, 1, 7, 1
632, 1, 665, 99, 434, 397, 1, 7, 1
633, 1, 664, 97, 438, 404, 1, 7, 1
634, 1, 667, 96, 429, 404, 1, 7, 1
635, 1, 669, 97, 425, 402, 1, 7, 1
636, 1, 672, 94, 419, 407, 1, 7, 1
637, 1, 667, 97, 423, 398, 1, 7, 1
638, 1, 669, 99, 421, 403, 1, 7, 1
639, 1, 672, 96, 419, 411, 1, 7, 1
640, 1, 672, 95, 417, 411, 1, 7, 1
641, 1, 671, 98, 420, 395, 1, 7, 1
642, 1, 672, 100, 415, 390, 1, 7, 1
643, 1, 673, 101, 415, 389, 1, 7, 1
644, 1, 673, 101, 416, 389, 1, 7, 1
645, 1, 672, 98, 413, 392, 1, 7, 1
646, 1, 674, 98, 413, 395, 1, 7, 1
647, 1, 674, 101, 415, 389, 1, 7, 1
648, 1, 676, 103, 415, 387, 1, 7, 1
649, 1, 677, 104, 418, 384, 1, 7, 1
650, 1, 676, 104, 420, 384, 1, 7, 1
651, 1, 673, 108, 422, 384, 1, 7, 1
652, 1, 678, 109, 422, 383, 1, 7, 1
653, 1, 676, 110, 428, 382, 1, 7, 1
654, 1, 676, 110, 425, 382, 1, 7, 1
655, 1, 672, 111, 432, 382, 1, 7, 1
656, 1, 672, 112, 438, 379, 1, 7, 1
657, 1, 673, 115, 435, 376, 1, 7, 1
658, 1, 673, 119, 429, 373, 1, 7, 1
659, 1, 672, 117, 419, 377, 1, 7, 1
660, 1, 673, 122, 412, 368, 1, 7, 1
661, 1, 674, 121, 400, 370, 1, 7, 1
662, 1, 673, 118, 412, 377, 1, 7, 1
663, 1, 671, 124, 422, 369, 1, 7, 1
664, 1, 671, 124, 434, 368, 1, 7, 1
665, 1, 671, 125, 440, 368, 1, 7, 1
666, 1, 670, 126, 448, 365, 1, 7, 1
667, 1, 672, 130, 464, 362, 1, 7, 1
668, 1, 671, 132, 452, 361, 1, 7, 1
669, 1, 670, 132, 457, 360, 1, 7, 1
670, 1, 667, 135, 441, 360, 1, 7, 1
671, 1, 667, 140, 469, 355, 1, 7, 1
672, 1, 668, 139, 471, 356, 1, 7, 1
673, 1, 670, 141, 469, 354, 1, 7, 1
674, 1, 667, 143, 492, 349, 1, 7, 1
675, 1, 670, 147, 483, 349, 1, 7, 1
676, 1, 667, 146, 480, 349, 1, 7, 1
677, 1, 670, 147, 452, 347, 1, 7, 1
678, 1, 669, 148, 479, 347, 1, 7, 1
679, 1, 668, 152, 479, 339, 1, 7, 1
680, 1, 667, 151, 479, 337, 1, 7, 1
681, 1, 665, 153, 494, 336, 1, 7, 1
682, 1, 661, 153, 505, 335, 1, 7, 1
683, 1, 660, 153, 515, 332, 1, 7, 1
684, 1, 660, 155, 522, 332, 1, 7, 1
685, 1, 660, 156, 502, 331, 1, 7, 1
686, 1, 659, 154, 517, 332, 1, 7, 1
687, 1, 659, 153, 493, 335, 1, 7, 1
688, 1, 658, 152, 509, 334, 1, 7, 1
689, 1, 658, 150, 524, 334, 1, 7, 1
690, 1, 655, 149, 544, 337, 1, 7, 1
691, 1, 658, 150, 527, 333, 1, 7, 1
692, 1, 657, 149, 536, 335, 1, 7, 1
693, 1, 659, 149, 493, 335, 1, 7, 1
694, 1, 657, 147, 536, 334, 1, 7, 1
695, 1, 654, 147, 538, 337, 1, 7, 1
696, 1, 656, 148, 543, 333, 1, 7, 1
697, 1, 655, 146, 544, 332, 1, 7, 1
698, 1, 654, 148, 559, 331, 1, 7, 1
699, 1, 656, 147, 564, 333, 1, 7, 1
700, 1, 655, 146, 573, 333, 1, 7, 1
701, 1, 654, 148, 578, 335, 1, 7, 1
702, 1, 652, 147, 581, 335, 1, 7, 1
703, 1, 652, 148, 581, 337, 1, 7, 1
704, 1, 650, 147, 576, 338, 1, 7, 1
705, 1, 649, 148, 579, 333, 1, 7, 1
706, 1, 648, 150, 577, 330, 1, 7, 1
707, 1, 650, 150, 599, 336, 1, 7, 1
708, 1, 647, 148, 608, 336, 1, 7, 1
709, 1, 648, 151, 611, 332, 1, 7, 1
710, 1, 647, 149, 626, 338, 1, 7, 1
711, 1, 649, 152, 627, 329, 1, 7, 1
712, 1, 647, 158, 655, 325, 1, 7, 1
713, 1, 649, 155, 658, 327, 1, 7, 1
714, 1, 646, 153, 669, 332, 1, 7, 1
715, 1, 647, 152, 664, 329, 1, 7, 1
716, 1, 644, 148, 679, 335, 1, 7, 1
717, 1, 646, 152, 682, 334, 1, 7, 1
718, 1, 643, 150, 692, 336, 1, 7, 1
719, 1, 644, 148, 694, 338, 1, 7, 1
720, 1, 644, 147, 699, 337, 1, 7, 1
721, 1, 647, 144, 699, 341, 1, 7, 1
722, 1, 647, 141, 711, 346, 1, 7, 1
723, 1, 645, 139, 713, 346, 1, 7, 1
724, 1, 647, 141, 713, 346, 1, 7, 1
725, 1, 648, 144, 717, 345, 1, 7, 1
726, 1, 648, 147, 723, 343, 1, 7, 1
727, 1, 645, 145, 731, 346, 1, 7, 1
728, 1, 645, 146, 737, 346, 1, 7, 1
729, 1, 644, 149, 739, 340, 1, 7, 1
730, 1, 643, 147, 739, 341, 1, 7, 1
731, 1, 642, 147, 737, 341, 1, 7, 1
732, 1, 643, 148, 738, 339, 1, 7, 1
733, 1, 641, 146, 744, 340, 1, 7, 1
734, 1, 639, 145, 749, 340, 1, 7, 1
735, 1, 639, 144, 749, 341, 1, 7, 1
736, 1, 639, 144, 752, 341, 1, 7, 1
737, 1, 637, 145, 756, 343, 1, 7, 1
738, 1, 638, 141, 755, 345, 1, 7, 1
739, 1, 637, 140, 756, 346, 1, 7, 1
740, 1, 639, 139, 754, 346, 1, 7, 1
741, 1, 640, 138, 752, 351, 1, 7, 1
742, 1, 638, 134, 753, 356, 1, 7, 1
743, 1, 639, 136, 751, 363, 1, 7, 1
744, 1, 640, 134, 748, 369, 1, 7, 1
745, 1, 640, 138, 746, 365, 1, 7, 1
746, 1, 637, 135, 746, 370, 1, 7, 1
747, 1, 639, 138, 745, 370, 1, 7, 1
748, 1, 637, 137, 744, 372, 1, 7, 1
749, 1, 639, 135, 740, 379, 1, 7, 1
750, 1, 638, 136, 738, 378, 1, 7, 1
751, 1, 636, 136, 737, 375, 1, 7, 1
752, 1, 639, 133, 728, 378, 1, 7, 1
753, 1, 638, 134, 727, 378, 1, 7, 1
754, 1, 636, 133, 721, 370, 1, 7, 1
755, 1, 638, 131, 720, 386, 1, 7, 1
756, 1, 636, 125, 712, 379, 1, 7, 1
757, 1, 636, 126, 711, 387, 1, 7, 1
758, 1, 639, 126, 700, 384, 1, 7, 1
759, 1, 635, 127, 701, 386, 1, 7, 1
760, 1, 635, 125, 700, 391, 1, 7, 1
761, 1, 635, 125, 698, 381, 1, 7, 1
762, 1, 637, 124, 688, 378, 1, 7, 1
763, 1, 634, 126, 688, 382, 1, 7, 1
764, 1, 633, 127, 696, 387, 1, 7, 1
765, 1, 635, 126, 677, 377, 1, 7, 1
766, 1, 634, 127, 683, 387, 1, 7, 1
767, 1, 637, 126, 671, 385, 1, 7, 1
768, 1, 636, 126, 658, 390, 1, 7, 1
769, 1, 641, 127, 659, 397, 1, 7, 1
770, 1, 639, 130, 651, 390, 1, 7, 1
771, 1, 639, 128, 646, 389, 1, 7, 1
772, 1, 638, 130, 645, 392, 1, 7, 1
773, 1, 637, 130, 653, 391, 1, 7, 1
774, 1, 638, 129, 637, 385, 1, 7, 1
775, 1, 637, 131, 645, 393, 1, 7, 1
776, 1, 644, 134, 632, 390, 1, 7, 1
777, 1, 637, 134, 634, 389, 1, 7, 1
778, 1, 637, 139, 640, 385, 1, 7, 1
779, 1, 635, 138, 631, 379, 1, 7, 1
780, 1, 637, 139, 634, 384, 1, 7, 1
781, 1, 638, 143, 631, 377, 1, 7, 1
782, 1, 637, 145, 635, 376, 1, 7, 1
783, 1, 641, 148, 620, 372, 1, 7, 1
784, 1, 643, 150, 608, 371, 1, 7, 1
785, 1, 642, 151, 615, 371, 1, 7, 1
786, 1, 642, 154, 618, 370, 1, 7, 1
787, 1, 643, 159, 616, 363, 1, 7, 1
788, 1, 644, 159, 617, 362, 1, 7, 1
789, 1, 647, 163, 600, 359, 1, 7, 1
790, 1, 644, 163, 592, 356, 1, 7, 1
791, 1, 647, 166, 584, 356, 1, 7, 1
792, 1, 648, 166, 576, 349, 1, 7, 1
793, 1, 650, 173, 569, 348, 1, 7, 1
794, 1, 650, 178, 556, 333, 1, 7, 1
795, 1, 649, 178, 563, 342, 1, 7, 1
796, 1, 649, 183, 554, 334, 1, 7, 1
797, 1, 654, 187, 539, 331, 1, 7, 1
798, 1, 656, 189, 534, 325, 1, 7, 1
799, 1, 657, 192, 536, 329, 1, 7, 1
800, 1, 655, 196, 533, 319, 1, 7, 1