1, 1, 89, 404, 591, 189, 1, 5, 1
2, 1, 86, 405, 590, 187, 1, 5, 1
3, 1, 81, 408, 593, 184, 1, 5, 1
4, 1, 81, 408, 592, 186, 1, 5, 1
5, 1, 80, 404, 590, 189, 1, 5, 1
6, 1, 74, 405, 595, 189, 1, 5, 1
7, 1, 74, 404, 591, 191, 1, 5, 1
8, 1, 70, 403, 595, 191, 1, 5, 1
9, 1, 67, 403, 596, 191, 1, 5, 1
10, 1, 64, 402, 598, 192, 1, 5, 1
11, 1, 62, 405, 597, 189, 1, 5, 1
12, 1, 60, 403, 597, 192, 1, 5, 1
13, 1, 60, 404, 596, 190, 1, 5, 1
14, 1, 57, 405, 597, 189, 1, 5, 1
15, 1, 56, 404, 597, 192, 1, 5, 1
16, 1, 51, 403, 598, 192, 1, 5, 1
17, 1, 50, 405, 597, 190, 1, 5, 1
18, 1, 48, 405, 598, 191, 1, 5, 1
19, 1, 44, 405, 600, 190, 1, 5, 1
20, 1, 41, 405, 601, 191, 1, 5, 1
21, 1, 39, 404, 603, 191, 1, 5, 1
22, 1, 33, 405, 602, 190, 1, 5, 1
23, 1, 32, 404, 603, 191, 1, 5, 1
24, 1, 24, 403, 610, 193, 1, 5, 1
25, 1, 25, 402, 607, 194, 1, 5, 1
26, 1, 20, 403, 608, 193, 1, 5, 1
27, 1, 17, 404, 611, 192, 1, 5, 1
28, 1, 13, 404, 608, 192, 1, 5, 1
29, 1, 11, 403, 611, 194, 1, 5, 1
30, 1, 10, 405, 608, 193, 1, 5, 1
31, 1, 4, 404, 613, 193, 1, 5, 1
32, 1, 3, 403, 613, 196, 1, 5, 1
33, 1, 2, 402, 610, 197, 1, 5, 1
34, 1, 2, 401, 610, 198, 1, 5, 1
35, 1, 2, 400, 610, 198, 1, 5, 1
36, 1, 2, 401, 606, 198, 1, 5, 1
37, 1, 2, 402, 603, 198, 1, 5, 1
38, 1, 2, 403, 603, 198, 1, 5, 1
39, 1, 2, 403, 599, 199, 1, 5, 1
40, 1, 2, 403, 597, 199, 1, 5, 1
41, 1, 2, 404, 596, 199, 1, 5, 1
42, 1, 2, 404, 592, 201, 1, 5, 1
43, 1, 3, 402, 591, 202, 1, 5, 1
44, 1, 3, 403, 589, 202, 1, 5, 1
45, 1, 1, 403, 589, 201, 1, 5, 1
46, 1, 2, 403, 585, 202, 1, 5, 1
47, 1, 4, 403, 582, 201, 1, 5, 1
48, 1, 3, 404, 578, 202, 1, 5, 1
49, 1, 3, 404, 577, 201, 1, 5, 1
50, 1, 3, 403, 574, 201, 1, 5, 1
51, 1, 4, 403, 569, 202, 1, 5, 1
52, 1, 3, 402, 566, 205, 1, 5, 1
53, 1, 2, 404, 564, 202, 1, 5, 1
54, 1, 2, 404, 563, 205, 1, 5, 1
55, 1, 3, 404, 557, 204, 1, 5, 1
56, 1, 4, 402, 554, 206, 1, 5, 1
57, 1, 3, 402, 554, 207, 1, 5, 1
58, 1, 3, 400, 549, 209, 1, 5, 1
59, 1, 4, 401, 545, 208, 1, 5, 1
60, 1, 2, 402, 545, 208, 1, 5, 1
61, 1, 4, 401, 540, 207, 1, 5, 1
62, 1, 5, 401, 536, 206, 1, 5, 1
63, 1, 4, 402, 533, 206, 1, 5, 1
64, 1, 5, 402, 531, 206, 1, 5, 1
65, 1, 4, 401, 527, 206, 1, 5, 1
66, 1, 4, 403, 524, 202, 1, 5, 1
67, 1, 3, 401, 524, 209, 1, 5, 1
68, 1, 3, 402, 522, 204, 1, 5, 1
69, 1, 4, 401, 517, 204, 1, 5, 1
70, 1, 3, 398, 513, 207, 1, 5, 1
71, 1, 3, 401, 509, 205, 1, 5, 1
72, 1, 3, 401, 506, 204, 1, 5, 1
73, 1, 4, 400, 503, 205, 1, 5, 1
74, 1, 3, 398, 503, 207, 1, 5, 1
75, 1, 5, 400, 494, 206, 1, 5, 1
76, 1, 5, 399, 483, 209, 1, 5, 1
77, 1, 4, 402, 483, 204, 1, 5, 1
78, 1, 6, 401, 470, 206, 1, 5, 1
79, 1, 6, 400, 456, 207, 1, 5, 1
80, 1, 3, 401, 449, 207, 1, 5, 1
81, 1, 5, 403, 447, 206, 1, 5, 1
82, 1, 5, 403, 440, 205, 1, 5, 1
83, 1, 5, 403, 443, 204, 1, 5, 1
84, 1, 4, 401, 442, 207, 1, 5, 1
85, 1, 3, 401, 442, 208, 1, 5, 1
86, 1, 2, 401, 445, 209, 1, 5, 1
87, 1, 2, 404, 445, 205, 1, 5, 1
88, 1, 2, 403, 445, 206, 1, 5, 1
89, 1, 3, 402, 443, 207, 1, 5, 1
90, 1, 3, 402, 443, 208, 1, 5, 1
91, 1, 3, 404, 442, 208, 1, 5, 1
92, 1, 3, 404, 443, 208, 1, 5, 1
93, 1, 4, 404, 444, 205, 1, 5, 1
94, 1, 3, 404, 444, 207, 1, 5, 1
95, 1, 4, 407, 440, 204, 1, 5, 1
96, 1, 5, 408, 439, 201, 1, 5, 1
97, 1, 4, 415, 436, 194, 1, 5, 1
98, 1, 4, 416, 434, 194, 1, 5, 1
99, 1, 4, 427, 431, 182, 1, 5, 1
100, 1, 2, 422, 431, 190, 1, 5, 1
101, 1, 3, 423, 429, 186, 1, 5, 1
102, 1, 1, 426, 428, 183, 1, 5, 1
103, 1, 1, 427, 421, 183, 1, 5, 1
104, 1, 2, 425, 419, 184, 1, 5, 1
105, 1, 1, 428, 418, 180, 1, 5, 1
106, 1, 2, 426, 412, 180, 1, 5, 1
107, 1, 2, 426, 411, 180, 1, 5, 1
108, 1, 3, 427, 408, 178, 1, 5, 1
109, 1, 3, 426, 405, 176, 1, 5, 1
110, 1, 3, 426, 400, 180, 1, 5, 1
111, 1, 3, 425, 400, 181, 1, 5, 1
112, 1, 2, 425, 399, 183, 1, 5, 1
113, 1, 3, 424, 397, 182, 1, 5, 1
114, 1, 2, 425, 392, 182, 1, 5, 1
115, 1, 2, 424, 389, 183, 1, 5, 1
116, 1, 4, 425, 385, 181, 1, 5, 1
117, 1, 2, 424, 386, 183, 1, 5, 1
118, 1, 3, 424, 378, 181, 1, 5, 1
119, 1, 4, 425, 376, 182, 1, 5, 1
120, 1, 3, 425, 371, 180, 1, 5, 1
121, 1, 4, 426, 366, 180, 1, 5, 1
122, 1, 3, 426, 364, 180, 1, 5, 1
123, 1, 4, 424, 360, 184, 1, 5, 1
124, 1, 3, 425, 358, 183, 1, 5, 1
125, 1, 4, 425, 352, 183, 1, 5, 1
126, 1, 4, 425, 349, 183, 1, 5, 1
127, 1, 3, 425, 347, 182, 1, 5, 1
128, 1, 2, 424, 344, 185, 1, 5, 1
129, 1, 3, 424, 340, 185, 1, 5, 1
130, 1, 2, 424, 339, 184, 1, 5, 1
131, 1, 2, 425, 336, 182, 1, 5, 1
132, 1, 1, 424, 334, 182, 1, 5, 1
133, 1, 3, 425, 330, 184, 1, 5, 1
134, 1, 2, 425, 329, 181, 1, 5, 1
135, 1, 2, 425, 327, 183, 1, 5, 1
136, 1, 1, 425, 325, 185, 1, 5, 1
137, 1, 2, 425, 322, 182, 1, 5, 1
138, 1, 2, 425, 319, 184, 1, 5, 1
139, 1, 2, 425, 315, 185, 1, 5, 1
140, 1, 3, 426, 313, 185, 1, 5, 1
141, 1, 3, 424, 308, 184, 1, 5, 1
142, 1, 2, 424, 307, 185, 1, 5, 1
143, 1, 3, 424, 305, 184, 1, 5, 1
144, 1, 3, 424, 303, 184, 1, 5, 1
145, 1, 2, 426, 301, 180, 1, 5, 1
146, 1, 2, 427, 300, 180, 1, 5, 1
147, 1, 4, 426, 294, 180, 1, 5, 1
148, 1, 3, 421, 293, 187, 1, 5, 1
149, 1, 2, 420, 289, 186, 1, 5, 1
150, 1, 4, 420, 286, 188, 1, 5, 1
151, 1, 3, 420, 285, 188, 1, 5, 1
152, 1, 3, 420, 283, 187, 1, 5, 1
153, 1, 4, 419, 279, 187, 1, 5, 1
154, 1, 4, 419, 276, 187, 1, 5, 1
155, 1, 4, 420, 274, 187, 1, 5, 1
156, 1, 3, 419, 272, 190, 1, 5, 1
157, 1, 4, 417, 267, 193, 1, 5, 1
158, 1, 3, 419, 268, 192, 1, 5, 1
159, 1, 1, 424, 268, 185, 1, 5, 1
160, 1, 1, 421, 264, 190, 1, 5, 1
161, 1, 2, 420, 262, 191, 1, 5, 1
162, 1, 3, 421, 258, 185, 1, 5, 1
163, 1, 3, 418, 254, 193, 1, 5, 1
164, 1, 5, 415, 250, 195, 1, 5, 1
165, 1, 4, 420, 249, 191, 1, 5, 1
166, 1, 4, 415, 247, 198, 1, 5, 1
167, 1, 5, 418, 242, 195, 1, 5, 1
168, 1, 6, 418, 240, 196, 1, 5, 1
169, 1, 5, 418, 239, 195, 1, 5, 1
170, 1, 5, 418, 237, 194, 1, 5, 1
171, 1, 5, 420, 233, 190, 1, 5, 1
172, 1, 4, 420, 235, 192, 1, 5, 1
173, 1, 4, 420, 233, 190, 1, 5, 1
174, 1, 4, 421, 230, 188, 1, 5, 1
175, 1, 4, 420, 226, 188, 1, 5, 1
176, 1, 5, 420, 222, 188, 1, 5, 1
177, 1, 4, 420, 219, 187, 1, 5, 1
178, 1, 4, 418, 217, 190, 1, 5, 1
179, 1, 4, 420, 214, 190, 1, 5, 1
180, 1, 5, 419, 212, 190, 1, 5, 1
181, 1, 5, 419, 210, 188, 1, 5, 1
182, 1, 5, 418, 208, 190, 1, 5, 1
183, 1, 4, 419, 208, 190, 1, 5, 1
184, 1, 4, 419, 205, 189, 1, 5, 1
185, 1, 3, 418, 205, 192, 1, 5, 1
186, 1, 3, 419, 199, 192, 1, 5, 1
187, 1, 3, 420, 198, 189, 1, 5, 1
188, 1, 2, 420, 196, 191, 1, 5, 1
189, 1, 3, 419, 194, 191, 1, 5, 1
190, 1, 2, 419, 193, 192, 1, 5, 1
191, 1, 3, 419, 188, 192, 1, 5, 1
192, 1, 2, 420, 187, 191, 1, 5, 1
193, 1, 2, 419, 187, 189, 1, 5, 1
194, 1, 3, 419, 185, 189, 1, 5, 1
195, 1, 3, 419, 182, 189, 1, 5, 1
196, 1, 3, 419, 180, 190, 1, 5, 1
197, 1, 3, 419, 177, 191, 1, 5, 1
198, 1, 4, 418, 173, 191, 1, 5, 1
199, 1, 4, 418, 170, 191, 1, 5, 1
200, 1, 3, 419, 170, 190, 1, 5, 1
201, 1, 5, 418, 165, 192, 1, 5, 1
202, 1, 3, 419, 164, 189, 1, 5, 1
203, 1, 3, 418, 162, 191, 1, 5, 1
204, 1, 3, 419, 159, 191, 1, 5, 1
205, 1, 4, 419, 156, 190, 1, 5, 1
206, 1, 3, 420, 153, 189, 1, 5, 1
207, 1, 3, 419, 151, 190, 1, 5, 1
208, 1, 3, 419, 146, 191, 1, 5, 1
209, 1, 3, 420, 144, 189, 1, 5, 1
210, 1, 4, 418, 140, 189, 1, 5, 1
211, 1, 3, 417, 139, 192, 1, 5, 1
212, 1, 4, 418, 136, 189, 1, 5, 1
213, 1, 3, 419, 134, 189, 1, 5, 1
214, 1, 3, 417, 130, 192, 1, 5, 1
215, 1, 4, 418, 127, 192, 1, 5, 1
216, 1, 4, 419, 123, 188, 1, 5, 1
217, 1, 5, 419, 121, 186, 1, 5, 1
218, 1, 4, 418, 120, 181, 1, 5, 1
219, 1, 4, 417, 115, 178, 1, 5, 1
220, 1, 4, 417, 113, 167, 1, 5, 1
221, 1, 4, 419, 112, 162, 1, 5, 1
222, 1, 4, 419, 109, 165, 1, 5, 1
223, 1, 4, 419, 107, 161, 1, 5, 1
224, 1, 4, 419, 104, 161, 1, 5, 1
225, 1, 5, 423, 100, 151, 1, 5, 1
226, 1, 4, 425, 99, 150, 1, 5, 1
227, 1, 3, 426, 97, 153, 1, 5, 1
228, 1, 4, 427, 92, 152, 1, 5, 1
229, 1, 4, 428, 90, 152, 1, 5, 1
230, 1, 3, 428, 90, 150, 1, 5, 1
231, 1, 3, 428, 86, 145, 1, 5, 1
232, 1, 3, 429, 82, 144, 1, 5, 1
233, 1, 1, 429, 81, 132, 1, 5, 1
234, 1, 1, 430, 77, 127, 1, 5, 1
235, 1, 1, 431, 74, 116, 1, 5, 1
236, 1, 1, 432, 71, 110, 1, 5, 1
237, 1, 1, 431, 70, 111, 1, 5, 1
238, 1, 1, 431, 68, 113, 1, 5, 1
239, 1, 1, 431, 67, 111, 1, 5, 1
240, 1, 1, 430, 67, 112, 1, 5, 1
241, 1, 1, 431, 65, 110, 1, 5, 1
242, 1, 1, 432, 63, 109, 1, 5, 1
243, 1, 2, 432, 62, 109, 1, 5, 1
244, 1, 1, 433, 60, 109, 1, 5, 1
245, 1, 1, 432, 53, 109, 1, 5, 1
246, 1, 2, 432, 49, 109, 1, 5, 1
247, 1, 1, 432, 47, 111, 1, 5, 1
248, 1, 1, 433, 46, 110, 1, 5, 1
249, 1, 2, 435, 41, 109, 1, 5, 1
250, 1, 2, 435, 39, 107, 1, 5, 1
240, 2, 245, 474, 33, 66, 1, 6, 1
241, 2, 246, 473, 33, 67, 1, 6, 1
242, 2, 246, 472, 34, 69, 1, 6, 1
243, 2, 246, 472, 35, 69, 1, 6, 1
244, 2, 246, 472, 36, 69, 1, 6, 1
245, 2, 246, 472, 36, 70, 1, 6, 1
246, 2, 246, 472, 37, 70, 1, 6, 1
247, 2, 246, 471, 38, 71, 1, 6, 1
248, 2, 246, 471, 39, 71, 1, 6, 1
249, 2, 246, 471, 40, 72, 1, 6, 1
250, 2, 246, 470, 42, 73, 1, 6, 1
251, 2, 246, 469, 43, 75, 1, 6, 1
252, 2, 246, 469, 44, 75, 1, 6, 1
253, 2, 246, 469, 46, 75, 1, 6, 1
254, 2, 246, 469, 48, 75, 1, 6, 1
255, 2, 246, 468, 51, 76, 1, 6, 1
256, 2, 246, 468, 52, 77, 1, 6, 1
257, 2, 246, 468, 53, 77, 1, 6, 1
258, 2, 246, 467, 55, 78, 1, 6, 1
259, 2, 246, 467, 57, 79, 1, 6, 1
260, 2, 247, 466, 58, 80, 1, 6, 1
261, 2, 247, 466, 59, 80, 1, 6, 1
262, 2, 249, 466, 59, 80, 1, 6, 1
263, 2, 248, 465, 61, 81, 1, 6, 1
264, 2, 249, 465, 62, 81, 1, 6, 1
265, 2, 249, 464, 62, 83, 1, 6, 1
266, 2, 249, 464, 64, 83, 1, 6, 1
267, 2, 248, 464, 67, 83, 1, 6, 1
268, 2, 249, 463, 70, 85, 1, 6, 1
269, 2, 249, 463, 71, 85, 1, 6, 1
270, 2, 250, 463, 72, 85, 1, 6, 1
271, 2, 249, 462, 73, 86, 1, 6, 1
272, 2, 249, 461, 76, 87, 1, 6, 1
273, 2, 249, 461, 76, 87, 1, 6, 1
274, 2, 249, 459, 78, 89, 1, 6, 1
275, 2, 248, 460, 82, 89, 1, 6, 1
276, 2, 249, 459, 83, 90, 1, 6, 1
277, 2, 249, 459, 83, 89, 1, 6, 1
278, 2, 250, 458, 85, 90, 1, 6, 1
279, 2, 249, 458, 87, 91, 1, 6, 1
280, 2, 250, 458, 88, 92, 1, 6, 1
281, 2, 250, 458, 92, 92, 1, 6, 1
282, 2, 250, 457, 92, 93, 1, 6, 1
283, 2, 250, 457, 94, 93, 1, 6, 1
284, 2, 251, 456, 94, 94, 1, 6, 1
285, 2, 252, 456, 94, 95, 1, 6, 1
286, 2, 253, 455, 96, 96, 1, 6, 1
287, 2, 252, 456, 98, 95, 1, 6, 1
288, 2, 253, 455, 99, 96, 1, 6, 1
289, 2, 253, 455, 102, 97, 1, 6, 1
290, 2, 253, 455, 105, 97, 1, 6, 1
291, 2, 251, 454, 109, 98, 1, 6, 1
292, 2, 256, 454, 105, 99, 1, 6, 1
293, 2, 254, 454, 109, 99, 1, 6, 1
294, 2, 257, 454, 109, 99, 1, 6, 1
295, 2, 256, 453, 112, 101, 1, 6, 1
296, 2, 256, 453, 116, 101, 1, 6, 1
297, 2, 258, 453, 116, 101, 1, 6, 1
298, 2, 260, 453, 115, 102, 1, 6, 1
299, 2, 257, 452, 120, 103, 1, 6, 1
300, 2, 255, 452, 125, 103, 1, 6, 1
301, 2, 254, 451, 128, 103, 1, 6, 1
302, 2, 257, 451, 128, 104, 1, 6, 1
303, 2, 257, 451, 131, 104, 1, 6, 1
304, 2, 258, 451, 132, 104, 1, 6, 1
305, 2, 256, 451, 137, 105, 1, 6, 1
306, 2, 261, 451, 133, 105, 1, 6, 1
307, 2, 261, 449, 134, 107, 1, 6, 1
308, 2, 262, 449, 134, 107, 1, 6, 1
309, 2, 263, 449, 136, 108, 1, 6, 1
310, 2, 263, 449, 138, 108, 1, 6, 1
311, 2, 264, 448, 141, 109, 1, 6, 1
312, 2, 266, 447, 140, 110, 1, 6, 1
313, 2, 268, 447, 141, 110, 1, 6, 1
314, 2, 272, 447, 139, 110, 1, 6, 1
315, 2, 270, 446, 144, 111, 1, 6, 1
316, 2, 272, 446, 145, 111, 1, 6, 1
317, 2, 273, 446, 146, 111, 1, 6, 1
318, 2, 276, 445, 145, 111, 1, 6, 1
319, 2, 278, 445, 146, 113, 1, 6, 1
320, 2, 278, 444, 148, 114, 1, 6, 1
321, 2, 279, 444, 149, 113, 1, 6, 1
322, 2, 282, 444, 146, 114, 1, 6, 1
323, 2, 281, 444, 150, 114, 1, 6, 1
324, 2, 282, 443, 150, 115, 1, 6, 1
325, 2, 282, 443, 154, 115, 1, 6, 1
326, 2, 287, 443, 150, 116, 1, 6, 1
327, 2, 290, 443, 150, 116, 1, 6, 1
328, 2, 289, 442, 154, 117, 1, 6, 1
329, 2, 292, 443, 152, 116, 1, 6, 1
330, 2, 293, 442, 155, 116, 1, 6, 1
331, 2, 293, 442, 158, 116, 1, 6, 1
332, 2, 297, 442, 157, 118, 1, 6, 1
333, 2, 297, 441, 159, 119, 1, 6, 1
334, 2, 300, 441, 158, 119, 1, 6, 1
335, 2, 303, 441, 156, 119, 1, 6, 1
336, 2, 304, 441, 158, 119, 1, 6, 1
337, 2, 306, 441, 157, 119, 1, 6, 1
338, 2, 306, 440, 159, 119, 1, 6, 1
339, 2, 307, 441, 160, 120, 1, 6, 1
340, 2, 309, 440, 159, 121, 1, 6, 1
341, 2, 310, 440, 160, 121, 1, 6, 1
342, 2, 312, 439, 158, 122, 1, 6, 1
343, 2, 313, 439, 156, 122, 1, 6, 1
344, 2, 316, 438, 153, 124, 1, 6, 1
345, 2, 317, 438, 151, 124, 1, 6, 1
346, 2, 318, 437, 151, 126, 1, 6, 1
347, 2, 320, 437, 147, 125, 1, 6, 1
348, 2, 321, 437, 147, 126, 1, 6, 1
349, 2, 325, 437, 145, 126, 1, 6, 1
350, 2, 327, 436, 151, 127, 1, 6, 1
351, 2, 328, 436, 152, 126, 1, 6, 1
352, 2, 329, 436, 159, 127, 1, 6, 1
353, 2, 333, 435, 161, 128, 1, 6, 1
354, 2, 334, 435, 166, 128, 1, 6, 1
355, 2, 335, 435, 168, 127, 1, 6, 1
356, 2, 336, 434, 169, 128, 1, 6, 1
357, 2, 337, 434, 172, 127, 1, 6, 1
358, 2, 340, 434, 172, 128, 1, 6, 1
359, 2, 341, 434, 172, 128, 1, 6, 1
360, 2, 342, 434, 171, 129, 1, 6, 1
361, 2, 344, 433, 170, 130, 1, 6, 1
362, 2, 345, 433, 173, 130, 1, 6, 1
363, 2, 347, 432, 172, 131, 1, 6, 1
364, 2, 349, 432, 171, 132, 1, 6, 1
365, 2, 350, 432, 170, 132, 1, 6, 1
366, 2, 350, 432, 173, 133, 1, 6, 1
367, 2, 353, 431, 171, 134, 1, 6, 1
368, 2, 356, 430, 170, 136, 1, 6, 1
369, 2, 357, 430, 169, 136, 1, 6, 1
370, 2, 358, 429, 169, 137, 1, 6, 1
371, 2, 359, 429, 169, 138, 1, 6, 1
372, 2, 360, 429, 168, 138, 1, 6, 1
373, 2, 362, 429, 168, 138, 1, 6, 1
374, 2, 365, 429, 165, 138, 1, 6, 1
375, 2, 366, 429, 166, 139, 1, 6, 1
376, 2, 366, 429, 167, 140, 1, 6, 1
377, 2, 367, 428, 167, 141, 1, 6, 1
378, 2, 368, 428, 167, 141, 1, 6, 1
379, 2, 369, 428, 166, 142, 1, 6, 1
380, 2, 371, 428, 164, 141, 1, 6, 1
381, 2, 373, 428, 166, 142, 1, 6, 1
382, 2, 373, 428, 167, 142, 1, 6, 1
383, 2, 376, 428, 165, 143, 1, 6, 1
384, 2, 376, 428, 166, 142, 1, 6, 1
385, 2, 378, 428, 164, 143, 1, 6, 1
386, 2, 379, 428, 164, 143, 1, 6, 1
387, 2, 379, 428, 164, 143, 1, 6, 1
388, 2, 380, 428, 165, 143, 1, 6, 1
389, 2, 381, 428, 164, 144, 1, 6, 1
390, 2, 381, 427, 164, 146, 1, 6, 1
391, 2, 382, 427, 163, 146, 1, 6, 1
392, 2, 385, 426, 160, 147, 1, 6, 1
393, 2, 386, 426, 162, 147, 1, 6, 1
394, 2, 387, 426, 162, 147, 1, 6, 1
395, 2, 387, 426, 161, 147, 1, 6, 1
396, 2, 387, 426, 163, 148, 1, 6, 1
397, 2, 388, 425, 162, 149, 1, 6, 1
398, 2, 388, 426, 163, 149, 1, 6, 1
399, 2, 390, 425, 162, 150, 1, 6, 1
400, 2, 389, 425, 163, 149, 1, 6, 1
401, 2, 391, 425, 162, 150, 1, 6, 1
402, 2, 392, 424, 161, 151, 1, 6, 1
403, 2, 392, 424, 161, 151, 1, 6, 1
404, 2, 393, 424, 161, 152, 1, 6, 1
405, 2, 394, 424, 159, 152, 1, 6, 1
406, 2, 394, 423, 160, 154, 1, 6, 1
407, 2, 395, 424, 159, 153, 1, 6, 1
408, 2, 396, 423, 158, 155, 1, 6, 1
409, 2, 396, 423, 157, 156, 1, 6, 1
410, 2, 396, 423, 158, 156, 1, 6, 1
411, 2, 396, 423, 156, 156, 1, 6, 1
412, 2, 396, 423, 157, 157, 1, 6, 1
413, 2, 397, 422, 156, 159, 1, 6, 1
414, 2, 397, 422, 155, 159, 1, 6, 1
415, 2, 399, 421, 152, 160, 1, 6, 1
416, 2, 400, 421, 152, 161, 1, 6, 1
417, 2, 400, 421, 151, 161, 1, 6, 1
418, 2, 401, 421, 148, 163, 1, 6, 1
419, 2, 401, 421, 147, 164, 1, 6, 1
420, 2, 401, 420, 147, 164, 1, 6, 1
421, 2, 403, 420, 146, 167, 1, 6, 1
422, 2, 404, 420, 143, 167, 1, 6, 1
423, 2, 404, 420, 142, 169, 1, 6, 1
424, 2, 405, 419, 141, 170, 1, 6, 1
425, 2, 403, 419, 142, 170, 1, 6, 1
426, 2, 402, 418, 141, 170, 1, 6, 1
427, 2, 401, 418, 143, 169, 1, 6, 1
428, 2, 401, 418, 143, 169, 1, 6, 1
429, 2, 399, 418, 142, 169, 1, 6, 1
430, 2, 397, 417, 143, 171, 1, 6, 1
431, 2, 394, 416, 145, 172, 1, 6, 1
432, 2, 394, 416, 145, 170, 1, 6, 1
433, 2, 391, 415, 148, 174, 1, 6, 1
434, 2, 390, 415, 148, 174, 1, 6, 1
435, 2, 388, 414, 148, 176, 1, 6, 1
436, 2, 387, 414, 149, 176, 1, 6, 1
437, 2, 385, 414, 151, 176, 1, 6, 1
438, 2, 382, 414, 152, 177, 1, 6, 1
439, 2, 381, 413, 154, 178, 1, 6, 1
440, 2, 379, 414, 155, 175, 1, 6, 1
441, 2, 378, 413, 156, 178, 1, 6, 1
442, 2, 376, 412, 157, 178, 1, 6, 1
443, 2, 373, 412, 159, 178, 1, 6, 1
444, 2, 371, 412, 158, 177, 1, 6, 1
445, 2, 369, 412, 159, 178, 1, 6, 1
446, 2, 367, 412, 159, 179, 1, 6, 1
447, 2, 365, 411, 159, 181, 1, 6, 1
448, 2, 363, 410, 160, 183, 1, 6, 1
449, 2, 360, 409, 160, 185, 1, 6, 1
450, 2, 359, 410, 161, 182, 1, 6, 1
451, 2, 357, 409, 163, 185, 1, 6, 1
452, 2, 355, 409, 162, 185, 1, 6, 1
453, 2, 351, 409, 166, 187, 1, 6, 1
454, 2, 350, 409, 165, 187, 1, 6, 1
455, 2, 347, 409, 167, 187, 1, 6, 1
456, 2, 345, 408, 169, 189, 1, 6, 1
457, 2, 343, 408, 172, 189, 1, 6, 1
458, 2, 341, 408, 173, 189, 1, 6, 1
459, 2, 339, 407, 175, 191, 1, 6, 1
460, 2, 338, 407, 178, 189, 1, 6, 1
461, 2, 336, 407, 179, 191, 1, 6, 1
462, 2, 335, 407, 179, 191, 1, 6, 1
463, 2, 332, 407, 183, 191, 1, 6, 1
464, 2, 331, 406, 184, 192, 1, 6, 1
465, 2, 328, 406, 186, 193, 1, 6, 1
466, 2, 326, 406, 189, 192, 1, 6, 1
467, 2, 325, 405, 190, 194, 1, 6, 1
468, 2, 324, 405, 191, 193, 1, 6, 1
469, 2, 322, 404, 194, 195, 1, 6, 1
470, 2, 320, 404, 194, 195, 1, 6, 1
471, 2, 320, 404, 195, 195, 1, 6, 1
472, 2, 318, 403, 197, 197, 1, 6, 1
473, 2, 317, 403, 200, 197, 1, 6, 1
474, 2, 315, 402, 202, 198, 1, 6, 1
475, 2, 313, 402, 204, 198, 1, 6, 1
476, 2, 312, 402, 205, 198, 1, 6, 1
477, 2, 311, 402, 207, 197, 1, 6, 1
478, 2, 310, 402, 208, 198, 1, 6, 1
479, 2, 311, 402, 208, 196, 1, 6, 1
480, 2, 309, 402, 209, 197, 1, 6, 1
481, 2, 309, 402, 209, 196, 1, 6, 1
482, 2, 309, 401, 208, 197, 1, 6, 1
483, 2, 308, 402, 209, 196, 1, 6, 1
484, 2, 308, 402, 208, 196, 1, 6, 1
485, 2, 307, 401, 209, 196, 1, 6, 1
486, 2, 308, 401, 207, 198, 1, 6, 1
487, 2, 307, 402, 210, 197, 1, 6, 1
488, 2, 307, 402, 209, 196, 1, 6, 1
489, 2, 307, 402, 210, 196, 1, 6, 1
490, 2, 306, 402, 209, 195, 1, 6, 1
491, 2, 313, 402, 203, 196, 1, 6, 1
492, 2, 306, 402, 208, 195, 1, 6, 1
493, 2, 306, 402, 210, 196, 1, 6, 1
494, 2, 307, 402, 208, 196, 1, 6, 1
495, 2, 305, 402, 211, 196, 1, 6, 1
496, 2, 305, 402, 212, 197, 1, 6, 1
497, 2, 306, 402, 210, 197, 1, 6, 1
498, 2, 306, 402, 209, 197, 1, 6, 1
499, 2, 305, 402, 211, 195, 1, 6, 1
500, 2, 305, 403, 210, 195, 1, 6, 1
501, 2, 307, 402, 210, 196, 1, 6, 1
502, 2, 305, 402, 210, 197, 1, 6, 1
503, 2, 306, 402, 211, 197, 1, 6, 1
504, 2, 307, 401, 209, 198, 1, 6, 1
505, 2, 307, 402, 208, 196, 1, 6, 1
506, 2, 307, 401, 209, 198, 1, 6, 1
507, 2, 306, 402, 209, 196, 1, 6, 1
508, 2, 306, 402, 208, 195, 1, 6, 1
509, 2, 307, 402, 207, 196, 1, 6, 1
510, 2, 306, 402, 208, 196, 1, 6, 1
511, 2, 306, 401, 209, 197, 1, 6, 1
512, 2, 306, 401, 210, 197, 1, 6, 1
513, 2, 306, 402, 210, 196, 1, 6, 1
514, 2, 307, 401, 209, 197, 1, 6, 1
515, 2, 306, 401, 210, 197, 1, 6, 1
516, 2, 307, 400, 209, 198, 1, 6, 1
517, 2, 307, 400, 209, 197, 1, 6, 1
518, 2, 307, 401, 210, 195, 1, 6, 1
519, 2, 306, 399, 211, 198, 1, 6, 1
520, 2, 306, 400, 211, 196, 1, 6, 1
521, 2, 307, 400, 210, 196, 1, 6, 1
522, 2, 308, 400, 208, 196, 1, 6, 1
523, 2, 306, 400, 211, 197, 1, 6, 1
524, 2, 306, 400, 211, 196, 1, 6, 1
525, 2, 306, 400, 211, 196, 1, 6, 1
526, 2, 307, 400, 211, 196, 1, 6, 1
527, 2, 307, 399, 211, 197, 1, 6, 1
528, 2, 308, 400, 208, 194, 1, 6, 1
529, 2, 307, 400, 211, 196, 1, 6, 1
530, 2, 307, 400, 211, 195, 1, 6, 1
531, 2, 308, 400, 209, 196, 1, 6, 1
532, 2, 308, 400, 210, 195, 1, 6, 1
533, 2, 307, 399, 210, 197, 1, 6, 1
534, 2, 308, 399, 209, 197, 1, 6, 1
535, 2, 307, 399, 211, 196, 1, 6, 1
536, 2, 308, 398, 209, 196, 1, 6, 1
537, 2, 308, 398, 209, 197, 1, 6, 1
538, 2, 307, 398, 210, 198, 1, 6, 1
539, 2, 309, 398, 210, 196, 1, 6, 1
540, 2, 309, 398, 211, 196, 1, 6, 1
541, 2, 308, 398, 211, 196, 1, 6, 1
542, 2, 308, 398, 209, 196, 1, 6, 1
543, 2, 308, 398, 210, 196, 1, 6, 1
544, 2, 309, 398, 210, 194, 1, 6, 1
545, 2, 308, 397, 210, 196, 1, 6, 1
546, 2, 307, 397, 211, 196, 1, 6, 1
547, 2, 308, 397, 209, 198, 1, 6, 1
548, 2, 309, 396, 209, 197, 1, 6, 1
549, 2, 308, 396, 210, 198, 1, 6, 1
550, 2, 307, 396, 211, 196, 1, 6, 1
551, 2, 307, 396, 213, 197, 1, 6, 1
552, 2, 308, 396, 212, 196, 1, 6, 1
553, 2, 309, 396, 210, 197, 1, 6, 1
554, 2, 309, 396, 209, 196, 1, 6, 1
555, 2, 308, 396, 210, 196, 1, 6, 1
556, 2, 308, 395, 210, 198, 1, 6, 1
557, 2, 308, 394, 210, 198, 1, 6, 1
558, 2, 308, 394, 209, 197, 1, 6, 1
559, 2, 308, 394, 210, 197, 1, 6, 1
560, 2, 308, 394, 211, 198, 1, 6, 1
561, 2, 308, 394, 210, 197, 1, 6, 1
562, 2, 308, 394, 209, 198, 1, 6, 1
563, 2, 312, 394, 206, 198, 1, 6, 1
564, 2, 311, 394, 208, 198, 1, 6, 1
565, 2, 309, 394, 209, 197, 1, 6, 1
566, 2, 307, 394, 212, 198, 1, 6, 1
567, 2, 307, 394, 213, 197, 1, 6, 1
568, 2, 306, 394, 213, 196, 1, 6, 1
569, 2, 307, 394, 211, 197, 1, 6, 1
570, 2, 306, 394, 213, 196, 1, 6, 1
571, 2, 307, 393, 213, 197, 1, 6, 1
572, 2, 304, 393, 215, 197, 1, 6, 1
573, 2, 305, 394, 216, 196, 1, 6, 1
574, 2, 302, 394, 218, 196, 1, 6, 1
575, 2, 301, 393, 218, 197, 1, 6, 1
576, 2, 300, 394, 219, 197, 1, 6, 1
577, 2, 297, 393, 223, 197, 1, 6, 1
578, 2, 296, 393, 224, 197, 1, 6, 1
579, 2, 298, 393, 221, 197, 1, 6, 1
580, 2, 294, 393, 225, 198, 1, 6, 1
581, 2, 293, 392, 224, 198, 1, 6, 1
582, 2, 290, 392, 228, 197, 1, 6, 1
583, 2, 290, 391, 228, 200, 1, 6, 1
584, 2, 287, 390, 231, 201, 1, 6, 1
585, 2, 285, 390, 233, 199, 1, 6, 1
586, 2, 282, 389, 235, 198, 1, 6, 1
587, 2, 281, 388, 237, 201, 1, 6, 1
588, 2, 279, 387, 238, 201, 1, 6, 1
589, 2, 276, 387, 241, 198, 1, 6, 1
590, 2, 276, 385, 242, 200, 1, 6, 1
591, 2, 274, 385, 244, 200, 1, 6, 1
592, 2, 272, 384, 248, 201, 1, 6, 1
593, 2, 268, 384, 249, 201, 1, 6, 1
594, 2, 266, 384, 254, 200, 1, 6, 1
595, 2, 263, 383, 257, 204, 1, 6, 1
596, 2, 260, 381, 262, 205, 1, 6, 1
597, 2, 260, 381, 260, 205, 1, 6, 1
598, 2, 258, 381, 265, 204, 1, 6, 1
599, 2, 258, 380, 264, 206, 1, 6, 1
600, 2, 254, 379, 265, 206, 1, 6, 1
601, 2, 250, 379, 270, 205, 1, 6, 1
602, 2, 247, 379, 272, 206, 1, 6, 1
603, 2, 238, 379, 281, 206, 1, 6, 1
604, 2, 233, 378, 286, 206, 1, 6, 1
605, 2, 231, 378, 288, 206, 1, 6, 1
606, 2, 228, 378, 291, 206, 1, 6, 1
607, 2, 227, 378, 292, 206, 1, 6, 1
608, 2, 227, 377, 289, 207, 1, 6, 1
609, 2, 226, 377, 291, 208, 1, 6, 1
610, 2, 227, 377, 287, 209, 1, 6, 1
611, 2, 224, 377, 290, 208, 1, 6, 1
612, 2, 217, 376, 296, 209, 1, 6, 1
613, 2, 214, 377, 298, 209, 1, 6, 1
614, 2, 211, 376, 303, 210, 1, 6, 1
615, 2, 210, 376, 305, 210, 1, 6, 1
616, 2, 209, 376, 304, 210, 1, 6, 1
617, 2, 207, 376, 305, 209, 1, 6, 1
618, 2, 206, 376, 306, 210, 1, 6, 1
619, 2, 206, 377, 304, 209, 1, 6, 1
620, 2, 203, 377, 308, 208, 1, 6, 1
621, 2, 198, 377, 310, 208, 1, 6, 1
622, 2, 202, 377, 306, 209, 1, 6, 1
623, 2, 201, 378, 309, 208, 1, 6, 1
624, 2, 190, 378, 318, 207, 1, 6, 1
625, 2, 186, 378, 323, 209, 1, 6, 1
626, 2, 183, 378, 326, 208, 1, 6, 1
627, 2, 180, 377, 330, 209, 1, 6, 1
628, 2, 174, 378, 336, 208, 1, 6, 1
629, 2, 173, 378, 336, 209, 1, 6, 1
630, 2, 167, 378, 344, 208, 1, 6, 1
631, 2, 169, 377, 340, 209, 1, 6, 1
632, 2, 168, 378, 338, 209, 1, 6, 1
633, 2, 161, 378, 345, 210, 1, 6, 1
634, 2, 162, 378, 344, 210, 1, 6, 1
635, 2, 159, 378, 347, 210, 1, 6, 1
636, 2, 158, 378, 347, 210, 1, 6, 1
637, 2, 156, 378, 348, 209, 1, 6, 1
638, 2, 152, 377, 352, 210, 1, 6, 1
639, 2, 148, 377, 355, 210, 1, 6, 1
640, 2, 151, 377, 353, 210, 1, 6, 1
641, 2, 144, 377, 359, 210, 1, 6, 1
642, 2, 143, 377, 360, 211, 1, 6, 1
643, 2, 140, 377, 362, 211, 1, 6, 1
644, 2, 139, 376, 364, 213, 1, 6, 1
645, 2, 138, 376, 364, 212, 1, 6, 1
646, 2, 135, 376, 365, 213, 1, 6, 1
647, 2, 132, 376, 370, 212, 1, 6, 1
648, 2, 128, 376, 375, 213, 1, 6, 1
649, 2, 123, 376, 378, 213, 1, 6, 1
650, 2, 123, 375, 375, 215, 1, 6, 1
651, 2, 119, 375, 380, 213, 1, 6, 1
652, 2, 115, 375, 377, 213, 1, 6, 1
653, 2, 113, 375, 374, 213, 1, 6, 1
654, 2, 108, 375, 365, 213, 1, 6, 1
655, 2, 106, 375, 361, 212, 1, 6, 1
656, 2, 100, 375, 364, 213, 1, 6, 1
657, 2, 98, 374, 365, 213, 1, 6, 1
658, 2, 95, 374, 364, 214, 1, 6, 1
659, 2, 97, 373, 363, 214, 1, 6, 1
660, 2, 89, 374, 371, 213, 1, 6, 1
661, 2, 91, 373, 370, 214, 1, 6, 1
662, 2, 85, 374, 375, 213, 1, 6, 1
663, 2, 85, 373, 374, 215, 1, 6, 1
664, 2, 77, 372, 383, 216, 1, 6, 1
665, 2, 75, 372, 386, 216, 1, 6, 1
666, 2, 70, 372, 392, 215, 1, 6, 1
667, 2, 62, 372, 398, 215, 1, 6, 1
668, 2, 60, 371, 399, 217, 1, 6, 1
669, 2, 53, 371, 407, 217, 1, 6, 1
670, 2, 50, 371, 407, 217, 1, 6, 1
671, 2, 49, 371, 409, 216, 1, 6, 1
672, 2, 47, 371, 411, 216, 1, 6, 1
673, 2, 46, 370, 412, 217, 1, 6, 1
674, 2, 45, 370, 411, 218, 1, 6, 1
675, 2, 43, 369, 413, 219, 1, 6, 1
676, 2, 40, 370, 415, 217, 1, 6, 1
677, 2, 43, 369, 412, 217, 1, 6, 1
678, 2, 40, 369, 415, 218, 1, 6, 1
679, 2, 35, 369, 419, 219, 1, 6, 1
680, 2, 40, 369, 416, 218, 1, 6, 1
681, 2, 21, 367, 434, 221, 1, 6, 1
682, 2, 18, 367, 436, 220, 1, 6, 1
683, 2, 20, 367, 434, 219, 1, 6, 1
684, 2, 15, 367, 438, 221, 1, 6, 1
685, 2, 12, 367, 441, 220, 1, 6, 1
686, 2, 13, 367, 440, 221, 1, 6, 1
687, 2, 31, 366, 424, 220, 1, 6, 1
688, 2, 20, 366, 436, 221, 1, 6, 1
689, 2, 29, 366, 426, 220, 1, 6, 1
690, 2, 37, 365, 418, 221, 1, 6, 1
691, 2, 34, 365, 422, 221, 1, 6, 1
692, 2, 31, 364, 421, 222, 1, 6, 1
693, 2, 17, 365, 438, 222, 1, 6, 1
694, 2, 15, 364, 440, 223, 1, 6, 1
695, 2, 13, 364, 442, 222, 1, 6, 1
696, 2, 14, 364, 440, 223, 1, 6, 1
697, 2, 12, 364, 442, 222, 1, 6, 1
698, 2, 11, 364, 443, 222, 1, 6, 1
699, 2, 9, 364, 446, 222, 1, 6, 1
700, 2, 6, 364, 449, 222, 1, 6, 1
701, 2, 6, 364, 448, 222, 1, 6, 1
702, 2, 5, 364, 452, 222, 1, 6, 1
703, 2, 6, 364, 450, 221, 1, 6, 1
704, 2, 4, 364, 452, 222, 1, 6, 1
705, 2, 5, 364, 452, 221, 1, 6, 1
706, 2, 4, 364, 453, 220, 1, 6, 1
707, 2, 4, 364, 454, 221, 1, 6, 1
708, 2, 4, 364, 453, 221, 1, 6, 1
709, 2, 4, 364, 453, 221, 1, 6, 1
710, 2, 4, 364, 454, 222, 1, 6, 1
711, 2, 3, 364, 454, 221, 1, 6, 1
712, 2, 4, 364, 453, 221, 1, 6, 1
713, 2, 3, 364, 455, 223, 1, 6, 1
714, 2, 4, 364, 453, 222, 1, 6, 1
715, 2, 3, 364, 454, 222, 1, 6, 1
716, 2, 3, 364, 454, 222, 1, 6, 1
717, 2, 2, 364, 457, 221, 1, 6, 1
718, 2, 5, 364, 453, 222, 1, 6, 1
719, 2, 3, 364, 455, 221, 1, 6, 1
720, 2, 4, 364, 454, 222, 1, 6, 1
721, 2, 3, 364, 454, 222, 1, 6, 1
722, 2, 4, 364, 453, 222, 1, 6, 1
723, 2, 5, 364, 452, 222, 1, 6, 1
724, 2, 6, 363, 451, 221, 1, 6, 1
725, 2, 3, 363, 456, 223, 1, 6, 1
726, 2, 3, 363, 457, 224, 1, 6, 1
727, 2, 4, 363, 456, 224, 1, 6, 1
728, 2, 4, 362, 457, 226, 1, 6, 1
729, 2, 4, 362, 456, 226, 1, 6, 1
730, 2, 3, 361, 457, 228, 1, 6, 1
731, 2, 4, 361, 454, 227, 1, 6, 1
732, 2, 4, 362, 455, 228, 1, 6, 1
733, 2, 4, 362, 456, 226, 1, 6, 1
734, 2, 4, 361, 456, 228, 1, 6, 1
735, 2, 3, 361, 458, 228, 1, 6, 1
736, 2, 3, 361, 456, 228, 1, 6, 1
737, 2, 5, 361, 454, 228, 1, 6, 1
738, 2, 6, 361, 453, 228, 1, 6, 1
739, 2, 3, 360, 456, 228, 1, 6, 1
740, 2, 4, 361, 455, 226, 1, 6, 1
741, 2, 4, 361, 454, 228, 1, 6, 1
742, 2, 4, 361, 454, 228, 1, 6, 1
743, 2, 3, 361, 456, 228, 1, 6, 1
744, 2, 3, 361, 456, 225, 1, 6, 1
745, 2, 3, 361, 457, 225, 1, 6, 1
746, 2, 4, 361, 456, 226, 1, 6, 1
747, 2, 4, 361, 456, 227, 1, 6, 1
748, 2, 4, 361, 456, 228, 1, 6, 1
749, 2, 5, 361, 456, 227, 1, 6, 1
750, 2, 3, 361, 459, 228, 1, 6, 1
751, 2, 4, 361, 458, 229, 1, 6, 1
752, 2, 4, 361, 458, 229, 1, 6, 1
753, 2, 3, 361, 457, 228, 1, 6, 1
754, 2, 5, 361, 459, 229, 1, 6, 1
755, 2, 5, 361, 458, 229, 1, 6, 1
756, 2, 5, 361, 457, 229, 1, 6, 1
757, 2, 5, 361, 459, 230, 1, 6, 1
758, 2, 4, 362, 459, 228, 1, 6, 1
759, 2, 4, 362, 461, 230, 1, 6, 1
760, 2, 5, 362, 460, 229, 1, 6, 1
761, 2, 5, 362, 460, 229, 1, 6, 1
762, 2, 4, 362, 459, 230, 1, 6, 1
763, 2, 5, 362, 458, 230, 1, 6, 1
764, 2, 4, 362, 458, 229, 1, 6, 1
765, 2, 5, 362, 457, 231, 1, 6, 1
766, 2, 5, 363, 455, 229, 1, 6, 1
767, 2, 5, 363, 456, 229, 1, 6, 1
768, 2, 4, 363, 457, 229, 1, 6, 1
769, 2, 5, 363, 455, 230, 1, 6, 1
770, 2, 4, 363, 458, 230, 1, 6, 1
771, 2, 5, 363, 455, 230, 1, 6, 1
772, 2, 4, 363, 458, 231, 1, 6, 1
773, 2, 4, 363, 454, 231, 1, 6, 1
774, 2, 4, 363, 454, 231, 1, 6, 1
775, 2, 4, 364, 454, 230, 1, 6, 1
776, 2, 4, 364, 455, 229, 1, 6, 1
777, 2, 6, 364, 453, 231, 1, 6, 1
778, 2, 4, 364, 456, 231, 1, 6, 1
779, 2, 3, 365, 456, 229, 1, 6, 1
780, 2, 3, 365, 455, 230, 1, 6, 1
781, 2, 4, 365, 455, 229, 1, 6, 1
782, 2, 4, 365, 453, 229, 1, 6, 1
783, 2, 4, 365, 453, 229, 1, 6, 1
784, 2, 3, 365, 456, 230, 1, 6, 1
785, 2, 3, 365, 455, 230, 1, 6, 1
786, 2, 3, 365, 455, 230, 1, 6, 1
787, 2, 3, 365, 457, 231, 1, 6, 1
788, 2, 3, 365, 455, 231, 1, 6, 1
789, 2, 3, 365, 454, 231, 1, 6, 1
790, 2, 3, 365, 454, 232, 1, 6, 1
791, 2, 3, 365, 453, 232, 1, 6, 1
792, 2, 1, 365, 454, 233, 1, 6, 1
793, 2, 3, 365, 452, 233, 1, 6, 1
794, 2, 2, 365, 455, 232, 1, 6, 1
795, 2, 3, 365, 452, 232, 1, 6, 1
796, 2, 2, 365, 452, 232, 1, 6, 1
797, 2, 3, 365, 449, 233, 1, 6, 1
798, 2, 2, 365, 452, 233, 1, 6, 1
799, 2, 2, 365, 451, 231, 1, 6, 1
800, 2, 3, 364, 449, 233, 1, 6, 1