1, 1, 451, 383, 570, 324, 1, 5, 1
2, 1, 453, 385, 573, 320, 1, 5, 1
3, 1, 452, 385, 568, 319, 1, 5, 1
4, 1, 455, 386, 567, 318, 1, 5, 1
5, 1, 451, 385, 568, 321, 1, 5, 1
6, 1, 452, 387, 571, 319, 1, 5, 1
7, 1, 452, 386, 568, 321, 1, 5, 1
8, 1, 453, 387, 570, 323, 1, 5, 1
9, 1, 452, 388, 566, 321, 1, 5, 1
10, 1, 452, 388, 569, 318, 1, 5, 1
11, 1, 449, 388, 568, 322, 1, 5, 1
12, 1, 451, 387, 567, 323, 1, 5, 1
13, 1, 451, 387, 568, 320, 1, 5, 1
14, 1, 452, 386, 567, 320, 1, 5, 1
15, 1, 450, 386, 568, 322, 1, 5, 1
16, 1, 451, 387, 568, 322, 1, 5, 1
17, 1, 451, 387, 569, 322, 1, 5, 1
18, 1, 451, 386, 568, 323, 1, 5, 1
19, 1, 449, 389, 567, 320, 1, 5, 1
20, 1, 452, 388, 567, 320, 1, 5, 1
21, 1, 449, 388, 569, 318, 1, 5, 1
22, 1, 451, 387, 569, 321, 1, 5, 1
23, 1, 449, 388, 569, 320, 1, 5, 1
24, 1, 451, 387, 568, 321, 1, 5, 1
25, 1, 450, 388, 567, 321, 1, 5, 1
26, 1, 452, 389, 566, 324, 1, 5, 1
27, 1, 447, 388, 569, 325, 1, 5, 1
28, 1, 449, 389, 570, 322, 1, 5, 1
29, 1, 447, 389, 568, 317, 1, 5, 1
30, 1, 451, 390, 567, 321, 1, 5, 1
31, 1, 448, 390, 570, 326, 1, 5, 1
32, 1, 451, 388, 568, 329, 1, 5, 1
33, 1, 450, 388, 565, 325, 1, 5, 1
34, 1, 452, 387, 566, 322, 1, 5, 1
35, 1, 447, 389, 570, 318, 1, 5, 1
36, 1, 449, 389, 568, 320, 1, 5, 1
37, 1, 447, 391, 568, 323, 1, 5, 1
38, 1, 451, 393, 567, 326, 1, 5, 1
39, 1, 446, 389, 568, 328, 1, 5, 1
40, 1, 450, 388, 567, 324, 1, 5, 1
41, 1, 447, 387, 568, 323, 1, 5, 1
42, 1, 450, 388, 565, 324, 1, 5, 1
43, 1, 447, 388, 566, 325, 1, 5, 1
44, 1, 448, 392, 568, 325, 1, 5, 1
45, 1, 447, 390, 566, 326, 1, 5, 1
46, 1, 447, 392, 569, 324, 1, 5, 1
47, 1, 447, 390, 565, 326, 1, 5, 1
48, 1, 447, 396, 568, 319, 1, 5, 1
49, 1, 447, 395, 567, 325, 1, 5, 1
50, 1, 449, 397, 567, 323, 1, 5, 1
51, 1, 443, 394, 571, 323, 1, 5, 1
52, 1, 445, 394, 567, 322, 1, 5, 1
53, 1, 446, 394, 566, 320, 1, 5, 1
54, 1, 447, 394, 568, 323, 1, 5, 1
55, 1, 444, 397, 569, 320, 1, 5, 1
56, 1, 447, 399, 567, 321, 1, 5, 1
57, 1, 445, 398, 568, 323, 1, 5, 1
58, 1, 448, 393, 567, 325, 1, 5, 1
59, 1, 445, 394, 568, 319, 1, 5, 1
60, 1, 445, 394, 567, 320, 1, 5, 1
61, 1, 444, 398, 570, 321, 1, 5, 1
62, 1, 448, 397, 567, 320, 1, 5, 1
63, 1, 444, 394, 569, 324, 1, 5, 1
64, 1, 447, 394, 565, 323, 1, 5, 1
65, 1, 446, 392, 567, 325, 1, 5, 1
66, 1, 446, 394, 567, 321, 1, 5, 1
67, 1, 446, 394, 567, 322, 1, 5, 1
68, 1, 449, 399, 565, 317, 1, 5, 1
69, 1, 447, 393, 568, 321, 1, 5, 1
70, 1, 448, 394, 566, 321, 1, 5, 1
71, 1, 445, 395, 566, 322, 1, 5, 1
72, 1, 447, 395, 567, 319, 1, 5, 1
73, 1, 447, 395, 567, 320, 1, 5, 1
74, 1, 446, 391, 565, 324, 1, 5, 1
75, 1, 446, 394, 567, 322, 1, 5, 1
76, 1, 446, 394, 569, 322, 1, 5, 1
77, 1, 447, 395, 567, 320, 1, 5, 1
78, 1, 447, 396, 567, 321, 1, 5, 1
79, 1, 445, 392, 567, 325, 1, 5, 1
80, 1, 447, 393, 567, 323, 1, 5, 1
81, 1, 448, 393, 565, 323, 1, 5, 1
82, 1, 448, 393, 565, 323, 1, 5, 1
83, 1, 447, 394, 568, 322, 1, 5, 1
84, 1, 447, 394, 567, 323, 1, 5, 1
85, 1, 447, 393, 568, 321, 1, 5, 1
86, 1, 447, 393, 568, 324, 1, 5, 1
87, 1, 447, 394, 568, 321, 1, 5, 1
88, 1, 448, 393, 566, 321, 1, 5, 1
89, 1, 448, 392, 566, 322, 1, 5, 1
90, 1, 447, 393, 569, 323, 1, 5, 1
91, 1, 448, 393, 566, 322, 1, 5, 1
92, 1, 449, 393, 568, 321, 1, 5, 1
93, 1, 447, 392, 566, 323, 1, 5, 1
94, 1, 448, 393, 570, 323, 1, 5, 1
95, 1, 448, 391, 569, 323, 1, 5, 1
96, 1, 449, 389, 566, 320, 1, 5, 1
97, 1, 450, 389, 565, 317, 1, 5, 1
98, 1, 451, 394, 570, 317, 1, 5, 1
99, 1, 451, 400, 567, 319, 1, 5, 1
100, 1, 453, 396, 565, 327, 1, 5, 1
101, 1, 451, 388, 566, 326, 1, 5, 1
102, 1, 451, 387, 566, 316, 1, 5, 1
103, 1, 453, 388, 567, 314, 1, 5, 1
104, 1, 452, 394, 569, 312, 1, 5, 1
105, 1, 451, 399, 567, 316, 1, 5, 1
106, 1, 452, 396, 568, 323, 1, 5, 1
107, 1, 451, 390, 568, 322, 1, 5, 1
108, 1, 450, 388, 569, 321, 1, 5, 1
109, 1, 453, 378, 566, 320, 1, 5, 1
110, 1, 453, 384, 569, 315, 1, 5, 1
111, 1, 452, 388, 569, 318, 1, 5, 1
112, 1, 452, 399, 570, 312, 1, 5, 1
113, 1, 451, 393, 569, 326, 1, 5, 1
114, 1, 452, 385, 569, 330, 1, 5, 1
115, 1, 452, 373, 567, 329, 1, 5, 1
116, 1, 452, 382, 568, 313, 1, 5, 1
117, 1, 453, 387, 569, 314, 1, 5, 1
118, 1, 450, 397, 572, 312, 1, 5, 1
119, 1, 450, 393, 568, 318, 1, 5, 1
120, 1, 453, 388, 568, 318, 1, 5, 1
121, 1, 454, 379, 566, 324, 1, 5, 1
122, 1, 454, 379, 567, 324, 1, 5, 1
123, 1, 452, 381, 566, 315, 1, 5, 1
124, 1, 451, 384, 569, 314, 1, 5, 1
125, 1, 454, 388, 567, 314, 1, 5, 1
126, 1, 453, 388, 570, 321, 1, 5, 1
127, 1, 450, 382, 568, 319, 1, 5, 1
128, 1, 450, 375, 570, 320, 1, 5, 1
129, 1, 452, 386, 567, 312, 1, 5, 1
130, 1, 452, 392, 570, 314, 1, 5, 1
131, 1, 450, 391, 571, 315, 1, 5, 1
132, 1, 453, 386, 567, 321, 1, 5, 1
133, 1, 449, 382, 568, 318, 1, 5, 1
134, 1, 454, 383, 568, 317, 1, 5, 1
135, 1, 452, 386, 569, 314, 1, 5, 1
136, 1, 452, 386, 570, 320, 1, 5, 1
137, 1, 451, 387, 569, 320, 1, 5, 1
138, 1, 453, 386, 568, 319, 1, 5, 1
139, 1, 453, 385, 569, 318, 1, 5, 1
140, 1, 454, 387, 568, 320, 1, 5, 1
141, 1, 453, 386, 567, 320, 1, 5, 1
142, 1, 452, 380, 565, 320, 1, 5, 1
143, 1, 453, 384, 568, 318, 1, 5, 1
144, 1, 452, 385, 569, 322, 1, 5, 1
145, 1, 452, 386, 570, 323, 1, 5, 1
146, 1, 450, 379, 567, 321, 1, 5, 1
147, 1, 452, 383, 568, 316, 1, 5, 1
148, 1, 452, 389, 569, 316, 1, 5, 1
149, 1, 454, 396, 570, 316, 1, 5, 1
150, 1, 452, 387, 568, 323, 1, 5, 1
151, 1, 453, 385, 566, 324, 1, 5, 1
152, 1, 450, 386, 573, 320, 1, 5, 1
153, 1, 453, 387, 569, 312, 1, 5, 1
154, 1, 451, 389, 571, 313, 1, 5, 1
155, 1, 451, 393, 566, 315, 1, 5, 1
156, 1, 449, 396, 568, 318, 1, 5, 1
157, 1, 451, 390, 568, 317, 1, 5, 1
158, 1, 453, 386, 566, 316, 1, 5, 1
159, 1, 454, 375, 565, 331, 1, 5, 1
160, 1, 452, 386, 567, 316, 1, 5, 1
161, 1, 452, 386, 566, 319, 1, 5, 1
162, 1, 451, 391, 567, 320, 1, 5, 1
163, 1, 449, 392, 570, 320, 1, 5, 1
164, 1, 449, 392, 568, 318, 1, 5, 1
165, 1, 448, 391, 568, 322, 1, 5, 1
166, 1, 450, 391, 569, 323, 1, 5, 1
167, 1, 451, 391, 568, 318, 1, 5, 1
168, 1, 450, 392, 568, 322, 1, 5, 1
169, 1, 448, 386, 568, 316, 1, 5, 1
170, 1, 450, 390, 569, 310, 1, 5, 1
171, 1, 452, 391, 567, 318, 1, 5, 1
172, 1, 451, 395, 566, 317, 1, 5, 1
173, 1, 446, 392, 570, 323, 1, 5, 1
174, 1, 446, 390, 571, 325, 1, 5, 1
175, 1, 449, 387, 569, 326, 1, 5, 1
176, 1, 450, 387, 568, 323, 1, 5, 1
177, 1, 451, 390, 566, 317, 1, 5, 1
178, 1, 450, 394, 567, 314, 1, 5, 1
179, 1, 449, 399, 569, 312, 1, 5, 1
180, 1, 450, 396, 566, 318, 1, 5, 1
181, 1, 448, 393, 569, 318, 1, 5, 1
182, 1, 449, 390, 569, 319, 1, 5, 1
183, 1, 450, 390, 567, 319, 1, 5, 1
184, 1, 450, 392, 567, 316, 1, 5, 1
185, 1, 451, 396, 566, 316, 1, 5, 1
186, 1, 450, 394, 565, 319, 1, 5, 1
187, 1, 449, 390, 566, 320, 1, 5, 1
188, 1, 450, 392, 570, 317, 1, 5, 1
189, 1, 449, 401, 570, 308, 1, 5, 1
190, 1, 450, 405, 567, 312, 1, 5, 1
191, 1, 451, 401, 567, 314, 1, 5, 1
192, 1, 449, 393, 569, 323, 1, 5, 1
193, 1, 450, 393, 569, 316, 1, 5, 1
194, 1, 448, 393, 570, 317, 1, 5, 1
195, 1, 450, 395, 567, 315, 1, 5, 1
196, 1, 450, 397, 568, 314, 1, 5, 1
197, 1, 448, 400, 569, 314, 1, 5, 1
198, 1, 447, 403, 570, 314, 1, 5, 1
199, 1, 450, 401, 568, 316, 1, 5, 1
200, 1, 448, 397, 566, 318, 1, 5, 1
201, 1, 449, 390, 566, 320, 1, 5, 1
202, 1, 447, 389, 569, 324, 1, 5, 1
203, 1, 448, 391, 567, 320, 1, 5, 1
204, 1, 447, 393, 569, 318, 1, 5, 1
205, 1, 447, 394, 565, 322, 1, 5, 1
206, 1, 445, 392, 568, 323, 1, 5, 1
207, 1, 446, 392, 566, 324, 1, 5, 1
208, 1, 447, 393, 567, 323, 1, 5, 1
209, 1, 447, 394, 566, 320, 1, 5, 1
210, 1, 446, 393, 569, 322, 1, 5, 1
211, 1, 446, 391, 569, 323, 1, 5, 1
212, 1, 446, 392, 571, 323, 1, 5, 1
213, 1, 449, 395, 568, 320, 1, 5, 1
214, 1, 446, 392, 569, 322, 1, 5, 1
215, 1, 447, 392, 572, 323, 1, 5, 1
216, 1, 447, 396, 570, 317, 1, 5, 1
217, 1, 449, 399, 570, 317, 1, 5, 1
218, 1, 449, 400, 568, 318, 1, 5, 1
219, 1, 446, 392, 570, 323, 1, 5, 1
220, 1, 447, 393, 570, 319, 1, 5, 1
221, 1, 447, 394, 570, 320, 1, 5, 1
222, 1, 450, 400, 569, 318, 1, 5, 1
223, 1, 450, 401, 568, 318, 1, 5, 1
224, 1, 451, 401, 569, 324, 1, 5, 1
225, 1, 451, 396, 567, 330, 1, 5, 1
226, 1, 449, 392, 568, 329, 1, 5, 1
227, 1, 448, 390, 569, 323, 1, 5, 1
228, 1, 449, 390, 567, 320, 1, 5, 1
229, 1, 450, 389, 569, 318, 1, 5, 1
230, 1, 448, 390, 570, 317, 1, 5, 1
231, 1, 446, 394, 572, 322, 1, 5, 1
232, 1, 449, 393, 569, 324, 1, 5, 1
233, 1, 449, 388, 569, 328, 1, 5, 1
234, 1, 451, 378, 565, 326, 1, 5, 1
235, 1, 451, 377, 565, 313, 1, 5, 1
236, 1, 449, 389, 568, 301, 1, 5, 1
237, 1, 448, 391, 568, 311, 1, 5, 1
238, 1, 448, 402, 568, 309, 1, 5, 1
239, 1, 447, 389, 568, 322, 1, 5, 1
240, 1, 446, 389, 570, 321, 1, 5, 1
241, 1, 447, 390, 568, 320, 1, 5, 1
242, 1, 448, 402, 568, 306, 1, 5, 1
243, 1, 447, 411, 571, 297, 1, 5, 1
244, 1, 447, 415, 570, 295, 1, 5, 1
245, 1, 450, 423, 565, 297, 1, 5, 1
246, 1, 451, 423, 563, 299, 1, 5, 1
247, 1, 450, 424, 565, 298, 1, 5, 1
248, 1, 451, 426, 564, 298, 1, 5, 1
249, 1, 450, 427, 567, 299, 1, 5, 1
250, 1, 451, 420, 564, 306, 1, 5, 1
251, 1, 448, 402, 570, 318, 1, 5, 1
252, 1, 450, 407, 566, 310, 1, 5, 1
253, 1, 450, 406, 569, 322, 1, 5, 1
254, 1, 453, 405, 563, 327, 1, 5, 1
255, 1, 452, 404, 570, 325, 1, 5, 1
256, 1, 452, 400, 571, 328, 1, 5, 1
257, 1, 454, 397, 568, 334, 1, 5, 1
258, 1, 453, 397, 569, 335, 1, 5, 1
259, 1, 453, 392, 569, 333, 1, 5, 1
260, 1, 454, 389, 568, 340, 1, 5, 1
261, 1, 453, 386, 564, 341, 1, 5, 1
262, 1, 453, 387, 567, 338, 1, 5, 1
263, 1, 452, 380, 570, 343, 1, 5, 1
264, 1, 451, 376, 570, 345, 1, 5, 1
265, 1, 451, 369, 571, 346, 1, 5, 1
266, 1, 452, 362, 567, 352, 1, 5, 1
267, 1, 453, 362, 568, 340, 1, 5, 1
268, 1, 452, 363, 570, 341, 1, 5, 1
269, 1, 452, 363, 572, 339, 1, 5, 1
270, 1, 452, 364, 571, 341, 1, 5, 1
271, 1, 451, 364, 571, 338, 1, 5, 1
272, 1, 452, 361, 570, 328, 1, 5, 1
273, 1, 451, 359, 570, 329, 1, 5, 1
274, 1, 451, 360, 570, 322, 1, 5, 1
275, 1, 451, 361, 567, 317, 1, 5, 1
276, 1, 451, 363, 565, 320, 1, 5, 1
277, 1, 452, 365, 567, 314, 1, 5, 1
278, 1, 451, 366, 567, 315, 1, 5, 1
279, 1, 452, 370, 570, 317, 1, 5, 1
280, 1, 451, 370, 568, 313, 1, 5, 1
281, 1, 453, 369, 568, 313, 1, 5, 1
282, 1, 452, 369, 568, 314, 1, 5, 1
283, 1, 450, 374, 569, 305, 1, 5, 1
284, 1, 450, 378, 569, 307, 1, 5, 1
285, 1, 452, 384, 566, 306, 1, 5, 1
286, 1, 450, 382, 567, 307, 1, 5, 1
287, 1, 452, 384, 568, 307, 1, 5, 1
288, 1, 451, 382, 566, 309, 1, 5, 1
289, 1, 449, 388, 567, 303, 1, 5, 1
290, 1, 449, 402, 570, 295, 1, 5, 1
291, 1, 451, 407, 569, 296, 1, 5, 1
292, 1, 449, 406, 570, 301, 1, 5, 1
293, 1, 453, 407, 567, 301, 1, 5, 1
294, 1, 449, 407, 568, 300, 1, 5, 1
295, 1, 453, 414, 568, 297, 1, 5, 1
296, 1, 455, 417, 564, 301, 1, 5, 1
297, 1, 455, 420, 565, 304, 1, 5, 1
298, 1, 456, 418, 565, 310, 1, 5, 1
299, 1, 458, 415, 564, 314, 1, 5, 1
300, 1, 455, 414, 565, 317, 1, 5, 1
301, 1, 460, 408, 562, 319, 1, 5, 1
302, 1, 454, 405, 566, 323, 1, 5, 1
303, 1, 458, 402, 562, 323, 1, 5, 1
304, 1, 456, 403, 564, 322, 1, 5, 1
305, 1, 460, 402, 562, 327, 1, 5, 1
306, 1, 457, 401, 565, 331, 1, 5, 1
307, 1, 462, 395, 564, 338, 1, 5, 1
308, 1, 455, 391, 566, 336, 1, 5, 1
309, 1, 460, 390, 564, 337, 1, 5, 1
310, 1, 457, 390, 565, 339, 1, 5, 1
311, 1, 462, 388, 562, 339, 1, 5, 1
312, 1, 458, 385, 563, 343, 1, 5, 1
313, 1, 459, 383, 564, 339, 1, 5, 1
314, 1, 454, 380, 565, 337, 1, 5, 1
315, 1, 459, 384, 563, 336, 1, 5, 1
316, 1, 455, 385, 567, 332, 1, 5, 1
317, 1, 457, 382, 565, 337, 1, 5, 1
318, 1, 457, 373, 566, 344, 1, 5, 1
319, 1, 458, 366, 567, 345, 1, 5, 1
320, 1, 458, 362, 565, 348, 1, 5, 1
321, 1, 459, 361, 565, 344, 1, 5, 1
322, 1, 457, 360, 563, 340, 1, 5, 1
323, 1, 460, 364, 562, 336, 1, 5, 1
324, 1, 458, 363, 564, 340, 1, 5, 1
325, 1, 459, 364, 564, 337, 1, 5, 1
326, 1, 460, 362, 562, 334, 1, 5, 1
327, 1, 459, 358, 566, 331, 1, 5, 1
328, 1, 456, 358, 566, 326, 1, 5, 1
329, 1, 458, 361, 567, 319, 1, 5, 1
330, 1, 458, 368, 567, 315, 1, 5, 1
331, 1, 459, 375, 562, 313, 1, 5, 1
332, 1, 461, 385, 567, 310, 1, 5, 1
333, 1, 459, 383, 563, 310, 1, 5, 1
334, 1, 459, 384, 563, 307, 1, 5, 1
335, 1, 460, 386, 563, 309, 1, 5, 1
336, 1, 458, 389, 564, 306, 1, 5, 1
337, 1, 456, 392, 570, 309, 1, 5, 1
338, 1, 457, 395, 566, 308, 1, 5, 1
339, 1, 457, 401, 568, 307, 1, 5, 1
340, 1, 458, 404, 565, 307, 1, 5, 1
341, 1, 457, 412, 572, 301, 1, 5, 1
342, 1, 462, 418, 567, 303, 1, 5, 1
343, 1, 462, 419, 565, 306, 1, 5, 1
344, 1, 461, 413, 569, 308, 1, 5, 1
345, 1, 460, 414, 569, 307, 1, 5, 1
346, 1, 461, 414, 566, 310, 1, 5, 1
347, 1, 462, 419, 560, 309, 1, 5, 1
348, 1, 461, 430, 565, 305, 1, 5, 1
349, 1, 461, 428, 567, 312, 1, 5, 1
350, 1, 462, 427, 566, 313, 1, 5, 1
351, 1, 460, 416, 569, 317, 1, 5, 1
352, 1, 461, 414, 570, 318, 1, 5, 1
353, 1, 461, 420, 567, 318, 1, 5, 1
354, 1, 462, 418, 569, 323, 1, 5, 1
355, 1, 461, 411, 570, 329, 1, 5, 1
356, 1, 461, 410, 570, 332, 1, 5, 1
357, 1, 461, 414, 571, 328, 1, 5, 1
358, 1, 463, 415, 571, 329, 1, 5, 1
359, 1, 462, 403, 573, 348, 1, 5, 1
360, 1, 465, 398, 565, 341, 1, 5, 1
361, 1, 464, 388, 566, 350, 1, 5, 1
362, 1, 466, 388, 565, 349, 1, 5, 1
363, 1, 464, 389, 566, 343, 1, 5, 1
364, 1, 466, 385, 564, 348, 1, 5, 1
365, 1, 464, 383, 566, 346, 1, 5, 1
366, 1, 464, 375, 566, 346, 1, 5, 1
367, 1, 465, 374, 565, 347, 1, 5, 1
368, 1, 464, 376, 566, 343, 1, 5, 1
369, 1, 465, 371, 565, 347, 1, 5, 1
370, 1, 464, 371, 566, 347, 1, 5, 1
371, 1, 463, 363, 567, 343, 1, 5, 1
372, 1, 464, 367, 565, 336, 1, 5, 1
373, 1, 465, 371, 565, 332, 1, 5, 1
374, 1, 464, 374, 566, 330, 1, 5, 1
375, 1, 464, 370, 567, 331, 1, 5, 1
376, 1, 465, 369, 564, 331, 1, 5, 1
377, 1, 464, 368, 564, 329, 1, 5, 1
378, 1, 466, 370, 562, 328, 1, 5, 1
379, 1, 463, 367, 563, 327, 1, 5, 1
380, 1, 465, 368, 563, 323, 1, 5, 1
381, 1, 462, 380, 564, 315, 1, 5, 1
382, 1, 460, 385, 568, 309, 1, 5, 1
383, 1, 461, 386, 566, 307, 1, 5, 1
384, 1, 459, 390, 569, 306, 1, 5, 1
385, 1, 457, 391, 567, 305, 1, 5, 1
386, 1, 460, 395, 565, 303, 1, 5, 1
387, 1, 457, 400, 567, 303, 1, 5, 1
388, 1, 455, 400, 569, 304, 1, 5, 1
389, 1, 458, 409, 569, 298, 1, 5, 1
390, 1, 458, 413, 567, 299, 1, 5, 1
391, 1, 455, 415, 570, 297, 1, 5, 1
392, 1, 460, 422, 564, 293, 1, 5, 1
393, 1, 456, 419, 566, 296, 1, 5, 1
394, 1, 460, 425, 564, 299, 1, 5, 1
395, 1, 461, 426, 564, 304, 1, 5, 1
396, 1, 459, 421, 561, 308, 1, 5, 1
397, 1, 458, 426, 563, 304, 1, 5, 1
398, 1, 457, 431, 565, 304, 1, 5, 1
399, 1, 458, 431, 568, 312, 1, 5, 1
400, 1, 461, 430, 566, 315, 1, 5, 1
401, 1, 456, 423, 564, 318, 1, 5, 1
402, 1, 457, 415, 564, 320, 1, 5, 1
403, 1, 461, 420, 563, 318, 1, 5, 1
404, 1, 459, 421, 563, 318, 1, 5, 1
405, 1, 460, 417, 562, 322, 1, 5, 1
406, 1, 462, 414, 560, 328, 1, 5, 1
407, 1, 456, 411, 563, 328, 1, 5, 1
408, 1, 461, 398, 561, 341, 1, 5, 1
409, 1, 464, 395, 559, 343, 1, 5, 1
410, 1, 458, 394, 563, 338, 1, 5, 1
411, 1, 460, 382, 563, 346, 1, 5, 1
412, 1, 459, 386, 563, 345, 1, 5, 1
413, 1, 457, 383, 562, 343, 1, 5, 1
414, 1, 458, 385, 565, 340, 1, 5, 1
415, 1, 454, 377, 566, 339, 1, 5, 1
416, 1, 455, 365, 566, 346, 1, 5, 1
417, 1, 459, 368, 562, 344, 1, 5, 1
418, 1, 455, 369, 562, 344, 1, 5, 1
419, 1, 455, 361, 560, 346, 1, 5, 1
420, 1, 458, 362, 561, 343, 1, 5, 1
421, 1, 454, 363, 562, 336, 1, 5, 1
422, 1, 455, 364, 562, 336, 1, 5, 1
423, 1, 456, 359, 563, 335, 1, 5, 1
424, 1, 452, 357, 561, 326, 1, 5, 1
425, 1, 452, 354, 562, 327, 1, 5, 1
426, 1, 453, 359, 564, 321, 1, 5, 1
427, 1, 451, 361, 560, 319, 1, 5, 1
428, 1, 455, 366, 561, 318, 1, 5, 1
429, 1, 451, 364, 563, 318, 1, 5, 1
430, 1, 451, 367, 562, 312, 1, 5, 1
431, 1, 454, 371, 561, 307, 1, 5, 1
432, 1, 452, 379, 555, 302, 1, 5, 1
433, 1, 449, 376, 559, 303, 1, 5, 1
434, 1, 453, 385, 560, 303, 1, 5, 1
435, 1, 443, 389, 565, 304, 1, 5, 1
436, 1, 447, 386, 563, 303, 1, 5, 1
437, 1, 449, 387, 565, 311, 1, 5, 1
438, 1, 442, 388, 568, 307, 1, 5, 1
439, 1, 449, 391, 561, 309, 1, 5, 1
440, 1, 448, 401, 564, 305, 1, 5, 1
441, 1, 444, 390, 563, 311, 1, 5, 1
442, 1, 447, 391, 563, 309, 1, 5, 1
443, 1, 447, 396, 563, 306, 1, 5, 1
444, 1, 441, 400, 566, 305, 1, 5, 1
445, 1, 449, 408, 564, 307, 1, 5, 1
446, 1, 440, 404, 566, 308, 1, 5, 1
447, 1, 442, 402, 566, 312, 1, 5, 1
448, 1, 449, 407, 563, 307, 1, 5, 1
449, 1, 444, 405, 564, 311, 1, 5, 1
450, 1, 446, 411, 561, 311, 1, 5, 1
451, 1, 451, 421, 563, 307, 1, 5, 1
452, 1, 451, 423, 561, 314, 1, 5, 1
453, 1, 451, 408, 564, 325, 1, 5, 1
454, 1, 452, 400, 564, 326, 1, 5, 1
455, 1, 447, 403, 564, 318, 1, 5, 1
456, 1, 456, 405, 563, 327, 1, 5, 1
457, 1, 454, 409, 562, 324, 1, 5, 1
458, 1, 448, 399, 564, 329, 1, 5, 1
459, 1, 451, 398, 560, 328, 1, 5, 1
460, 1, 451, 398, 563, 323, 1, 5, 1
461, 1, 450, 396, 561, 323, 1, 5, 1
462, 1, 456, 409, 562, 317, 1, 5, 1
463, 1, 449, 401, 557, 330, 1, 5, 1
464, 1, 450, 394, 562, 336, 1, 5, 1
465, 1, 453, 385, 564, 343, 1, 5, 1
466, 1, 450, 369, 562, 341, 1, 5, 1
467, 1, 449, 372, 564, 334, 1, 5, 1
468, 1, 454, 374, 564, 333, 1, 5, 1
469, 1, 447, 370, 560, 330, 1, 5, 1
470, 1, 454, 384, 565, 332, 1, 5, 1
471, 1, 450, 368, 564, 339, 1, 5, 1
472, 1, 451, 360, 562, 336, 1, 5, 1
473, 1, 451, 364, 563, 317, 1, 5, 1
474, 1, 453, 374, 564, 311, 1, 5, 1
475, 1, 446, 385, 563, 314, 1, 5, 1
476, 1, 455, 390, 566, 313, 1, 5, 1
477, 1, 445, 384, 563, 315, 1, 5, 1
478, 1, 453, 386, 564, 317, 1, 5, 1
479, 1, 451, 389, 564, 310, 1, 5, 1
480, 1, 451, 391, 565, 306, 1, 5, 1
481, 1, 447, 387, 563, 312, 1, 5, 1
482, 1, 455, 394, 565, 314, 1, 5, 1
483, 1, 443, 381, 564, 317, 1, 5, 1
484, 1, 454, 387, 563, 311, 1, 5, 1
485, 1, 449, 389, 564, 312, 1, 5, 1
486, 1, 451, 392, 564, 311, 1, 5, 1
487, 1, 445, 398, 565, 309, 1, 5, 1
488, 1, 453, 391, 562, 308, 1, 5, 1
489, 1, 444, 385, 562, 309, 1, 5, 1
490, 1, 453, 399, 569, 297, 1, 5, 1
491, 1, 442, 400, 564, 301, 1, 5, 1
492, 1, 451, 413, 565, 294, 1, 5, 1
493, 1, 446, 410, 566, 297, 1, 5, 1
494, 1, 449, 412, 563, 298, 1, 5, 1
495, 1, 449, 416, 563, 294, 1, 5, 1
496, 1, 451, 419, 567, 295, 1, 5, 1
497, 1, 445, 424, 562, 298, 1, 5, 1
498, 1, 450, 424, 561, 303, 1, 5, 1
499, 1, 452, 428, 563, 298, 1, 5, 1
500, 1, 452, 428, 558, 305, 1, 5, 1
501, 1, 451, 430, 566, 306, 1, 5, 1
502, 1, 453, 433, 564, 318, 1, 5, 1
503, 1, 449, 418, 560, 324, 1, 5, 1
504, 1, 455, 423, 561, 318, 1, 5, 1
505, 1, 450, 424, 564, 313, 1, 5, 1
506, 1, 451, 421, 562, 315, 1, 5, 1
507, 1, 450, 434, 566, 319, 1, 5, 1
508, 1, 452, 426, 562, 322, 1, 5, 1
509, 1, 450, 411, 564, 332, 1, 5, 1
510, 1, 456, 417, 566, 331, 1, 5, 1
511, 1, 448, 403, 561, 334, 1, 5, 1
512, 1, 452, 411, 566, 335, 1, 5, 1
513, 1, 452, 413, 566, 325, 1, 5, 1
514, 1, 452, 405, 567, 337, 1, 5, 1
515, 1, 452, 403, 565, 342, 1, 5, 1
516, 1, 451, 377, 569, 346, 1, 5, 1
517, 1, 445, 389, 564, 337, 1, 5, 1
518, 1, 454, 392, 569, 332, 1, 5, 1
519, 1, 452, 393, 560, 336, 1, 5, 1
520, 1, 452, 405, 562, 327, 1, 5, 1
521, 1, 449, 390, 563, 330, 1, 5, 1
522, 1, 457, 413, 565, 322, 1, 5, 1
523, 1, 447, 399, 563, 329, 1, 5, 1
524, 1, 457, 394, 565, 329, 1, 5, 1
525, 1, 450, 394, 562, 328, 1, 5, 1
526, 1, 452, 390, 567, 328, 1, 5, 1
527, 1, 453, 388, 559, 337, 1, 5, 1
528, 1, 458, 376, 562, 332, 1, 5, 1
529, 1, 446, 374, 561, 319, 1, 5, 1
530, 1, 451, 397, 569, 308, 1, 5, 1
531, 1, 433, 395, 568, 311, 1, 5, 1
532, 1, 450, 407, 563, 313, 1, 5, 1
533, 1, 438, 397, 567, 311, 1, 5, 1
534, 1, 434, 393, 570, 313, 1, 5, 1
535, 1, 424, 401, 570, 309, 1, 5, 1
536, 1, 437, 401, 571, 303, 1, 5, 1
537, 1, 427, 407, 563, 313, 1, 5, 1
538, 1, 428, 406, 568, 312, 1, 5, 1
539, 1, 416, 396, 566, 314, 1, 5, 1
540, 1, 423, 404, 567, 309, 1, 5, 1
541, 1, 413, 408, 568, 303, 1, 5, 1
542, 1, 420, 421, 561, 303, 1, 5, 1
543, 1, 405, 411, 565, 302, 1, 5, 1
544, 1, 420, 417, 562, 308, 1, 5, 1
545, 1, 404, 416, 561, 309, 1, 5, 1
546, 1, 405, 408, 565, 309, 1, 5, 1
547, 1, 396, 415, 560, 312, 1, 5, 1
548, 1, 400, 415, 563, 305, 1, 5, 1
549, 1, 393, 424, 559, 305, 1, 5, 1
550, 1, 397, 439, 563, 302, 1, 5, 1
551, 1, 373, 413, 563, 308, 1, 5, 1
552, 1, 395, 434, 565, 302, 1, 5, 1
553, 1, 372, 426, 563, 302, 1, 5, 1
554, 1, 381, 413, 564, 311, 1, 5, 1
555, 1, 370, 435, 568, 305, 1, 5, 1
556, 1, 371, 429, 566, 307, 1, 5, 1
557, 1, 361, 430, 567, 322, 1, 5, 1
558, 1, 369, 424, 567, 318, 1, 5, 1
559, 1, 352, 407, 568, 328, 1, 5, 1
560, 1, 364, 428, 568, 316, 1, 5, 1
561, 1, 351, 411, 564, 318, 1, 5, 1
562, 1, 351, 423, 567, 315, 1, 5, 1
563, 1, 349, 429, 571, 317, 1, 5, 1
564, 1, 347, 419, 571, 330, 1, 5, 1
565, 1, 330, 406, 563, 329, 1, 5, 1
566, 1, 351, 403, 565, 321, 1, 5, 1
567, 1, 337, 416, 565, 325, 1, 5, 1
568, 1, 338, 413, 562, 324, 1, 5, 1
569, 1, 329, 398, 562, 334, 1, 5, 1
570, 1, 329, 410, 562, 326, 1, 5, 1
571, 1, 324, 408, 565, 325, 1, 5, 1
572, 1, 334, 411, 562, 337, 1, 5, 1
573, 1, 315, 393, 562, 337, 1, 5, 1
574, 1, 321, 392, 564, 332, 1, 5, 1
575, 1, 321, 409, 566, 334, 1, 5, 1
576, 1, 309, 387, 562, 341, 1, 5, 1
577, 1, 308, 389, 566, 339, 1, 5, 1
578, 1, 314, 390, 563, 327, 1, 5, 1
579, 1, 302, 384, 566, 331, 1, 5, 1
580, 1, 307, 392, 564, 327, 1, 5, 1
581, 1, 300, 372, 563, 328, 1, 5, 1
582, 1, 296, 387, 569, 323, 1, 5, 1
583, 1, 303, 393, 567, 323, 1, 5, 1
584, 1, 298, 381, 565, 322, 1, 5, 1
585, 1, 295, 388, 563, 313, 1, 5, 1
586, 1, 296, 389, 563, 304, 1, 5, 1
587, 1, 294, 406, 567, 308, 1, 5, 1
588, 1, 285, 403, 568, 314, 1, 5, 1
589, 1, 290, 394, 563, 325, 1, 5, 1
590, 1, 293, 405, 564, 321, 1, 5, 1
591, 1, 284, 392, 567, 327, 1, 5, 1
592, 1, 287, 403, 564, 319, 1, 5, 1
593, 1, 281, 407, 567, 312, 1, 5, 1
594, 1, 283, 411, 563, 309, 1, 5, 1
595, 1, 290, 430, 563, 310, 1, 5, 1
596, 1, 278, 407, 563, 321, 1, 5, 1
597, 1, 282, 402, 560, 328, 1, 5, 1
598, 1, 282, 405, 562, 323, 1, 5, 1
599, 1, 277, 400, 565, 321, 1, 5, 1
600, 1, 281, 406, 562, 318, 1, 5, 1
601, 1, 273, 398, 568, 320, 1, 5, 1
602, 1, 270, 403, 567, 318, 1, 5, 1
603, 1, 273, 407, 568, 314, 1, 5, 1
604, 1, 274, 404, 568, 316, 1, 5, 1
605, 1, 272, 410, 563, 316, 1, 5, 1
606, 1, 269, 400, 567, 317, 1, 5, 1
607, 1, 268, 409, 568, 307, 1, 5, 1
608, 1, 266, 420, 565, 303, 1, 5, 1
609, 1, 273, 422, 566, 310, 1, 5, 1
610, 1, 269, 423, 566, 313, 1, 5, 1
611, 1, 265, 412, 566, 313, 1, 5, 1
612, 1, 267, 426, 568, 306, 1, 5, 1
613, 1, 272, 438, 565, 309, 1, 5, 1
614, 1, 269, 435, 561, 316, 1, 5, 1
615, 1, 266, 431, 560, 321, 1, 5, 1
616, 1, 263, 424, 562, 322, 1, 5, 1
617, 1, 270, 430, 561, 321, 1, 5, 1
618, 1, 268, 433, 565, 322, 1, 5, 1
619, 1, 264, 425, 568, 328, 1, 5, 1
620, 1, 267, 425, 563, 331, 1, 5, 1
621, 1, 270, 415, 564, 342, 1, 5, 1
622, 1, 261, 407, 565, 344, 1, 5, 1
623, 1, 270, 408, 564, 338, 1, 5, 1
624, 1, 272, 408, 560, 342, 1, 5, 1
625, 1, 267, 395, 563, 348, 1, 5, 1
626, 1, 266, 382, 565, 339, 1, 5, 1
627, 1, 266, 384, 564, 331, 1, 5, 1
628, 1, 263, 392, 567, 325, 1, 5, 1
629, 1, 268, 394, 564, 332, 1, 5, 1
630, 1, 265, 392, 564, 332, 1, 5, 1
631, 1, 269, 386, 564, 330, 1, 5, 1
632, 1, 271, 391, 566, 323, 1, 5, 1
633, 1, 263, 389, 562, 319, 1, 5, 1
634, 1, 265, 395, 564, 315, 1, 5, 1
635, 1, 271, 415, 567, 313, 1, 5, 1
636, 1, 267, 409, 566, 317, 1, 5, 1
637, 1, 270, 392, 562, 327, 1, 5, 1
638, 1, 271, 393, 564, 312, 1, 5, 1
639, 1, 260, 402, 564, 305, 1, 5, 1
640, 1, 271, 416, 561, 306, 1, 5, 1
641, 1, 264, 411, 565, 309, 1, 5, 1
642, 1, 265, 406, 566, 309, 1, 5, 1
643, 1, 266, 410, 567, 307, 1, 5, 1
644, 1, 266, 416, 567, 304, 1, 5, 1
645, 1, 264, 418, 563, 302, 1, 5, 1
646, 1, 270, 431, 562, 297, 1, 5, 1
647, 1, 258, 431, 566, 297, 1, 5, 1
648, 1, 272, 436, 562, 303, 1, 5, 1
649, 1, 266, 438, 565, 302, 1, 5, 1
650, 1, 265, 438, 563, 302, 1, 5, 1
651, 1, 271, 448, 565, 300, 1, 5, 1
652, 1, 269, 448, 564, 300, 1, 5, 1
653, 1, 257, 439, 568, 306, 1, 5, 1
654, 1, 268, 453, 563, 307, 1, 5, 1
655, 1, 264, 448, 562, 312, 1, 5, 1
656, 1, 262, 442, 566, 318, 1, 5, 1
657, 1, 267, 434, 563, 317, 1, 5, 1
658, 1, 260, 430, 565, 309, 1, 5, 1
659, 1, 264, 447, 566, 301, 1, 5, 1
660, 1, 270, 459, 559, 303, 1, 5, 1
661, 1, 263, 461, 562, 309, 1, 5, 1
662, 1, 263, 450, 562, 317, 1, 5, 1
663, 1, 267, 427, 561, 336, 1, 5, 1
664, 1, 261, 417, 566, 343, 1, 5, 1
665, 1, 265, 421, 564, 332, 1, 5, 1
666, 1, 259, 428, 568, 320, 1, 5, 1
667, 1, 258, 432, 564, 319, 1, 5, 1
668, 1, 263, 440, 566, 319, 1, 5, 1
669, 1, 268, 446, 562, 322, 1, 5, 1
670, 1, 262, 428, 562, 339, 1, 5, 1
671, 1, 262, 406, 564, 355, 1, 5, 1
672, 1, 261, 430, 564, 331, 1, 5, 1
673, 1, 268, 437, 557, 329, 1, 5, 1
674, 1, 264, 430, 559, 338, 1, 5, 1
675, 1, 261, 408, 564, 352, 1, 5, 1
676, 1, 260, 401, 566, 352, 1, 5, 1
677, 1, 264, 413, 561, 347, 1, 5, 1
678, 1, 258, 398, 562, 346, 1, 5, 1
679, 1, 260, 402, 563, 346, 1, 5, 1
680, 1, 256, 397, 568, 338, 1, 5, 1
681, 1, 256, 387, 565, 346, 1, 5, 1
682, 1, 255, 386, 566, 334, 1, 5, 1
683, 1, 254, 391, 565, 312, 1, 5, 1
684, 1, 253, 419, 560, 306, 1, 5, 1
685, 1, 260, 426, 563, 310, 1, 5, 1
686, 1, 255, 409, 562, 334, 1, 5, 1
687, 1, 253, 401, 562, 332, 1, 5, 1
688, 1, 245, 385, 569, 317, 1, 5, 1
689, 1, 257, 410, 572, 307, 1, 5, 1
690, 1, 254, 420, 560, 306, 1, 5, 1
691, 1, 253, 408, 557, 316, 1, 5, 1
692, 1, 244, 416, 571, 303, 1, 5, 1
693, 1, 256, 404, 563, 311, 1, 5, 1
694, 1, 253, 419, 557, 303, 1, 5, 1
695, 1, 253, 426, 557, 303, 1, 5, 1
696, 1, 244, 411, 563, 308, 1, 5, 1
697, 1, 252, 432, 561, 297, 1, 5, 1
698, 1, 250, 437, 556, 300, 1, 5, 1
699, 1, 259, 447, 556, 316, 1, 5, 1
700, 1, 254, 443, 560, 313, 1, 5, 1
701, 1, 251, 431, 562, 324, 1, 5, 1
702, 1, 247, 428, 564, 318, 1, 5, 1
703, 1, 249, 416, 565, 320, 1, 5, 1
704, 1, 248, 424, 564, 317, 1, 5, 1
705, 1, 255, 430, 564, 324, 1, 5, 1
706, 1, 247, 427, 567, 321, 1, 5, 1
707, 1, 250, 424, 567, 314, 1, 5, 1
708, 1, 251, 415, 558, 303, 1, 5, 1
709, 1, 267, 429, 548, 310, 1, 5, 1
710, 1, 221, 439, 593, 307, 1, 5, 1
711, 1, 223, 428, 595, 329, 1, 5, 1
712, 1, 257, 414, 561, 339, 1, 5, 1
713, 1, 256, 397, 560, 340, 1, 5, 1
714, 1, 256, 398, 559, 337, 1, 5, 1
715, 1, 258, 396, 561, 327, 1, 5, 1
716, 1, 257, 395, 561, 325, 1, 5, 1
717, 1, 259, 404, 565, 327, 1, 5, 1
718, 1, 256, 393, 561, 328, 1, 5, 1
719, 1, 256, 394, 563, 322, 1, 5, 1
720, 1, 256, 403, 570, 307, 1, 5, 1
721, 1, 260, 412, 567, 312, 1, 5, 1
722, 1, 262, 431, 568, 309, 1, 5, 1
723, 1, 264, 424, 564, 315, 1, 5, 1
724, 1, 265, 422, 563, 321, 1, 5, 1
725, 1, 263, 420, 567, 323, 1, 5, 1
726, 1, 266, 407, 563, 333, 1, 5, 1
727, 1, 268, 411, 565, 329, 1, 5, 1
728, 1, 273, 414, 566, 326, 1, 5, 1
729, 1, 266, 421, 568, 320, 1, 5, 1
730, 1, 274, 422, 562, 319, 1, 5, 1
731, 1, 278, 425, 565, 316, 1, 5, 1
732, 1, 278, 426, 570, 330, 1, 5, 1
733, 1, 278, 407, 567, 336, 1, 5, 1
734, 1, 281, 402, 566, 332, 1, 5, 1
735, 1, 279, 400, 562, 324, 1, 5, 1
736, 1, 294, 405, 565, 321, 1, 5, 1
737, 1, 296, 401, 558, 332, 1, 5, 1
738, 1, 292, 386, 561, 335, 1, 5, 1
739, 1, 289, 382, 563, 316, 1, 5, 1
740, 1, 295, 396, 568, 301, 1, 5, 1
741, 1, 300, 424, 563, 302, 1, 5, 1
742, 1, 307, 433, 562, 315, 1, 5, 1
743, 1, 300, 411, 561, 336, 1, 5, 1
744, 1, 308, 397, 563, 340, 1, 5, 1
745, 1, 303, 390, 563, 327, 1, 5, 1
746, 1, 312, 404, 559, 315, 1, 5, 1
747, 1, 310, 410, 562, 321, 1, 5, 1
748, 1, 320, 415, 560, 320, 1, 5, 1
749, 1, 313, 421, 561, 320, 1, 5, 1
750, 1, 328, 419, 559, 321, 1, 5, 1
1, 2, 827, 40, 710, 569, 1, 7, 1
2, 2, 834, 38, 706, 571, 1, 7, 1
3, 2, 833, 37, 701, 573, 1, 7, 1
4, 2, 841, 37, 694, 573, 1, 7, 1
5, 2, 847, 36, 687, 576, 1, 7, 1
6, 2, 855, 37, 679, 577, 1, 7, 1
7, 2, 856, 37, 677, 577, 1, 7, 1
8, 2, 866, 36, 670, 580, 1, 7, 1
9, 2, 868, 34, 658, 579, 1, 7, 1
10, 2, 877, 35, 654, 580, 1, 7, 1
11, 2, 886, 35, 641, 578, 1, 7, 1
12, 2, 897, 37, 636, 578, 1, 7, 1
13, 2, 907, 35, 617, 579, 1, 7, 1
14, 2, 919, 32, 609, 584, 1, 7, 1
15, 2, 922, 30, 598, 584, 1, 7, 1
16, 2, 914, 30, 607, 587, 1, 7, 1
17, 2, 938, 31, 579, 586, 1, 7, 1
18, 2, 940, 28, 578, 589, 1, 7, 1
19, 2, 956, 30, 555, 587, 1, 7, 1
20, 2, 967, 30, 546, 587, 1, 7, 1
21, 2, 970, 29, 539, 586, 1, 7, 1
22, 2, 988, 28, 519, 588, 1, 7, 1
23, 2, 997, 27, 507, 591, 1, 7, 1
24, 2, 1008, 26, 495, 592, 1, 7, 1
25, 2, 1028, 27, 469, 590, 1, 7, 1
26, 2, 1036, 23, 462, 596, 1, 7, 1
27, 2, 1039, 26, 453, 594, 1, 7, 1
28, 2, 1050, 23, 445, 595, 1, 7, 1
29, 2, 1067, 26, 419, 588, 1, 7, 1
30, 2, 1081, 30, 405, 587, 1, 7, 1
31, 2, 1087, 31, 398, 591, 1, 7, 1
32, 2, 1102, 29, 382, 592, 1, 7, 1
33, 2, 1114, 21, 363, 597, 1, 7, 1
34, 2, 1125, 26, 355, 588, 1, 7, 1
35, 2, 1122, 33, 365, 581, 1, 7, 1
36, 2, 1124, 39, 368, 578, 1, 7, 1
37, 2, 1122, 36, 371, 586, 1, 7, 1
38, 2, 1125, 36, 373, 587, 1, 7, 1
39, 2, 1124, 41, 366, 580, 1, 7, 1
40, 2, 1123, 48, 370, 572, 1, 7, 1
41, 2, 1125, 45, 364, 571, 1, 7, 1
42, 2, 1124, 50, 372, 568, 1, 7, 1
43, 2, 1122, 59, 376, 564, 1, 7, 1
44, 2, 1125, 64, 372, 559, 1, 7, 1
45, 2, 1126, 65, 365, 559, 1, 7, 1
46, 2, 1128, 67, 363, 559, 1, 7, 1
47, 2, 1127, 72, 368, 553, 1, 7, 1
48, 2, 1129, 80, 365, 550, 1, 7, 1
49, 2, 1129, 86, 366, 543, 1, 7, 1
50, 2, 1130, 91, 366, 539, 1, 7, 1
51, 2, 1126, 98, 370, 528, 1, 7, 1
52, 2, 1128, 106, 371, 519, 1, 7, 1
53, 2, 1126, 114, 371, 510, 1, 7, 1
54, 2, 1127, 121, 366, 501, 1, 7, 1
55, 2, 1126, 125, 370, 500, 1, 7, 1
56, 2, 1129, 127, 369, 499, 1, 7, 1
57, 2, 1127, 136, 371, 489, 1, 7, 1
58, 2, 1127, 136, 372, 484, 1, 7, 1
59, 2, 1121, 139, 380, 481, 1, 7, 1
60, 2, 1123, 139, 382, 483, 1, 7, 1
61, 2, 1124, 164, 384, 461, 1, 7, 1
62, 2, 1124, 170, 388, 456, 1, 7, 1
63, 2, 1125, 173, 390, 451, 1, 7, 1
64, 2, 1128, 183, 399, 439, 1, 7, 1
65, 2, 1124, 188, 408, 431, 1, 7, 1
66, 2, 1125, 196, 408, 422, 1, 7, 1
67, 2, 1126, 208, 413, 414, 1, 7, 1
68, 2, 1127, 210, 418, 413, 1, 7, 1
69, 2, 1123, 211, 429, 409, 1, 7, 1
70, 2, 1122, 216, 434, 402, 1, 7, 1
71, 2, 1125, 226, 428, 394, 1, 7, 1
72, 2, 1126, 236, 432, 385, 1, 7, 1
73, 2, 1125, 242, 439, 377, 1, 7, 1
74, 2, 1123, 245, 434, 374, 1, 7, 1
75, 2, 1123, 254, 431, 366, 1, 7, 1
76, 2, 1122, 267, 430, 352, 1, 7, 1
77, 2, 1124, 270, 420, 347, 1, 7, 1
78, 2, 1126, 275, 413, 347, 1, 7, 1
79, 2, 1126, 280, 391, 343, 1, 7, 1
80, 2, 1125, 290, 392, 329, 1, 7, 1
81, 2, 1127, 297, 387, 323, 1, 7, 1
82, 2, 1124, 302, 387, 318, 1, 7, 1
83, 2, 1122, 307, 392, 312, 1, 7, 1
84, 2, 1125, 315, 393, 302, 1, 7, 1
85, 2, 1122, 318, 388, 300, 1, 7, 1
86, 2, 1127, 323, 380, 297, 1, 7, 1
87, 2, 1125, 328, 382, 290, 1, 7, 1
88, 2, 1126, 327, 378, 291, 1, 7, 1
89, 2, 1124, 331, 387, 286, 1, 7, 1
90, 2, 1123, 337, 389, 281, 1, 7, 1
91, 2, 1124, 335, 383, 283, 1, 7, 1
92, 2, 1124, 337, 384, 280, 1, 7, 1
93, 2, 1124, 339, 380, 279, 1, 7, 1
94, 2, 1124, 341, 385, 276, 1, 7, 1
95, 2, 1126, 340, 386, 279, 1, 7, 1
96, 2, 1125, 338, 389, 275, 1, 7, 1
97, 2, 1121, 340, 386, 269, 1, 7, 1
98, 2, 1126, 347, 387, 270, 1, 7, 1
99, 2, 1126, 349, 387, 275, 1, 7, 1
100, 2, 1126, 345, 393, 283, 1, 7, 1
101, 2, 1123, 336, 395, 283, 1, 7, 1
102, 2, 1124, 331, 392, 278, 1, 7, 1
103, 2, 1124, 334, 394, 274, 1, 7, 1
104, 2, 1127, 345, 394, 271, 1, 7, 1
105, 2, 1124, 349, 400, 273, 1, 7, 1
106, 2, 1125, 346, 396, 277, 1, 7, 1
107, 2, 1123, 339, 400, 279, 1, 7, 1
108, 2, 1122, 330, 401, 283, 1, 7, 1
109, 2, 1125, 330, 399, 273, 1, 7, 1
110, 2, 1123, 334, 400, 275, 1, 7, 1
111, 2, 1124, 343, 401, 273, 1, 7, 1
112, 2, 1128, 349, 397, 272, 1, 7, 1
113, 2, 1127, 344, 398, 278, 1, 7, 1
114, 2, 1127, 327, 396, 292, 1, 7, 1
115, 2, 1122, 323, 398, 282, 1, 7, 1
116, 2, 1124, 327, 398, 276, 1, 7, 1
117, 2, 1124, 340, 401, 269, 1, 7, 1
118, 2, 1122, 345, 402, 273, 1, 7, 1
119, 2, 1121, 344, 403, 275, 1, 7, 1
120, 2, 1125, 337, 403, 278, 1, 7, 1
121, 2, 1122, 325, 400, 283, 1, 7, 1
122, 2, 1124, 326, 399, 281, 1, 7, 1
123, 2, 1122, 328, 398, 274, 1, 7, 1
124, 2, 1118, 332, 406, 273, 1, 7, 1
125, 2, 1123, 334, 402, 274, 1, 7, 1
126, 2, 1127, 334, 400, 281, 1, 7, 1
127, 2, 1123, 328, 399, 277, 1, 7, 1
128, 2, 1121, 325, 404, 273, 1, 7, 1
129, 2, 1121, 335, 403, 272, 1, 7, 1
130, 2, 1124, 342, 404, 274, 1, 7, 1
131, 2, 1125, 341, 401, 276, 1, 7, 1
132, 2, 1122, 331, 401, 283, 1, 7, 1
133, 2, 1121, 327, 397, 277, 1, 7, 1
134, 2, 1123, 327, 400, 280, 1, 7, 1
135, 2, 1122, 334, 404, 274, 1, 7, 1
136, 2, 1123, 336, 404, 277, 1, 7, 1
137, 2, 1121, 334, 405, 279, 1, 7, 1
138, 2, 1120, 332, 404, 278, 1, 7, 1
139, 2, 1124, 330, 402, 280, 1, 7, 1
140, 2, 1126, 330, 402, 284, 1, 7, 1
141, 2, 1123, 330, 406, 280, 1, 7, 1
142, 2, 1119, 327, 408, 280, 1, 7, 1
143, 2, 1120, 332, 413, 276, 1, 7, 1
144, 2, 1122, 334, 412, 276, 1, 7, 1
145, 2, 1120, 333, 414, 279, 1, 7, 1
146, 2, 1117, 326, 414, 278, 1, 7, 1
147, 2, 1120, 331, 415, 274, 1, 7, 1
148, 2, 1120, 340, 417, 274, 1, 7, 1
149, 2, 1122, 345, 418, 275, 1, 7, 1
150, 2, 1118, 336, 421, 281, 1, 7, 1
151, 2, 1118, 328, 415, 287, 1, 7, 1
152, 2, 1112, 327, 423, 281, 1, 7, 1
153, 2, 1118, 335, 423, 272, 1, 7, 1
154, 2, 1115, 335, 423, 277, 1, 7, 1
155, 2, 1112, 344, 429, 278, 1, 7, 1
156, 2, 1114, 346, 423, 276, 1, 7, 1
157, 2, 1110, 338, 431, 281, 1, 7, 1
158, 2, 1114, 329, 425, 284, 1, 7, 1
159, 2, 1114, 325, 428, 284, 1, 7, 1
160, 2, 1113, 327, 428, 282, 1, 7, 1
161, 2, 1115, 331, 426, 281, 1, 7, 1
162, 2, 1116, 341, 426, 277, 1, 7, 1
163, 2, 1114, 343, 426, 277, 1, 7, 1
164, 2, 1111, 343, 431, 275, 1, 7, 1
165, 2, 1113, 337, 427, 280, 1, 7, 1
166, 2, 1115, 339, 430, 278, 1, 7, 1
167, 2, 1115, 339, 426, 278, 1, 7, 1
168, 2, 1114, 338, 429, 277, 1, 7, 1
169, 2, 1111, 330, 431, 279, 1, 7, 1
170, 2, 1114, 337, 432, 274, 1, 7, 1
171, 2, 1115, 345, 432, 271, 1, 7, 1
172, 2, 1116, 345, 431, 275, 1, 7, 1
173, 2, 1111, 345, 431, 276, 1, 7, 1
174, 2, 1111, 337, 432, 284, 1, 7, 1
175, 2, 1115, 336, 427, 278, 1, 7, 1
176, 2, 1114, 335, 430, 278, 1, 7, 1
177, 2, 1114, 340, 431, 273, 1, 7, 1
178, 2, 1115, 346, 433, 273, 1, 7, 1
179, 2, 1115, 347, 430, 273, 1, 7, 1
180, 2, 1115, 345, 430, 277, 1, 7, 1
181, 2, 1113, 341, 434, 278, 1, 7, 1
182, 2, 1114, 338, 432, 280, 1, 7, 1
183, 2, 1113, 340, 433, 276, 1, 7, 1
184, 2, 1112, 344, 434, 275, 1, 7, 1
185, 2, 1116, 346, 432, 275, 1, 7, 1
186, 2, 1113, 345, 433, 274, 1, 7, 1
187, 2, 1114, 340, 432, 278, 1, 7, 1
188, 2, 1114, 344, 432, 274, 1, 7, 1
189, 2, 1114, 349, 435, 270, 1, 7, 1
190, 2, 1117, 351, 433, 274, 1, 7, 1
191, 2, 1116, 349, 433, 278, 1, 7, 1
192, 2, 1116, 341, 433, 280, 1, 7, 1
193, 2, 1114, 341, 434, 277, 1, 7, 1
194, 2, 1115, 342, 433, 277, 1, 7, 1
195, 2, 1115, 346, 434, 272, 1, 7, 1
196, 2, 1113, 346, 437, 273, 1, 7, 1
197, 2, 1115, 349, 435, 271, 1, 7, 1
198, 2, 1111, 350, 440, 273, 1, 7, 1
199, 2, 1114, 348, 437, 276, 1, 7, 1
200, 2, 1115, 345, 434, 276, 1, 7, 1
201, 2, 1112, 348, 441, 273, 1, 7, 1
202, 2, 1108, 348, 444, 274, 1, 7, 1
203, 2, 1112, 345, 439, 278, 1, 7, 1
204, 2, 1114, 345, 441, 277, 1, 7, 1
205, 2, 1108, 346, 444, 280, 1, 7, 1
206, 2, 1107, 344, 441, 280, 1, 7, 1
207, 2, 1108, 344, 442, 280, 1, 7, 1
208, 2, 1110, 345, 439, 279, 1, 7, 1
209, 2, 1111, 346, 438, 278, 1, 7, 1
210, 2, 1108, 346, 443, 278, 1, 7, 1
211, 2, 1109, 345, 443, 277, 1, 7, 1
212, 2, 1110, 347, 441, 276, 1, 7, 1
213, 2, 1110, 347, 445, 276, 1, 7, 1
214, 2, 1111, 347, 442, 277, 1, 7, 1
215, 2, 1111, 346, 442, 277, 1, 7, 1
216, 2, 1108, 348, 443, 275, 1, 7, 1
217, 2, 1111, 349, 446, 275, 1, 7, 1
218, 2, 1112, 349, 444, 278, 1, 7, 1
219, 2, 1112, 345, 441, 279, 1, 7, 1
220, 2, 1112, 346, 441, 277, 1, 7, 1
221, 2, 1111, 346, 441, 277, 1, 7, 1
222, 2, 1109, 348, 446, 278, 1, 7, 1
223, 2, 1113, 348, 444, 278, 1, 7, 1
224, 2, 1114, 348, 443, 282, 1, 7, 1
225, 2, 1112, 344, 450, 289, 1, 7, 1
226, 2, 1112, 337, 449, 288, 1, 7, 1
227, 2, 1111, 328, 446, 290, 1, 7, 1
228, 2, 1108, 325, 451, 286, 1, 7, 1
229, 2, 1110, 329, 450, 281, 1, 7, 1
230, 2, 1110, 338, 450, 276, 1, 7, 1
231, 2, 1110, 342, 449, 278, 1, 7, 1
232, 2, 1110, 341, 450, 281, 1, 7, 1
233, 2, 1111, 334, 448, 285, 1, 7, 1
234, 2, 1108, 320, 449, 283, 1, 7, 1
235, 2, 1108, 322, 447, 273, 1, 7, 1
236, 2, 1109, 334, 447, 261, 1, 7, 1
237, 2, 1109, 348, 445, 261, 1, 7, 1
238, 2, 1109, 351, 443, 266, 1, 7, 1
239, 2, 1109, 342, 446, 274, 1, 7, 1
240, 2, 1110, 343, 450, 269, 1, 7, 1
241, 2, 1108, 343, 451, 269, 1, 7, 1
242, 2, 1108, 347, 448, 268, 1, 7, 1
243, 2, 1110, 358, 449, 264, 1, 7, 1
244, 2, 1108, 362, 452, 262, 1, 7, 1
245, 2, 1107, 364, 450, 270, 1, 7, 1
246, 2, 1108, 361, 451, 276, 1, 7, 1
247, 2, 1108, 362, 451, 275, 1, 7, 1
248, 2, 1110, 359, 451, 280, 1, 7, 1
249, 2, 1109, 355, 456, 287, 1, 7, 1
250, 2, 1108, 348, 453, 294, 1, 7, 1
251, 2, 1107, 343, 449, 297, 1, 7, 1
252, 2, 1108, 341, 451, 304, 1, 7, 1
253, 2, 1109, 336, 451, 311, 1, 7, 1
254, 2, 1111, 328, 447, 318, 1, 7, 1
255, 2, 1109, 318, 450, 326, 1, 7, 1
256, 2, 1110, 307, 446, 335, 1, 7, 1
257, 2, 1105, 303, 455, 338, 1, 7, 1
258, 2, 1106, 299, 453, 342, 1, 7, 1
259, 2, 1113, 289, 446, 348, 1, 7, 1
260, 2, 1113, 282, 447, 355, 1, 7, 1
261, 2, 1112, 278, 449, 352, 1, 7, 1
262, 2, 1113, 272, 446, 354, 1, 7, 1
263, 2, 1113, 268, 443, 358, 1, 7, 1
264, 2, 1113, 257, 443, 364, 1, 7, 1
265, 2, 1117, 247, 439, 369, 1, 7, 1
266, 2, 1114, 239, 440, 370, 1, 7, 1
267, 2, 1111, 235, 445, 367, 1, 7, 1
268, 2, 1111, 233, 443, 366, 1, 7, 1
269, 2, 1113, 231, 443, 367, 1, 7, 1
270, 2, 1113, 231, 442, 369, 1, 7, 1
271, 2, 1114, 231, 442, 367, 1, 7, 1
272, 2, 1109, 224, 444, 370, 1, 7, 1
273, 2, 1114, 221, 441, 368, 1, 7, 1
274, 2, 1112, 219, 441, 368, 1, 7, 1
275, 2, 1110, 216, 438, 371, 1, 7, 1
276, 2, 1113, 216, 437, 369, 1, 7, 1
277, 2, 1111, 216, 436, 372, 1, 7, 1
278, 2, 1110, 214, 436, 375, 1, 7, 1
279, 2, 1112, 214, 433, 376, 1, 7, 1
280, 2, 1109, 208, 436, 382, 1, 7, 1
281, 2, 1111, 207, 435, 382, 1, 7, 1
282, 2, 1111, 207, 432, 381, 1, 7, 1
283, 2, 1109, 206, 444, 380, 1, 7, 1
284, 2, 1110, 208, 440, 381, 1, 7, 1
285, 2, 1113, 212, 433, 382, 1, 7, 1
286, 2, 1110, 206, 439, 390, 1, 7, 1
287, 2, 1115, 203, 431, 393, 1, 7, 1
288, 2, 1113, 206, 435, 388, 1, 7, 1
289, 2, 1114, 208, 442, 389, 1, 7, 1
290, 2, 1115, 212, 443, 393, 1, 7, 1
291, 2, 1118, 214, 430, 397, 1, 7, 1
292, 2, 1118, 208, 419, 404, 1, 7, 1
293, 2, 1124, 202, 410, 414, 1, 7, 1
294, 2, 1118, 199, 411, 417, 1, 7, 1
295, 2, 1129, 199, 403, 423, 1, 7, 1
296, 2, 1127, 202, 407, 427, 1, 7, 1
297, 2, 1133, 190, 393, 442, 1, 7, 1
298, 2, 1127, 184, 394, 450, 1, 7, 1
299, 2, 1132, 179, 386, 457, 1, 7, 1
300, 2, 1130, 173, 378, 462, 1, 7, 1
301, 2, 1128, 161, 392, 479, 1, 7, 1
302, 2, 1126, 156, 392, 484, 1, 7, 1
303, 2, 1130, 148, 376, 489, 1, 7, 1
304, 2, 1130, 142, 379, 494, 1, 7, 1
305, 2, 1130, 137, 376, 502, 1, 7, 1
306, 2, 1130, 132, 373, 509, 1, 7, 1
307, 2, 1135, 119, 367, 518, 1, 7, 1
308, 2, 1129, 114, 366, 514, 1, 7, 1
309, 2, 1137, 114, 377, 515, 1, 7, 1
310, 2, 1136, 115, 367, 514, 1, 7, 1
311, 2, 1135, 108, 367, 523, 1, 7, 1
312, 2, 1136, 103, 366, 525, 1, 7, 1
313, 2, 1140, 94, 356, 528, 1, 7, 1
314, 2, 1133, 94, 366, 524, 1, 7, 1
315, 2, 1135, 99, 369, 526, 1, 7, 1
316, 2, 1134, 96, 365, 528, 1, 7, 1
317, 2, 1135, 94, 366, 528, 1, 7, 1
318, 2, 1134, 87, 370, 528, 1, 7, 1
319, 2, 1135, 81, 364, 528, 1, 7, 1
320, 2, 1135, 82, 363, 524, 1, 7, 1
321, 2, 1133, 80, 364, 523, 1, 7, 1
322, 2, 1130, 80, 367, 515, 1, 7, 1
323, 2, 1137, 82, 359, 515, 1, 7, 1
324, 2, 1134, 82, 363, 518, 1, 7, 1
325, 2, 1133, 78, 360, 525, 1, 7, 1
326, 2, 1130, 75, 370, 525, 1, 7, 1
327, 2, 1132, 72, 372, 519, 1, 7, 1
328, 2, 1134, 75, 364, 512, 1, 7, 1
329, 2, 1130, 84, 370, 499, 1, 7, 1
330, 2, 1133, 89, 366, 499, 1, 7, 1
331, 2, 1129, 91, 369, 503, 1, 7, 1
332, 2, 1137, 95, 359, 505, 1, 7, 1
333, 2, 1135, 96, 355, 505, 1, 7, 1
334, 2, 1134, 98, 363, 503, 1, 7, 1
335, 2, 1133, 105, 363, 496, 1, 7, 1
336, 2, 1135, 107, 359, 496, 1, 7, 1
337, 2, 1129, 108, 366, 499, 1, 7, 1
338, 2, 1131, 114, 355, 493, 1, 7, 1
339, 2, 1130, 113, 365, 502, 1, 7, 1
340, 2, 1129, 115, 365, 508, 1, 7, 1
341, 2, 1131, 119, 365, 507, 1, 7, 1
342, 2, 1134, 119, 353, 514, 1, 7, 1
343, 2, 1132, 114, 359, 522, 1, 7, 1
344, 2, 1125, 106, 374, 527, 1, 7, 1
345, 2, 1115, 105, 383, 527, 1, 7, 1
346, 2, 1107, 108, 392, 524, 1, 7, 1
347, 2, 1100, 107, 400, 530, 1, 7, 1
348, 2, 1095, 107, 408, 540, 1, 7, 1
349, 2, 1082, 101, 419, 548, 1, 7, 1
350, 2, 1074, 98, 430, 549, 1, 7, 1
351, 2, 1064, 93, 441, 552, 1, 7, 1
352, 2, 1050, 91, 458, 557, 1, 7, 1
353, 2, 1050, 90, 460, 560, 1, 7, 1
354, 2, 1045, 85, 470, 569, 1, 7, 1
355, 2, 1035, 80, 480, 572, 1, 7, 1
356, 2, 1025, 77, 492, 574, 1, 7, 1
357, 2, 1016, 78, 503, 574, 1, 7, 1
358, 2, 1009, 73, 512, 582, 1, 7, 1
359, 2, 1000, 65, 523, 588, 1, 7, 1
360, 2, 996, 58, 529, 591, 1, 7, 1
361, 2, 988, 51, 540, 589, 1, 7, 1
362, 2, 982, 54, 548, 584, 1, 7, 1
363, 2, 970, 58, 558, 576, 1, 7, 1
364, 2, 966, 53, 564, 580, 1, 7, 1
365, 2, 956, 49, 574, 576, 1, 7, 1
366, 2, 946, 47, 587, 570, 1, 7, 1
367, 2, 940, 54, 591, 562, 1, 7, 1
368, 2, 935, 58, 598, 557, 1, 7, 1
369, 2, 927, 58, 607, 557, 1, 7, 1
370, 2, 925, 58, 611, 553, 1, 7, 1
371, 2, 905, 57, 632, 546, 1, 7, 1
372, 2, 911, 63, 626, 540, 1, 7, 1
373, 2, 908, 70, 632, 533, 1, 7, 1
374, 2, 897, 71, 642, 533, 1, 7, 1
375, 2, 886, 71, 653, 533, 1, 7, 1
376, 2, 882, 72, 658, 528, 1, 7, 1
377, 2, 875, 78, 665, 519, 1, 7, 1
378, 2, 872, 81, 671, 517, 1, 7, 1
379, 2, 859, 84, 682, 509, 1, 7, 1
380, 2, 857, 87, 686, 508, 1, 7, 1
381, 2, 857, 95, 687, 504, 1, 7, 1
382, 2, 848, 100, 694, 500, 1, 7, 1
383, 2, 846, 105, 698, 496, 1, 7, 1
384, 2, 842, 110, 704, 497, 1, 7, 1
385, 2, 835, 115, 709, 491, 1, 7, 1
386, 2, 830, 115, 717, 494, 1, 7, 1
387, 2, 823, 119, 722, 492, 1, 7, 1
388, 2, 817, 122, 727, 491, 1, 7, 1
389, 2, 816, 128, 733, 491, 1, 7, 1
390, 2, 810, 131, 737, 491, 1, 7, 1
391, 2, 804, 129, 744, 495, 1, 7, 1
392, 2, 801, 132, 752, 489, 1, 7, 1
393, 2, 797, 133, 750, 487, 1, 7, 1
394, 2, 803, 134, 744, 498, 1, 7, 1
395, 2, 796, 134, 747, 505, 1, 7, 1
396, 2, 783, 125, 760, 508, 1, 7, 1
397, 2, 764, 128, 782, 512, 1, 7, 1
398, 2, 772, 131, 772, 517, 1, 7, 1
399, 2, 766, 130, 780, 525, 1, 7, 1
400, 2, 766, 121, 781, 535, 1, 7, 1
401, 2, 757, 116, 788, 536, 1, 7, 1
402, 2, 751, 120, 794, 528, 1, 7, 1
403, 2, 758, 122, 791, 527, 1, 7, 1
404, 2, 748, 123, 799, 528, 1, 7, 1
405, 2, 733, 112, 811, 538, 1, 7, 1
406, 2, 730, 101, 818, 550, 1, 7, 1
407, 2, 741, 100, 804, 548, 1, 7, 1
408, 2, 722, 91, 826, 550, 1, 7, 1
409, 2, 751, 90, 799, 548, 1, 7, 1
410, 2, 744, 86, 801, 544, 1, 7, 1
411, 2, 724, 87, 825, 538, 1, 7, 1
412, 2, 743, 89, 805, 538, 1, 7, 1
413, 2, 715, 85, 832, 539, 1, 7, 1
414, 2, 729, 83, 820, 540, 1, 7, 1
415, 2, 708, 81, 834, 536, 1, 7, 1
416, 2, 713, 77, 828, 536, 1, 7, 1
417, 2, 738, 90, 805, 523, 1, 7, 1
418, 2, 708, 86, 835, 527, 1, 7, 1
419, 2, 699, 78, 844, 531, 1, 7, 1
420, 2, 698, 78, 846, 531, 1, 7, 1
421, 2, 718, 83, 821, 522, 1, 7, 1
422, 2, 711, 80, 831, 523, 1, 7, 1
423, 2, 709, 83, 834, 514, 1, 7, 1
424, 2, 698, 81, 843, 503, 1, 7, 1
425, 2, 692, 85, 848, 497, 1, 7, 1
426, 2, 703, 88, 837, 495, 1, 7, 1
427, 2, 683, 91, 852, 492, 1, 7, 1
428, 2, 701, 97, 839, 488, 1, 7, 1
429, 2, 698, 101, 839, 485, 1, 7, 1
430, 2, 697, 105, 840, 480, 1, 7, 1
431, 2, 696, 106, 844, 480, 1, 7, 1
432, 2, 689, 114, 846, 480, 1, 7, 1
433, 2, 686, 114, 848, 474, 1, 7, 1
434, 2, 683, 115, 855, 486, 1, 7, 1
435, 2, 698, 124, 836, 482, 1, 7, 1
436, 2, 701, 117, 833, 486, 1, 7, 1
437, 2, 693, 118, 845, 491, 1, 7, 1
438, 2, 695, 119, 837, 486, 1, 7, 1
439, 2, 696, 125, 840, 484, 1, 7, 1
440, 2, 696, 129, 840, 487, 1, 7, 1
441, 2, 695, 118, 839, 492, 1, 7, 1
442, 2, 700, 120, 834, 490, 1, 7, 1
443, 2, 693, 130, 845, 482, 1, 7, 1
444, 2, 686, 133, 845, 482, 1, 7, 1
445, 2, 695, 131, 843, 492, 1, 7, 1
446, 2, 702, 126, 829, 493, 1, 7, 1
447, 2, 694, 120, 840, 499, 1, 7, 1
448, 2, 702, 122, 837, 503, 1, 7, 1
449, 2, 711, 118, 825, 509, 1, 7, 1
450, 2, 709, 119, 824, 517, 1, 7, 1
451, 2, 742, 122, 791, 524, 1, 7, 1
452, 2, 695, 114, 840, 538, 1, 7, 1
453, 2, 708, 94, 831, 554, 1, 7, 1
454, 2, 715, 94, 826, 540, 1, 7, 1
455, 2, 704, 102, 833, 525, 1, 7, 1
456, 2, 731, 102, 808, 533, 1, 7, 1
457, 2, 718, 100, 819, 545, 1, 7, 1
458, 2, 701, 83, 836, 548, 1, 7, 1
459, 2, 693, 81, 845, 547, 1, 7, 1
460, 2, 701, 90, 839, 537, 1, 7, 1
461, 2, 713, 87, 827, 539, 1, 7, 1
462, 2, 708, 96, 836, 541, 1, 7, 1
463, 2, 707, 84, 826, 553, 1, 7, 1
464, 2, 713, 67, 826, 567, 1, 7, 1
465, 2, 715, 65, 827, 559, 1, 7, 1
466, 2, 705, 61, 830, 554, 1, 7, 1
467, 2, 707, 66, 827, 547, 1, 7, 1
468, 2, 710, 69, 826, 542, 1, 7, 1
469, 2, 708, 64, 823, 546, 1, 7, 1
470, 2, 718, 68, 822, 552, 1, 7, 1
471, 2, 717, 53, 815, 558, 1, 7, 1
472, 2, 719, 54, 817, 549, 1, 7, 1
473, 2, 720, 66, 816, 521, 1, 7, 1
474, 2, 734, 78, 802, 525, 1, 7, 1
475, 2, 718, 79, 814, 529, 1, 7, 1
476, 2, 726, 78, 817, 538, 1, 7, 1
477, 2, 718, 70, 813, 542, 1, 7, 1
478, 2, 727, 73, 810, 538, 1, 7, 1
479, 2, 721, 76, 811, 536, 1, 7, 1
480, 2, 721, 75, 813, 537, 1, 7, 1
481, 2, 723, 74, 808, 535, 1, 7, 1
482, 2, 732, 76, 811, 542, 1, 7, 1
483, 2, 731, 67, 794, 541, 1, 7, 1
484, 2, 744, 67, 792, 541, 1, 7, 1
485, 2, 750, 77, 785, 533, 1, 7, 1
486, 2, 755, 73, 781, 538, 1, 7, 1
487, 2, 749, 73, 786, 544, 1, 7, 1
488, 2, 754, 65, 785, 544, 1, 7, 1
489, 2, 747, 64, 784, 540, 1, 7, 1
490, 2, 763, 81, 775, 529, 1, 7, 1
491, 2, 756, 82, 773, 527, 1, 7, 1
492, 2, 791, 89, 746, 529, 1, 7, 1
493, 2, 794, 87, 736, 530, 1, 7, 1
494, 2, 790, 80, 741, 540, 1, 7, 1
495, 2, 812, 84, 720, 539, 1, 7, 1
496, 2, 820, 84, 716, 539, 1, 7, 1
497, 2, 818, 82, 706, 553, 1, 7, 1
498, 2, 827, 78, 701, 561, 1, 7, 1
499, 2, 845, 73, 682, 572, 1, 7, 1
500, 2, 853, 71, 670, 580, 1, 7, 1
501, 2, 864, 65, 662, 586, 1, 7, 1
502, 2, 882, 60, 644, 601, 1, 7, 1
503, 2, 870, 42, 645, 608, 1, 7, 1
504, 2, 892, 45, 632, 607, 1, 7, 1
505, 2, 910, 56, 610, 590, 1, 7, 1
506, 2, 917, 49, 602, 597, 1, 7, 1
507, 2, 919, 52, 598, 607, 1, 7, 1
508, 2, 937, 42, 577, 608, 1, 7, 1
509, 2, 951, 30, 562, 620, 1, 7, 1
510, 2, 962, 33, 554, 623, 1, 7, 1
511, 2, 970, 24, 532, 621, 1, 7, 1
512, 2, 994, 32, 511, 620, 1, 7, 1
513, 2, 1007, 34, 495, 614, 1, 7, 1
514, 2, 1016, 19, 481, 629, 1, 7, 1
515, 2, 1036, 20, 462, 630, 1, 7, 1
516, 2, 1051, 6, 445, 610, 1, 7, 1
517, 2, 1050, 24, 432, 606, 1, 7, 1
518, 2, 1080, 34, 415, 594, 1, 7, 1
519, 2, 1086, 24, 397, 612, 1, 7, 1
520, 2, 1105, 37, 384, 604, 1, 7, 1
521, 2, 1121, 29, 365, 595, 1, 7, 1
522, 2, 1131, 46, 362, 601, 1, 7, 1
523, 2, 1128, 39, 360, 595, 1, 7, 1
524, 2, 1134, 32, 364, 596, 1, 7, 1
525, 2, 1127, 45, 364, 579, 1, 7, 1
526, 2, 1126, 43, 371, 576, 1, 7, 1
527, 2, 1132, 45, 362, 580, 1, 7, 1
528, 2, 1130, 47, 370, 564, 1, 7, 1
529, 2, 1123, 54, 360, 545, 1, 7, 1
530, 2, 1131, 77, 366, 538, 1, 7, 1
531, 2, 1121, 89, 360, 523, 1, 7, 1
532, 2, 1132, 92, 364, 538, 1, 7, 1
533, 2, 1133, 91, 348, 521, 1, 7, 1
534, 2, 1120, 90, 359, 522, 1, 7, 1
535, 2, 1113, 113, 358, 505, 1, 7, 1
536, 2, 1138, 119, 339, 493, 1, 7, 1
537, 2, 1114, 123, 359, 502, 1, 7, 1
538, 2, 1114, 123, 361, 501, 1, 7, 1
539, 2, 1096, 120, 370, 496, 1, 7, 1
540, 2, 1103, 136, 381, 485, 1, 7, 1
541, 2, 1089, 141, 391, 480, 1, 7, 1
542, 2, 1088, 161, 418, 469, 1, 7, 1
543, 2, 1071, 159, 432, 468, 1, 7, 1
544, 2, 1082, 170, 450, 462, 1, 7, 1
545, 2, 1063, 177, 462, 457, 1, 7, 1
546, 2, 1066, 177, 472, 451, 1, 7, 1
547, 2, 1053, 192, 489, 443, 1, 7, 1
548, 2, 1056, 199, 508, 432, 1, 7, 1
549, 2, 1040, 211, 523, 429, 1, 7, 1
550, 2, 1048, 229, 528, 426, 1, 7, 1
551, 2, 1020, 212, 544, 418, 1, 7, 1
552, 2, 1040, 235, 555, 414, 1, 7, 1
553, 2, 1015, 235, 570, 401, 1, 7, 1
554, 2, 1021, 234, 577, 400, 1, 7, 1
555, 2, 1011, 259, 592, 394, 1, 7, 1
556, 2, 1014, 261, 597, 387, 1, 7, 1
557, 2, 1000, 253, 603, 407, 1, 7, 1
558, 2, 1007, 257, 613, 394, 1, 7, 1
559, 2, 988, 258, 622, 380, 1, 7, 1
560, 2, 999, 278, 631, 372, 1, 7, 1
561, 2, 984, 273, 636, 365, 1, 7, 1
562, 2, 989, 295, 639, 352, 1, 7, 1
563, 2, 987, 301, 646, 353, 1, 7, 1
564, 2, 983, 297, 656, 356, 1, 7, 1
565, 2, 962, 295, 645, 345, 1, 7, 1
566, 2, 986, 302, 629, 333, 1, 7, 1
567, 2, 968, 322, 635, 329, 1, 7, 1
568, 2, 969, 322, 639, 327, 1, 7, 1
569, 2, 963, 313, 649, 329, 1, 7, 1
570, 2, 963, 329, 637, 314, 1, 7, 1
571, 2, 962, 333, 633, 304, 1, 7, 1
572, 2, 964, 338, 642, 319, 1, 7, 1
573, 2, 944, 323, 633, 309, 1, 7, 1
574, 2, 955, 328, 624, 314, 1, 7, 1
575, 2, 956, 353, 632, 307, 1, 7, 1
576, 2, 944, 331, 636, 320, 1, 7, 1
577, 2, 942, 326, 632, 304, 1, 7, 1
578, 2, 946, 330, 629, 286, 1, 7, 1
579, 2, 941, 326, 638, 293, 1, 7, 1
580, 2, 938, 336, 637, 293, 1, 7, 1
581, 2, 932, 320, 644, 287, 1, 7, 1
582, 2, 930, 330, 644, 281, 1, 7, 1
583, 2, 935, 340, 648, 285, 1, 7, 1
584, 2, 926, 326, 665, 286, 1, 7, 1
585, 2, 923, 332, 662, 278, 1, 7, 1
586, 2, 925, 339, 653, 263, 1, 7, 1
587, 2, 924, 351, 646, 264, 1, 7, 1
588, 2, 920, 352, 661, 265, 1, 7, 1
589, 2, 921, 341, 656, 271, 1, 7, 1
590, 2, 919, 351, 668, 278, 1, 7, 1
591, 2, 914, 342, 663, 277, 1, 7, 1
592, 2, 914, 348, 660, 277, 1, 7, 1
593, 2, 912, 354, 674, 268, 1, 7, 1
594, 2, 909, 364, 663, 264, 1, 7, 1
595, 2, 920, 373, 661, 275, 1, 7, 1
596, 2, 903, 355, 678, 276, 1, 7, 1
597, 2, 903, 350, 681, 284, 1, 7, 1
598, 2, 909, 353, 678, 281, 1, 7, 1
599, 2, 902, 346, 680, 278, 1, 7, 1
600, 2, 902, 350, 683, 281, 1, 7, 1
601, 2, 901, 348, 686, 267, 1, 7, 1
602, 2, 899, 351, 688, 270, 1, 7, 1
603, 2, 901, 358, 687, 270, 1, 7, 1
604, 2, 902, 354, 693, 271, 1, 7, 1
605, 2, 898, 359, 690, 270, 1, 7, 1
606, 2, 897, 351, 689, 265, 1, 7, 1
607, 2, 898, 359, 676, 262, 1, 7, 1
608, 2, 892, 373, 677, 260, 1, 7, 1
609, 2, 901, 371, 670, 261, 1, 7, 1
610, 2, 897, 372, 677, 266, 1, 7, 1
611, 2, 895, 361, 668, 271, 1, 7, 1
612, 2, 897, 371, 664, 268, 1, 7, 1
613, 2, 899, 387, 676, 267, 1, 7, 1
614, 2, 895, 379, 680, 276, 1, 7, 1
615, 2, 895, 373, 676, 288, 1, 7, 1
616, 2, 891, 369, 674, 285, 1, 7, 1
617, 2, 899, 372, 671, 286, 1, 7, 1
618, 2, 897, 372, 672, 288, 1, 7, 1
619, 2, 891, 362, 675, 294, 1, 7, 1
620, 2, 896, 362, 668, 295, 1, 7, 1
621, 2, 898, 356, 672, 304, 1, 7, 1
622, 2, 890, 347, 672, 305, 1, 7, 1
623, 2, 896, 347, 674, 305, 1, 7, 1
624, 2, 898, 348, 672, 307, 1, 7, 1
625, 2, 890, 338, 679, 301, 1, 7, 1
626, 2, 893, 323, 680, 294, 1, 7, 1
627, 2, 892, 329, 673, 284, 1, 7, 1
628, 2, 891, 338, 671, 279, 1, 7, 1
629, 2, 895, 338, 673, 289, 1, 7, 1
630, 2, 894, 338, 676, 284, 1, 7, 1
631, 2, 895, 328, 669, 286, 1, 7, 1
632, 2, 897, 334, 667, 280, 1, 7, 1
633, 2, 886, 337, 663, 269, 1, 7, 1
634, 2, 892, 344, 663, 268, 1, 7, 1
635, 2, 895, 362, 665, 270, 1, 7, 1
636, 2, 889, 352, 674, 276, 1, 7, 1
637, 2, 895, 339, 668, 277, 1, 7, 1
638, 2, 899, 342, 661, 264, 1, 7, 1
639, 2, 889, 351, 659, 261, 1, 7, 1
640, 2, 895, 366, 662, 261, 1, 7, 1
641, 2, 889, 362, 657, 267, 1, 7, 1
642, 2, 889, 355, 658, 268, 1, 7, 1
643, 2, 893, 361, 660, 259, 1, 7, 1
644, 2, 892, 367, 657, 257, 1, 7, 1
645, 2, 886, 367, 661, 264, 1, 7, 1
646, 2, 895, 378, 651, 257, 1, 7, 1
647, 2, 884, 382, 651, 257, 1, 7, 1
648, 2, 896, 385, 649, 265, 1, 7, 1
649, 2, 893, 386, 649, 262, 1, 7, 1
650, 2, 892, 387, 650, 261, 1, 7, 1
651, 2, 898, 397, 646, 263, 1, 7, 1
652, 2, 893, 395, 651, 265, 1, 7, 1
653, 2, 889, 386, 635, 270, 1, 7, 1
654, 2, 894, 403, 633, 269, 1, 7, 1
655, 2, 888, 394, 651, 277, 1, 7, 1
656, 2, 889, 385, 647, 284, 1, 7, 1
657, 2, 895, 382, 643, 287, 1, 7, 1
658, 2, 889, 374, 641, 279, 1, 7, 1
659, 2, 893, 391, 635, 267, 1, 7, 1
660, 2, 894, 405, 642, 271, 1, 7, 1
661, 2, 888, 405, 639, 283, 1, 7, 1
662, 2, 890, 394, 635, 313, 1, 7, 1
663, 2, 892, 364, 642, 309, 1, 7, 1
664, 2, 889, 359, 647, 310, 1, 7, 1
665, 2, 888, 364, 650, 297, 1, 7, 1
666, 2, 888, 369, 643, 294, 1, 7, 1
667, 2, 885, 377, 638, 278, 1, 7, 1
668, 2, 891, 386, 638, 288, 1, 7, 1
669, 2, 893, 386, 638, 301, 1, 7, 1
670, 2, 887, 365, 635, 324, 1, 7, 1
671, 2, 885, 355, 643, 313, 1, 7, 1
672, 2, 888, 371, 644, 303, 1, 7, 1
673, 2, 887, 382, 640, 301, 1, 7, 1
674, 2, 885, 377, 643, 314, 1, 7, 1
675, 2, 888, 355, 637, 316, 1, 7, 1
676, 2, 888, 355, 637, 316, 1, 7, 1
677, 2, 888, 357, 639, 307, 1, 7, 1
678, 2, 883, 350, 642, 298, 1, 7, 1
679, 2, 886, 349, 639, 303, 1, 7, 1
680, 2, 882, 342, 639, 290, 1, 7, 1
681, 2, 887, 338, 638, 300, 1, 7, 1
682, 2, 882, 342, 639, 282, 1, 7, 1
683, 2, 879, 339, 641, 273, 1, 7, 1
684, 2, 877, 370, 638, 267, 1, 7, 1
685, 2, 887, 372, 640, 280, 1, 7, 1
686, 2, 878, 357, 645, 288, 1, 7, 1
687, 2, 877, 346, 644, 292, 1, 7, 1
688, 2, 874, 337, 643, 275, 1, 7, 1
689, 2, 896, 361, 629, 260, 1, 7, 1
690, 2, 895, 371, 626, 271, 1, 7, 1
691, 2, 877, 362, 639, 275, 1, 7, 1
692, 2, 870, 364, 640, 277, 1, 7, 1
693, 2, 881, 359, 640, 268, 1, 7, 1
694, 2, 878, 368, 636, 271, 1, 7, 1
695, 2, 877, 372, 640, 273, 1, 7, 1
696, 2, 869, 361, 640, 279, 1, 7, 1
697, 2, 879, 377, 638, 269, 1, 7, 1
698, 2, 875, 386, 635, 274, 1, 7, 1
699, 2, 880, 399, 640, 280, 1, 7, 1
700, 2, 877, 392, 642, 289, 1, 7, 1
701, 2, 879, 376, 636, 301, 1, 7, 1
702, 2, 873, 372, 638, 292, 1, 7, 1
703, 2, 878, 366, 638, 288, 1, 7, 1
704, 2, 877, 369, 637, 291, 1, 7, 1
705, 2, 886, 378, 636, 296, 1, 7, 1
706, 2, 878, 374, 638, 300, 1, 7, 1
707, 2, 881, 371, 640, 296, 1, 7, 1
708, 2, 874, 362, 643, 292, 1, 7, 1
709, 2, 885, 376, 633, 296, 1, 7, 1
710, 2, 875, 380, 643, 299, 1, 7, 1
711, 2, 887, 373, 637, 300, 1, 7, 1
712, 2, 882, 356, 642, 314, 1, 7, 1
713, 2, 883, 339, 640, 302, 1, 7, 1
714, 2, 882, 343, 645, 286, 1, 7, 1
715, 2, 881, 343, 645, 283, 1, 7, 1
716, 2, 883, 343, 646, 280, 1, 7, 1
717, 2, 883, 352, 651, 279, 1, 7, 1
718, 2, 881, 339, 647, 277, 1, 7, 1
719, 2, 885, 343, 641, 271, 1, 7, 1
720, 2, 884, 353, 645, 262, 1, 7, 1
721, 2, 885, 366, 650, 264, 1, 7, 1
722, 2, 889, 380, 651, 267, 1, 7, 1
723, 2, 888, 368, 652, 276, 1, 7, 1
724, 2, 889, 364, 653, 283, 1, 7, 1
725, 2, 890, 363, 655, 288, 1, 7, 1
726, 2, 888, 354, 656, 291, 1, 7, 1
727, 2, 892, 357, 657, 296, 1, 7, 1
728, 2, 899, 357, 654, 292, 1, 7, 1
729, 2, 893, 360, 653, 288, 1, 7, 1
730, 2, 896, 360, 653, 283, 1, 7, 1
731, 2, 903, 361, 655, 285, 1, 7, 1
732, 2, 906, 360, 651, 295, 1, 7, 1
733, 2, 903, 341, 653, 300, 1, 7, 1
734, 2, 908, 336, 652, 301, 1, 7, 1
735, 2, 903, 333, 650, 291, 1, 7, 1
736, 2, 920, 339, 646, 292, 1, 7, 1
737, 2, 916, 334, 650, 298, 1, 7, 1
738, 2, 918, 317, 654, 300, 1, 7, 1
739, 2, 913, 318, 654, 280, 1, 7, 1
740, 2, 921, 329, 647, 276, 1, 7, 1
741, 2, 924, 351, 647, 291, 1, 7, 1
742, 2, 933, 356, 649, 302, 1, 7, 1
743, 2, 921, 323, 646, 325, 1, 7, 1
744, 2, 931, 309, 644, 322, 1, 7, 1
745, 2, 931, 302, 645, 315, 1, 7, 1
746, 2, 939, 317, 646, 305, 1, 7, 1
747, 2, 935, 322, 644, 315, 1, 7, 1
748, 2, 943, 319, 645, 322, 1, 7, 1
749, 2, 932, 317, 649, 328, 1, 7, 1
750, 2, 948, 315, 646, 329, 1, 7, 1