1, 1, 582, 351, 83, 72, 1, 10, 1
2, 1, 582, 351, 83, 72, 1, 10, 1
3, 1, 582, 351, 83, 72, 1, 10, 1
4, 1, 582, 351, 83, 72, 1, 10, 1
5, 1, 582, 351, 84, 72, 1, 10, 1
6, 1, 582, 350, 84, 73, 1, 10, 1
7, 1, 582, 351, 84, 72, 1, 10, 1
8, 1, 583, 350, 83, 72, 1, 10, 1
9, 1, 583, 350, 83, 72, 1, 10, 1
10, 1, 583, 350, 83, 72, 1, 10, 1
11, 1, 583, 350, 84, 72, 1, 10, 1
12, 1, 584, 350, 83, 72, 1, 10, 1
13, 1, 584, 350, 83, 72, 1, 10, 1
14, 1, 584, 350, 84, 72, 1, 10, 1
15, 1, 584, 350, 84, 72, 1, 10, 1
16, 1, 585, 349, 83, 73, 1, 10, 1
17, 1, 585, 349, 83, 73, 1, 10, 1
18, 1, 585, 349, 84, 72, 1, 10, 1
19, 1, 585, 348, 84, 73, 1, 10, 1
20, 1, 585, 349, 84, 72, 1, 10, 1
21, 1, 585, 348, 84, 73, 1, 10, 1
22, 1, 585, 348, 84, 73, 1, 10, 1
23, 1, 586, 348, 83, 73, 1, 10, 1
24, 1, 586, 348, 84, 73, 1, 10, 1
25, 1, 586, 348, 84, 73, 1, 10, 1
26, 1, 587, 348, 83, 73, 1, 10, 1
27, 1, 587, 348, 83, 73, 1, 10, 1
28, 1, 587, 348, 83, 73, 1, 10, 1
29, 1, 587, 348, 83, 73, 1, 10, 1
30, 1, 587, 348, 83, 72, 1, 10, 1
31, 1, 587, 348, 84, 72, 1, 10, 1
32, 1, 587, 347, 84, 73, 1, 10, 1
33, 1, 588, 347, 83, 72, 1, 10, 1
34, 1, 588, 347, 83, 73, 1, 10, 1
35, 1, 588, 347, 82, 72, 1, 10, 1
36, 1, 588, 347, 83, 73, 1, 10, 1
37, 1, 588, 347, 83, 73, 1, 10, 1
38, 1, 588, 347, 83, 72, 1, 10, 1
39, 1, 588, 347, 83, 72, 1, 10, 1
40, 1, 588, 347, 83, 72, 1, 10, 1
41, 1, 588, 346, 83, 73, 1, 10, 1
42, 1, 589, 346, 82, 73, 1, 10, 1
43, 1, 589, 346, 83, 73, 1, 10, 1
44, 1, 589, 346, 83, 73, 1, 10, 1
45, 1, 589, 346, 83, 73, 1, 10, 1
46, 1, 589, 345, 83, 74, 1, 10, 1
47, 1, 590, 345, 82, 74, 1, 10, 1
48, 1, 590, 345, 83, 73, 1, 10, 1
49, 1, 590, 344, 83, 74, 1, 10, 1
50, 1, 590, 344, 83, 74, 1, 10, 1
51, 1, 590, 345, 83, 73, 1, 10, 1
52, 1, 590, 345, 83, 72, 1, 10, 1
53, 1, 590, 344, 84, 73, 1, 10, 1
54, 1, 590, 344, 84, 73, 1, 10, 1
55, 1, 591, 344, 84, 73, 1, 10, 1
56, 1, 591, 343, 84, 74, 1, 10, 1
57, 1, 592, 343, 83, 73, 1, 10, 1
58, 1, 592, 343, 84, 73, 1, 10, 1
59, 1, 592, 343, 84, 73, 1, 10, 1
60, 1, 592, 343, 84, 73, 1, 10, 1
61, 1, 592, 342, 84, 74, 1, 10, 1
62, 1, 593, 342, 84, 74, 1, 10, 1
63, 1, 593, 342, 84, 74, 1, 10, 1
64, 1, 593, 342, 84, 74, 1, 10, 1
65, 1, 594, 342, 84, 73, 1, 10, 1
66, 1, 594, 341, 84, 74, 1, 10, 1
67, 1, 594, 341, 84, 74, 1, 10, 1
68, 1, 594, 341, 85, 74, 1, 10, 1
69, 1, 594, 340, 85, 74, 1, 10, 1
70, 1, 594, 340, 85, 75, 1, 10, 1
71, 1, 595, 340, 84, 74, 1, 10, 1
72, 1, 594, 340, 86, 74, 1, 10, 1
73, 1, 595, 340, 85, 74, 1, 10, 1
74, 1, 595, 339, 85, 75, 1, 10, 1
75, 1, 595, 339, 86, 75, 1, 10, 1
76, 1, 595, 339, 86, 75, 1, 10, 1
77, 1, 595, 339, 86, 75, 1, 10, 1
78, 1, 595, 339, 85, 75, 1, 10, 1
79, 1, 595, 339, 86, 75, 1, 10, 1
80, 1, 596, 339, 86, 74, 1, 10, 1
81, 1, 595, 338, 87, 76, 1, 10, 1
82, 1, 596, 338, 86, 75, 1, 10, 1
83, 1, 595, 338, 87, 75, 1, 10, 1
84, 1, 596, 338, 86, 75, 1, 10, 1
85, 1, 596, 338, 86, 75, 1, 10, 1
86, 1, 596, 338, 86, 75, 1, 10, 1
87, 1, 597, 338, 85, 75, 1, 10, 1
88, 1, 596, 338, 87, 74, 1, 10, 1
89, 1, 597, 338, 86, 75, 1, 10, 1
90, 1, 597, 337, 86, 76, 1, 10, 1
91, 1, 597, 337, 87, 75, 1, 10, 1
92, 1, 597, 337, 87, 75, 1, 10, 1
93, 1, 597, 336, 87, 76, 1, 10, 1
94, 1, 598, 336, 87, 76, 1, 10, 1
95, 1, 598, 336, 87, 76, 1, 10, 1
96, 1, 598, 336, 87, 76, 1, 10, 1
97, 1, 598, 336, 87, 76, 1, 10, 1
98, 1, 599, 335, 87, 77, 1, 10, 1
99, 1, 598, 335, 88, 77, 1, 10, 1
100, 1, 599, 335, 88, 76, 1, 10, 1
101, 1, 599, 335, 88, 76, 1, 10, 1
102, 1, 599, 335, 89, 76, 1, 10, 1
103, 1, 600, 335, 88, 76, 1, 10, 1
104, 1, 600, 335, 89, 76, 1, 10, 1
105, 1, 601, 335, 88, 76, 1, 10, 1
106, 1, 602, 334, 88, 77, 1, 10, 1
107, 1, 602, 334, 88, 77, 1, 10, 1
108, 1, 603, 334, 88, 77, 1, 10, 1
109, 1, 603, 334, 88, 77, 1, 10, 1
110, 1, 603, 335, 89, 76, 1, 10, 1
111, 1, 605, 334, 87, 77, 1, 10, 1
112, 1, 605, 335, 88, 76, 1, 10, 1
113, 1, 605, 334, 88, 77, 1, 10, 1
114, 1, 605, 334, 89, 77, 1, 10, 1
115, 1, 605, 334, 89, 77, 1, 10, 1
116, 1, 605, 334, 90, 77, 1, 10, 1
117, 1, 606, 334, 89, 77, 1, 10, 1
118, 1, 606, 334, 90, 77, 1, 10, 1
119, 1, 607, 334, 89, 77, 1, 10, 1
120, 1, 607, 334, 89, 77, 1, 10, 1
121, 1, 608, 333, 89, 77, 1, 10, 1
122, 1, 608, 333, 89, 78, 1, 10, 1
123, 1, 608, 333, 89, 78, 1, 10, 1
124, 1, 608, 332, 89, 79, 1, 10, 1
125, 1, 609, 332, 89, 78, 1, 10, 1
126, 1, 609, 332, 88, 78, 1, 10, 1
127, 1, 609, 332, 89, 78, 1, 10, 1
128, 1, 609, 332, 89, 78, 1, 10, 1
129, 1, 609, 332, 89, 78, 1, 10, 1
130, 1, 609, 332, 90, 78, 1, 10, 1
131, 1, 609, 332, 90, 78, 1, 10, 1
132, 1, 610, 332, 90, 78, 1, 10, 1
133, 1, 610, 332, 90, 78, 1, 10, 1
134, 1, 610, 332, 90, 78, 1, 10, 1
135, 1, 610, 332, 90, 79, 1, 10, 1
136, 1, 612, 332, 89, 79, 1, 10, 1
137, 1, 611, 332, 90, 79, 1, 10, 1
138, 1, 612, 332, 89, 78, 1, 10, 1
139, 1, 611, 332, 90, 78, 1, 10, 1
140, 1, 611, 332, 91, 78, 1, 10, 1
141, 1, 612, 332, 90, 78, 1, 10, 1
142, 1, 612, 332, 90, 78, 1, 10, 1
143, 1, 612, 332, 90, 79, 1, 10, 1
144, 1, 612, 332, 91, 79, 1, 10, 1
145, 1, 612, 332, 91, 79, 1, 10, 1
146, 1, 612, 332, 91, 79, 1, 10, 1
147, 1, 612, 332, 91, 79, 1, 10, 1
148, 1, 612, 332, 92, 79, 1, 10, 1
149, 1, 613, 332, 91, 79, 1, 10, 1
150, 1, 613, 332, 92, 79, 1, 10, 1
151, 1, 613, 332, 92, 79, 1, 10, 1
152, 1, 613, 332, 92, 79, 1, 10, 1
153, 1, 614, 333, 92, 79, 1, 10, 1
154, 1, 614, 332, 92, 80, 1, 10, 1
155, 1, 614, 332, 93, 80, 1, 10, 1
156, 1, 615, 332, 92, 80, 1, 10, 1
157, 1, 615, 332, 92, 80, 1, 10, 1
158, 1, 616, 332, 93, 79, 1, 10, 1
159, 1, 616, 332, 93, 80, 1, 10, 1
160, 1, 616, 332, 93, 80, 1, 10, 1
161, 1, 616, 332, 94, 80, 1, 10, 1
162, 1, 616, 332, 94, 80, 1, 10, 1
163, 1, 617, 332, 94, 80, 1, 10, 1
164, 1, 617, 332, 94, 80, 1, 10, 1
165, 1, 617, 332, 95, 80, 1, 10, 1
166, 1, 618, 332, 94, 80, 1, 10, 1
167, 1, 618, 332, 95, 80, 1, 10, 1
168, 1, 618, 332, 95, 80, 1, 10, 1
169, 1, 618, 332, 95, 80, 1, 10, 1
170, 1, 619, 332, 94, 80, 1, 10, 1
171, 1, 619, 331, 94, 82, 1, 10, 1
172, 1, 619, 331, 94, 82, 1, 10, 1
173, 1, 619, 331, 94, 82, 1, 10, 1
174, 1, 619, 331, 94, 82, 1, 10, 1
175, 1, 619, 331, 94, 82, 1, 10, 1
176, 1, 619, 331, 94, 82, 1, 10, 1
177, 1, 619, 331, 94, 82, 1, 10, 1
178, 1, 618, 331, 95, 82, 1, 10, 1
179, 1, 619, 331, 94, 83, 1, 10, 1
180, 1, 618, 331, 96, 83, 1, 10, 1
181, 1, 618, 331, 96, 83, 1, 10, 1
182, 1, 618, 332, 96, 82, 1, 10, 1
183, 1, 618, 332, 96, 82, 1, 10, 1
184, 1, 618, 332, 96, 83, 1, 10, 1
185, 1, 618, 332, 96, 82, 1, 10, 1
186, 1, 617, 332, 97, 82, 1, 10, 1
187, 1, 618, 331, 96, 84, 1, 10, 1
188, 1, 617, 332, 97, 83, 1, 10, 1
189, 1, 617, 332, 97, 83, 1, 10, 1
190, 1, 617, 332, 97, 83, 1, 10, 1
191, 1, 617, 332, 97, 83, 1, 10, 1
192, 1, 617, 331, 97, 84, 1, 10, 1
193, 1, 616, 331, 98, 84, 1, 10, 1
194, 1, 616, 331, 98, 84, 1, 10, 1
195, 1, 616, 331, 98, 84, 1, 10, 1
196, 1, 616, 331, 98, 84, 1, 10, 1
197, 1, 616, 331, 98, 85, 1, 10, 1
198, 1, 616, 331, 98, 85, 1, 10, 1
199, 1, 616, 331, 98, 85, 1, 10, 1
200, 1, 616, 331, 98, 85, 1, 10, 1
201, 1, 616, 331, 98, 85, 1, 10, 1
202, 1, 616, 331, 99, 85, 1, 10, 1
203, 1, 616, 331, 99, 86, 1, 10, 1
204, 1, 616, 331, 99, 86, 1, 10, 1
205, 1, 616, 331, 99, 86, 1, 10, 1
206, 1, 616, 331, 100, 86, 1, 10, 1
207, 1, 616, 331, 100, 86, 1, 10, 1
208, 1, 616, 331, 100, 86, 1, 10, 1
209, 1, 616, 331, 100, 86, 1, 10, 1
210, 1, 616, 331, 100, 86, 1, 10, 1
211, 1, 615, 331, 101, 86, 1, 10, 1
212, 1, 615, 330, 101, 87, 1, 10, 1
213, 1, 615, 330, 101, 87, 1, 10, 1
214, 1, 615, 330, 101, 87, 1, 10, 1
215, 1, 615, 329, 101, 88, 1, 10, 1
216, 1, 615, 329, 101, 88, 1, 10, 1
217, 1, 614, 329, 101, 88, 1, 10, 1
218, 1, 615, 329, 101, 87, 1, 10, 1
219, 1, 614, 329, 102, 88, 1, 10, 1
220, 1, 616, 329, 100, 88, 1, 10, 1
221, 1, 614, 329, 101, 87, 1, 10, 1
222, 1, 613, 329, 102, 87, 1, 10, 1
223, 1, 613, 328, 102, 88, 1, 10, 1
224, 1, 613, 328, 102, 88, 1, 10, 1
225, 1, 614, 328, 100, 89, 1, 10, 1
226, 1, 613, 328, 102, 89, 1, 10, 1
227, 1, 612, 328, 103, 89, 1, 10, 1
228, 1, 612, 329, 103, 88, 1, 10, 1
229, 1, 612, 328, 103, 89, 1, 10, 1
230, 1, 612, 329, 103, 88, 1, 10, 1
231, 1, 613, 328, 103, 88, 1, 10, 1
232, 1, 613, 328, 102, 89, 1, 10, 1
233, 1, 613, 327, 103, 90, 1, 10, 1
234, 1, 612, 327, 104, 90, 1, 10, 1
235, 1, 612, 327, 105, 89, 1, 10, 1
236, 1, 612, 327, 104, 89, 1, 10, 1
237, 1, 613, 326, 104, 90, 1, 10, 1
238, 1, 613, 325, 104, 91, 1, 10, 1
239, 1, 613, 325, 105, 91, 1, 10, 1
240, 1, 614, 325, 104, 90, 1, 10, 1
241, 1, 614, 325, 104, 89, 1, 10, 1
242, 1, 614, 324, 105, 91, 1, 10, 1
243, 1, 615, 324, 105, 90, 1, 10, 1
244, 1, 616, 324, 105, 90, 1, 10, 1
245, 1, 615, 325, 106, 90, 1, 10, 1
246, 1, 616, 324, 106, 91, 1, 10, 1
247, 1, 617, 323, 105, 92, 1, 10, 1
248, 1, 618, 322, 104, 93, 1, 10, 1
249, 1, 618, 322, 106, 93, 1, 10, 1
250, 1, 617, 322, 107, 92, 1, 10, 1
251, 1, 617, 322, 107, 91, 1, 10, 1
252, 1, 618, 322, 103, 92, 1, 10, 1
253, 1, 618, 322, 108, 92, 1, 10, 1
254, 1, 619, 321, 107, 93, 1, 10, 1
255, 1, 619, 321, 108, 93, 1, 10, 1
256, 1, 619, 320, 107, 93, 1, 10, 1
257, 1, 620, 321, 108, 93, 1, 10, 1
258, 1, 621, 320, 107, 93, 1, 10, 1
259, 1, 620, 320, 108, 93, 1, 10, 1
260, 1, 620, 320, 108, 93, 1, 10, 1
261, 1, 621, 319, 108, 92, 1, 10, 1
262, 1, 622, 319, 108, 93, 1, 10, 1
263, 1, 621, 319, 109, 93, 1, 10, 1
264, 1, 621, 319, 110, 93, 1, 10, 1
265, 1, 622, 318, 109, 94, 1, 10, 1
266, 1, 622, 318, 109, 93, 1, 10, 1
267, 1, 622, 319, 110, 92, 1, 10, 1
268, 1, 622, 319, 110, 93, 1, 10, 1
269, 1, 623, 319, 110, 93, 1, 10, 1
270, 1, 622, 318, 111, 94, 1, 10, 1
271, 1, 624, 317, 110, 95, 1, 10, 1
272, 1, 625, 317, 108, 95, 1, 10, 1
273, 1, 623, 317, 111, 95, 1, 10, 1
274, 1, 624, 317, 110, 94, 1, 10, 1
275, 1, 625, 317, 110, 94, 1, 10, 1
276, 1, 624, 317, 111, 96, 1, 10, 1
277, 1, 625, 317, 111, 96, 1, 10, 1
278, 1, 624, 317, 113, 96, 1, 10, 1
279, 1, 625, 316, 112, 97, 1, 10, 1
280, 1, 625, 317, 113, 96, 1, 10, 1
281, 1, 624, 316, 116, 98, 1, 10, 1
282, 1, 625, 316, 116, 97, 1, 10, 1
283, 1, 626, 315, 115, 98, 1, 10, 1
284, 1, 626, 316, 115, 98, 1, 10, 1
285, 1, 627, 316, 115, 98, 1, 10, 1
286, 1, 627, 316, 112, 97, 1, 10, 1
287, 1, 628, 316, 115, 98, 1, 10, 1
288, 1, 627, 317, 116, 97, 1, 10, 1
289, 1, 627, 316, 115, 97, 1, 10, 1
290, 1, 628, 316, 115, 98, 1, 10, 1
291, 1, 628, 316, 117, 99, 1, 10, 1
292, 1, 629, 316, 116, 98, 1, 10, 1
293, 1, 628, 316, 117, 98, 1, 10, 1
294, 1, 630, 316, 116, 99, 1, 10, 1
295, 1, 629, 315, 117, 99, 1, 10, 1
296, 1, 628, 316, 119, 98, 1, 10, 1
297, 1, 629, 316, 118, 100, 1, 10, 1
298, 1, 629, 316, 119, 100, 1, 10, 1
299, 1, 630, 316, 117, 99, 1, 10, 1
300, 1, 631, 317, 116, 99, 1, 10, 1
301, 1, 631, 316, 117, 100, 1, 10, 1
302, 1, 630, 316, 119, 100, 1, 10, 1
303, 1, 629, 316, 120, 101, 1, 10, 1
304, 1, 630, 316, 119, 101, 1, 10, 1
305, 1, 630, 316, 119, 101, 1, 10, 1
306, 1, 630, 316, 119, 100, 1, 10, 1
307, 1, 630, 316, 120, 101, 1, 10, 1
308, 1, 631, 317, 119, 100, 1, 10, 1
309, 1, 630, 316, 120, 102, 1, 10, 1
310, 1, 631, 316, 116, 102, 1, 10, 1
311, 1, 629, 317, 122, 99, 1, 10, 1
312, 1, 630, 316, 121, 102, 1, 10, 1
313, 1, 631, 316, 120, 103, 1, 10, 1
314, 1, 631, 316, 120, 102, 1, 10, 1
315, 1, 630, 316, 121, 103, 1, 10, 1
316, 1, 630, 317, 122, 103, 1, 10, 1
317, 1, 630, 317, 122, 104, 1, 10, 1
318, 1, 631, 318, 122, 102, 1, 10, 1
319, 1, 632, 318, 120, 102, 1, 10, 1
320, 1, 632, 318, 121, 103, 1, 10, 1
321, 1, 632, 317, 122, 105, 1, 10, 1
322, 1, 633, 317, 121, 105, 1, 10, 1
323, 1, 632, 316, 123, 106, 1, 10, 1
324, 1, 633, 316, 122, 106, 1, 10, 1
325, 1, 633, 316, 122, 106, 1, 10, 1
326, 1, 633, 316, 123, 105, 1, 10, 1
327, 1, 633, 316, 123, 107, 1, 10, 1
328, 1, 633, 316, 124, 105, 1, 10, 1
329, 1, 634, 316, 123, 106, 1, 10, 1
330, 1, 635, 316, 123, 106, 1, 10, 1
331, 1, 634, 316, 124, 107, 1, 10, 1
332, 1, 634, 316, 124, 108, 1, 10, 1
333, 1, 634, 317, 125, 106, 1, 10, 1
334, 1, 634, 317, 126, 108, 1, 10, 1
335, 1, 634, 317, 126, 108, 1, 10, 1
336, 1, 635, 317, 125, 109, 1, 10, 1
337, 1, 634, 317, 126, 109, 1, 10, 1
338, 1, 634, 317, 126, 109, 1, 10, 1
339, 1, 635, 317, 126, 108, 1, 10, 1
340, 1, 635, 317, 126, 109, 1, 10, 1
341, 1, 634, 317, 126, 109, 1, 10, 1
342, 1, 635, 317, 125, 109, 1, 10, 1
343, 1, 634, 316, 127, 109, 1, 10, 1
344, 1, 634, 316, 127, 109, 1, 10, 1
345, 1, 634, 316, 126, 110, 1, 10, 1
346, 1, 633, 316, 128, 109, 1, 10, 1
347, 1, 633, 315, 127, 111, 1, 10, 1
348, 1, 634, 314, 126, 112, 1, 10, 1
349, 1, 632, 315, 128, 111, 1, 10, 1
350, 1, 633, 314, 126, 112, 1, 10, 1
351, 1, 632, 314, 128, 111, 1, 10, 1
352, 1, 631, 314, 129, 112, 1, 10, 1
353, 1, 631, 314, 128, 111, 1, 10, 1
354, 1, 629, 314, 129, 108, 1, 10, 1
355, 1, 629, 314, 130, 110, 1, 10, 1
356, 1, 629, 313, 130, 109, 1, 10, 1
357, 1, 627, 314, 131, 109, 1, 10, 1
358, 1, 627, 313, 130, 110, 1, 10, 1
359, 1, 628, 313, 130, 110, 1, 10, 1
360, 1, 627, 313, 129, 110, 1, 10, 1
361, 1, 625, 312, 132, 111, 1, 10, 1
362, 1, 625, 312, 131, 111, 1, 10, 1
363, 1, 623, 312, 132, 111, 1, 10, 1
364, 1, 623, 311, 132, 111, 1, 10, 1
365, 1, 622, 312, 132, 111, 1, 10, 1
366, 1, 621, 312, 132, 111, 1, 10, 1
367, 1, 620, 311, 131, 111, 1, 10, 1
368, 1, 620, 312, 132, 111, 1, 10, 1
369, 1, 620, 312, 131, 111, 1, 10, 1
370, 1, 619, 311, 132, 112, 1, 10, 1
371, 1, 617, 311, 134, 111, 1, 10, 1
372, 1, 618, 311, 132, 112, 1, 10, 1
373, 1, 616, 311, 133, 112, 1, 10, 1
374, 1, 616, 311, 132, 113, 1, 10, 1
375, 1, 613, 311, 136, 114, 1, 10, 1
376, 1, 612, 311, 136, 114, 1, 10, 1
377, 1, 612, 311, 135, 113, 1, 10, 1
378, 1, 612, 311, 135, 115, 1, 10, 1
379, 1, 610, 311, 136, 114, 1, 10, 1
380, 1, 610, 311, 136, 115, 1, 10, 1
381, 1, 608, 311, 137, 115, 1, 10, 1
382, 1, 608, 311, 136, 115, 1, 10, 1
383, 1, 609, 311, 133, 114, 1, 10, 1
384, 1, 604, 312, 139, 114, 1, 10, 1
385, 1, 603, 311, 138, 115, 1, 10, 1
386, 1, 602, 311, 138, 115, 1, 10, 1
387, 1, 602, 311, 137, 115, 1, 10, 1
388, 1, 600, 311, 138, 115, 1, 10, 1
389, 1, 598, 311, 139, 115, 1, 10, 1
390, 1, 598, 310, 139, 114, 1, 10, 1
391, 1, 597, 310, 139, 115, 1, 10, 1
392, 1, 595, 310, 138, 115, 1, 10, 1
393, 1, 593, 310, 140, 116, 1, 10, 1
394, 1, 592, 310, 139, 116, 1, 10, 1
395, 1, 591, 309, 139, 116, 1, 10, 1
396, 1, 589, 310, 140, 115, 1, 10, 1
397, 1, 589, 310, 139, 116, 1, 10, 1
398, 1, 587, 310, 140, 116, 1, 10, 1
399, 1, 585, 310, 141, 115, 1, 10, 1
400, 1, 585, 309, 139, 117, 1, 10, 1
401, 1, 584, 309, 139, 115, 1, 10, 1
402, 1, 582, 309, 141, 118, 1, 10, 1
403, 1, 582, 309, 139, 118, 1, 10, 1
404, 1, 579, 309, 141, 118, 1, 10, 1
405, 1, 578, 309, 142, 118, 1, 10, 1
406, 1, 577, 309, 143, 119, 1, 10, 1
407, 1, 576, 310, 143, 118, 1, 10, 1
408, 1, 575, 310, 143, 118, 1, 10, 1
409, 1, 575, 309, 142, 119, 1, 10, 1
410, 1, 574, 309, 141, 118, 1, 10, 1
411, 1, 574, 308, 142, 120, 1, 10, 1
412, 1, 573, 308, 142, 119, 1, 10, 1
413, 1, 572, 308, 142, 120, 1, 10, 1
414, 1, 570, 307, 144, 121, 1, 10, 1
415, 1, 569, 307, 145, 121, 1, 10, 1
416, 1, 569, 306, 143, 123, 1, 10, 1
417, 1, 567, 307, 146, 122, 1, 10, 1
418, 1, 571, 307, 141, 122, 1, 10, 1
419, 1, 567, 307, 145, 121, 1, 10, 1
420, 1, 565, 306, 147, 124, 1, 10, 1
421, 1, 564, 305, 147, 125, 1, 10, 1
422, 1, 563, 305, 147, 125, 1, 10, 1
423, 1, 563, 305, 146, 125, 1, 10, 1
424, 1, 562, 305, 148, 124, 1, 10, 1
425, 1, 562, 305, 148, 125, 1, 10, 1
426, 1, 562, 304, 146, 126, 1, 10, 1
427, 1, 561, 304, 148, 126, 1, 10, 1
428, 1, 560, 303, 148, 127, 1, 10, 1
429, 1, 560, 304, 149, 126, 1, 10, 1
430, 1, 559, 303, 150, 126, 1, 10, 1
431, 1, 558, 303, 150, 127, 1, 10, 1
432, 1, 559, 302, 149, 127, 1, 10, 1
433, 1, 557, 302, 150, 128, 1, 10, 1
434, 1, 557, 302, 151, 128, 1, 10, 1
435, 1, 557, 302, 150, 127, 1, 10, 1
436, 1, 556, 302, 151, 128, 1, 10, 1
437, 1, 556, 302, 150, 127, 1, 10, 1
438, 1, 556, 302, 151, 127, 1, 10, 1
439, 1, 556, 302, 151, 128, 1, 10, 1
440, 1, 555, 302, 151, 128, 1, 10, 1
441, 1, 554, 301, 152, 130, 1, 10, 1
442, 1, 555, 301, 151, 131, 1, 10, 1
443, 1, 553, 302, 153, 130, 1, 10, 1
444, 1, 553, 302, 153, 130, 1, 10, 1
445, 1, 553, 302, 153, 131, 1, 10, 1
446, 1, 553, 301, 153, 130, 1, 10, 1
447, 1, 553, 300, 153, 131, 1, 10, 1
448, 1, 552, 299, 155, 133, 1, 10, 1
449, 1, 553, 299, 153, 132, 1, 10, 1
450, 1, 553, 299, 154, 133, 1, 10, 1
451, 1, 552, 300, 155, 133, 1, 10, 1
452, 1, 552, 301, 155, 132, 1, 10, 1
453, 1, 552, 301, 155, 131, 1, 10, 1
454, 1, 552, 301, 157, 131, 1, 10, 1
455, 1, 552, 301, 157, 132, 1, 10, 1
456, 1, 551, 300, 159, 133, 1, 10, 1
457, 1, 552, 300, 158, 133, 1, 10, 1
458, 1, 551, 300, 160, 132, 1, 10, 1
459, 1, 552, 300, 159, 132, 1, 10, 1
460, 1, 551, 299, 161, 134, 1, 10, 1
461, 1, 552, 300, 160, 133, 1, 10, 1
462, 1, 551, 300, 163, 134, 1, 10, 1
463, 1, 551, 300, 163, 134, 1, 10, 1
464, 1, 551, 300, 164, 133, 1, 10, 1
465, 1, 551, 300, 164, 134, 1, 10, 1
466, 1, 552, 300, 163, 135, 1, 10, 1
467, 1, 551, 301, 164, 134, 1, 10, 1
468, 1, 551, 301, 166, 134, 1, 10, 1
469, 1, 551, 301, 166, 134, 1, 10, 1
470, 1, 551, 301, 165, 134, 1, 10, 1
471, 1, 551, 301, 167, 134, 1, 10, 1
472, 1, 551, 300, 167, 135, 1, 10, 1
473, 1, 551, 300, 168, 135, 1, 10, 1
474, 1, 552, 299, 167, 135, 1, 10, 1
475, 1, 551, 300, 168, 134, 1, 10, 1
476, 1, 557, 299, 162, 136, 1, 10, 1
477, 1, 552, 299, 167, 136, 1, 10, 1
478, 1, 552, 298, 168, 138, 1, 10, 1
479, 1, 551, 298, 168, 139, 1, 10, 1
480, 1, 552, 298, 168, 138, 1, 10, 1
481, 1, 552, 298, 168, 140, 1, 10, 1
482, 1, 550, 298, 171, 140, 1, 10, 1
483, 1, 550, 298, 171, 141, 1, 10, 1
484, 1, 551, 298, 171, 140, 1, 10, 1
485, 1, 549, 298, 173, 142, 1, 10, 1
486, 1, 549, 298, 173, 143, 1, 10, 1
487, 1, 550, 298, 173, 143, 1, 10, 1
488, 1, 549, 298, 174, 143, 1, 10, 1
489, 1, 550, 298, 174, 144, 1, 10, 1
490, 1, 549, 298, 174, 145, 1, 10, 1
491, 1, 549, 298, 175, 144, 1, 10, 1
492, 1, 549, 299, 176, 144, 1, 10, 1
493, 1, 548, 299, 177, 144, 1, 10, 1
494, 1, 548, 299, 177, 144, 1, 10, 1
495, 1, 548, 299, 177, 145, 1, 10, 1
496, 1, 548, 300, 179, 144, 1, 10, 1
497, 1, 549, 299, 177, 145, 1, 10, 1
498, 1, 549, 299, 179, 145, 1, 10, 1
499, 1, 548, 299, 180, 145, 1, 10, 1
500, 1, 548, 299, 180, 146, 1, 10, 1
501, 1, 548, 299, 180, 147, 1, 10, 1
502, 1, 554, 299, 175, 146, 1, 10, 1
503, 1, 550, 299, 179, 147, 1, 10, 1
504, 1, 550, 299, 179, 147, 1, 10, 1
505, 1, 550, 299, 179, 148, 1, 10, 1
506, 1, 550, 299, 180, 148, 1, 10, 1
507, 1, 551, 300, 181, 147, 1, 10, 1
508, 1, 551, 300, 181, 147, 1, 10, 1
509, 1, 549, 300, 183, 148, 1, 10, 1
510, 1, 551, 300, 182, 149, 1, 10, 1
511, 1, 551, 300, 183, 150, 1, 10, 1
512, 1, 550, 300, 183, 149, 1, 10, 1
513, 1, 550, 300, 184, 150, 1, 10, 1
514, 1, 550, 300, 184, 150, 1, 10, 1
515, 1, 550, 299, 186, 152, 1, 10, 1
516, 1, 550, 300, 185, 151, 1, 10, 1
517, 1, 554, 299, 183, 151, 1, 10, 1
518, 1, 551, 299, 186, 153, 1, 10, 1
519, 1, 550, 299, 188, 151, 1, 10, 1
520, 1, 550, 299, 188, 153, 1, 10, 1
521, 1, 550, 299, 188, 153, 1, 10, 1
522, 1, 555, 298, 184, 153, 1, 10, 1
523, 1, 551, 299, 188, 152, 1, 10, 1
524, 1, 550, 298, 188, 154, 1, 10, 1
525, 1, 551, 298, 188, 154, 1, 10, 1
526, 1, 550, 298, 189, 155, 1, 10, 1
527, 1, 549, 299, 190, 154, 1, 10, 1
528, 1, 549, 298, 191, 155, 1, 10, 1
529, 1, 549, 298, 191, 156, 1, 10, 1
530, 1, 548, 298, 192, 157, 1, 10, 1
531, 1, 548, 298, 193, 157, 1, 10, 1
532, 1, 549, 298, 192, 156, 1, 10, 1
533, 1, 548, 298, 194, 158, 1, 10, 1
534, 1, 546, 298, 196, 158, 1, 10, 1
535, 1, 545, 298, 196, 158, 1, 10, 1
536, 1, 545, 298, 198, 157, 1, 10, 1
537, 1, 546, 298, 197, 159, 1, 10, 1
538, 1, 546, 298, 197, 158, 1, 10, 1
539, 1, 547, 298, 195, 158, 1, 10, 1
540, 1, 546, 297, 198, 160, 1, 10, 1
541, 1, 546, 297, 198, 159, 1, 10, 1
542, 1, 545, 298, 200, 159, 1, 10, 1
543, 1, 546, 297, 199, 160, 1, 10, 1
544, 1, 544, 297, 202, 159, 1, 10, 1
545, 1, 544, 296, 201, 160, 1, 10, 1
546, 1, 545, 296, 201, 161, 1, 10, 1
547, 1, 544, 295, 203, 163, 1, 10, 1
548, 1, 543, 295, 203, 164, 1, 10, 1
549, 1, 543, 295, 204, 163, 1, 10, 1
550, 1, 543, 295, 204, 165, 1, 10, 1
551, 1, 542, 295, 206, 165, 1, 10, 1
552, 1, 544, 295, 203, 164, 1, 10, 1
553, 1, 543, 295, 205, 164, 1, 10, 1
554, 1, 543, 295, 206, 165, 1, 10, 1
555, 1, 540, 295, 208, 165, 1, 10, 1
556, 1, 541, 296, 208, 165, 1, 10, 1
557, 1, 540, 295, 210, 166, 1, 10, 1
558, 1, 539, 295, 211, 165, 1, 10, 1
559, 1, 540, 295, 210, 166, 1, 10, 1
560, 1, 539, 295, 211, 166, 1, 10, 1
561, 1, 538, 294, 212, 166, 1, 10, 1
562, 1, 538, 294, 213, 165, 1, 10, 1
563, 1, 537, 294, 214, 166, 1, 10, 1
564, 1, 537, 294, 214, 165, 1, 10, 1
565, 1, 536, 293, 213, 167, 1, 10, 1
566, 1, 535, 293, 214, 166, 1, 10, 1
567, 1, 535, 293, 214, 166, 1, 10, 1
568, 1, 534, 292, 217, 167, 1, 10, 1
569, 1, 533, 292, 216, 168, 1, 10, 1
570, 1, 534, 291, 216, 169, 1, 10, 1
571, 1, 532, 290, 217, 171, 1, 10, 1
572, 1, 532, 291, 218, 169, 1, 10, 1
573, 1, 530, 290, 220, 171, 1, 10, 1
574, 1, 529, 290, 220, 172, 1, 10, 1
575, 1, 527, 290, 222, 172, 1, 10, 1
576, 1, 526, 290, 222, 172, 1, 10, 1
577, 1, 527, 290, 221, 172, 1, 10, 1
578, 1, 525, 289, 223, 173, 1, 10, 1
579, 1, 525, 289, 223, 173, 1, 10, 1
580, 1, 524, 288, 224, 173, 1, 10, 1
581, 1, 524, 288, 225, 174, 1, 10, 1
582, 1, 524, 288, 225, 174, 1, 10, 1
583, 1, 523, 288, 226, 174, 1, 10, 1
584, 1, 522, 288, 228, 173, 1, 10, 1
585, 1, 522, 287, 228, 173, 1, 10, 1
586, 1, 520, 287, 230, 174, 1, 10, 1
587, 1, 520, 286, 230, 173, 1, 10, 1
588, 1, 520, 286, 229, 174, 1, 10, 1
589, 1, 521, 286, 229, 174, 1, 10, 1
590, 1, 519, 284, 231, 176, 1, 10, 1
591, 1, 520, 284, 229, 176, 1, 10, 1
592, 1, 518, 283, 232, 177, 1, 10, 1
593, 1, 519, 283, 230, 176, 1, 10, 1
594, 1, 519, 283, 230, 177, 1, 10, 1
595, 1, 519, 283, 231, 177, 1, 10, 1
596, 1, 517, 283, 233, 178, 1, 10, 1
597, 1, 519, 282, 230, 178, 1, 10, 1
598, 1, 518, 282, 231, 178, 1, 10, 1
599, 1, 518, 281, 232, 179, 1, 10, 1
600, 1, 518, 281, 231, 179, 1, 10, 1
601, 1, 517, 281, 233, 179, 1, 10, 1
602, 1, 516, 281, 234, 178, 1, 10, 1
603, 1, 517, 280, 233, 179, 1, 10, 1
604, 1, 515, 279, 235, 179, 1, 10, 1
605, 1, 516, 279, 234, 180, 1, 10, 1
606, 1, 514, 279, 235, 179, 1, 10, 1
607, 1, 514, 278, 234, 180, 1, 10, 1
608, 1, 513, 278, 234, 180, 1, 10, 1
609, 1, 511, 278, 235, 180, 1, 10, 1
610, 1, 512, 278, 234, 180, 1, 10, 1
611, 1, 510, 277, 234, 181, 1, 10, 1
612, 1, 509, 276, 235, 181, 1, 10, 1
613, 1, 509, 275, 235, 183, 1, 10, 1
614, 1, 508, 275, 235, 181, 1, 10, 1
615, 1, 507, 274, 236, 182, 1, 10, 1
616, 1, 505, 274, 236, 183, 1, 10, 1
617, 1, 503, 273, 238, 183, 1, 10, 1
618, 1, 504, 273, 235, 184, 1, 10, 1
619, 1, 502, 272, 236, 185, 1, 10, 1
620, 1, 503, 271, 234, 186, 1, 10, 1
621, 1, 502, 271, 233, 186, 1, 10, 1
622, 1, 500, 270, 235, 187, 1, 10, 1
623, 1, 500, 271, 234, 184, 1, 10, 1
624, 1, 499, 271, 234, 185, 1, 10, 1
625, 1, 498, 270, 234, 185, 1, 10, 1
626, 1, 496, 269, 235, 186, 1, 10, 1
627, 1, 496, 269, 234, 186, 1, 10, 1
628, 1, 495, 269, 235, 185, 1, 10, 1
629, 1, 495, 268, 235, 186, 1, 10, 1
630, 1, 495, 267, 234, 188, 1, 10, 1
631, 1, 494, 267, 233, 189, 1, 10, 1
632, 1, 494, 267, 234, 188, 1, 10, 1
633, 1, 492, 267, 236, 188, 1, 10, 1
634, 1, 492, 266, 235, 189, 1, 10, 1
635, 1, 492, 266, 234, 189, 1, 10, 1
636, 1, 491, 266, 235, 189, 1, 10, 1
637, 1, 491, 266, 235, 188, 1, 10, 1
638, 1, 489, 265, 236, 188, 1, 10, 1
639, 1, 490, 264, 235, 190, 1, 10, 1
640, 1, 489, 263, 235, 191, 1, 10, 1
641, 1, 488, 263, 237, 192, 1, 10, 1
642, 1, 489, 261, 235, 193, 1, 10, 1
643, 1, 490, 261, 234, 193, 1, 10, 1
644, 1, 488, 261, 235, 193, 1, 10, 1
645, 1, 488, 261, 236, 194, 1, 10, 1
646, 1, 487, 261, 237, 193, 1, 10, 1
647, 1, 488, 260, 235, 196, 1, 10, 1
648, 1, 487, 260, 237, 196, 1, 10, 1
649, 1, 488, 260, 235, 195, 1, 10, 1
650, 1, 487, 260, 235, 197, 1, 10, 1
651, 1, 487, 260, 236, 196, 1, 10, 1
652, 1, 488, 260, 234, 197, 1, 10, 1
653, 1, 488, 260, 235, 196, 1, 10, 1
654, 1, 489, 260, 234, 198, 1, 10, 1
655, 1, 489, 260, 235, 197, 1, 10, 1
656, 1, 488, 259, 235, 199, 1, 10, 1
657, 1, 489, 260, 235, 197, 1, 10, 1
658, 1, 488, 261, 234, 198, 1, 10, 1
659, 1, 489, 260, 235, 197, 1, 10, 1
660, 1, 489, 259, 233, 200, 1, 10, 1
661, 1, 488, 259, 234, 200, 1, 10, 1
662, 1, 488, 260, 234, 199, 1, 10, 1
663, 1, 489, 260, 233, 198, 1, 10, 1
664, 1, 488, 260, 232, 200, 1, 10, 1
665, 1, 489, 260, 232, 199, 1, 10, 1
666, 1, 489, 260, 231, 200, 1, 10, 1
667, 1, 488, 260, 232, 201, 1, 10, 1
668, 1, 489, 261, 230, 201, 1, 10, 1
669, 1, 489, 261, 231, 203, 1, 10, 1
670, 1, 489, 262, 231, 203, 1, 10, 1
671, 1, 490, 262, 230, 203, 1, 10, 1
672, 1, 490, 262, 230, 204, 1, 10, 1
673, 1, 491, 262, 227, 203, 1, 10, 1
674, 1, 489, 263, 229, 203, 1, 10, 1
675, 1, 490, 263, 229, 205, 1, 10, 1
676, 1, 489, 263, 229, 206, 1, 10, 1
677, 1, 490, 264, 229, 205, 1, 10, 1
678, 1, 489, 265, 229, 204, 1, 10, 1
679, 1, 490, 265, 228, 204, 1, 10, 1
680, 1, 489, 266, 229, 204, 1, 10, 1
681, 1, 489, 266, 230, 205, 1, 10, 1
682, 1, 489, 266, 229, 207, 1, 10, 1
683, 1, 491, 266, 228, 206, 1, 10, 1
684, 1, 492, 267, 227, 206, 1, 10, 1
685, 1, 491, 267, 229, 207, 1, 10, 1
686, 1, 493, 268, 229, 207, 1, 10, 1
687, 1, 493, 268, 229, 207, 1, 10, 1
688, 1, 493, 268, 229, 209, 1, 10, 1
689, 1, 495, 268, 229, 210, 1, 10, 1
690, 1, 495, 268, 229, 211, 1, 10, 1
691, 1, 496, 269, 228, 210, 1, 10, 1
692, 1, 495, 269, 230, 212, 1, 10, 1
693, 1, 496, 270, 230, 210, 1, 10, 1
694, 1, 496, 270, 231, 212, 1, 10, 1
695, 1, 497, 270, 229, 213, 1, 10, 1
696, 1, 497, 271, 231, 212, 1, 10, 1
697, 1, 498, 271, 230, 213, 1, 10, 1
698, 1, 498, 271, 229, 213, 1, 10, 1
699, 1, 499, 272, 229, 213, 1, 10, 1
700, 1, 499, 271, 230, 214, 1, 10, 1
701, 1, 499, 272, 230, 215, 1, 10, 1
702, 1, 498, 272, 231, 216, 1, 10, 1
703, 1, 499, 272, 230, 216, 1, 10, 1
704, 1, 498, 273, 231, 215, 1, 10, 1
705, 1, 497, 273, 231, 216, 1, 10, 1
706, 1, 498, 273, 230, 218, 1, 10, 1
707, 1, 497, 274, 231, 217, 1, 10, 1
708, 1, 497, 273, 230, 220, 1, 10, 1
709, 1, 497, 274, 230, 219, 1, 10, 1
710, 1, 497, 275, 228, 218, 1, 10, 1
711, 1, 496, 275, 228, 218, 1, 10, 1
712, 1, 495, 275, 229, 219, 1, 10, 1
713, 1, 496, 275, 228, 221, 1, 10, 1
714, 1, 493, 276, 228, 220, 1, 10, 1
715, 1, 492, 276, 229, 221, 1, 10, 1
716, 1, 492, 276, 227, 222, 1, 10, 1
717, 1, 491, 277, 228, 222, 1, 10, 1
718, 1, 490, 277, 228, 223, 1, 10, 1
719, 1, 489, 278, 228, 221, 1, 10, 1
720, 1, 490, 278, 227, 223, 1, 10, 1
721, 1, 488, 278, 228, 223, 1, 10, 1
722, 1, 488, 279, 226, 222, 1, 10, 1
723, 1, 487, 279, 227, 223, 1, 10, 1
724, 1, 487, 279, 227, 223, 1, 10, 1
725, 1, 487, 279, 227, 224, 1, 10, 1
726, 1, 485, 280, 227, 222, 1, 10, 1
727, 1, 486, 280, 226, 225, 1, 10, 1
728, 1, 486, 280, 227, 224, 1, 10, 1
729, 1, 484, 281, 228, 224, 1, 10, 1
730, 1, 485, 281, 227, 225, 1, 10, 1
731, 1, 485, 281, 227, 225, 1, 10, 1
732, 1, 483, 280, 229, 227, 1, 10, 1
733, 1, 484, 281, 227, 226, 1, 10, 1
734, 1, 484, 281, 226, 227, 1, 10, 1
735, 1, 484, 281, 226, 228, 1, 10, 1
736, 1, 483, 281, 228, 228, 1, 10, 1
737, 1, 482, 281, 228, 228, 1, 10, 1
738, 1, 481, 281, 228, 229, 1, 10, 1
739, 1, 481, 281, 229, 229, 1, 10, 1
740, 1, 480, 281, 230, 229, 1, 10, 1
741, 1, 479, 281, 231, 231, 1, 10, 1
742, 1, 478, 281, 231, 231, 1, 10, 1
743, 1, 478, 281, 230, 232, 1, 10, 1
744, 1, 479, 281, 230, 233, 1, 10, 1
745, 1, 478, 281, 229, 233, 1, 10, 1
746, 1, 478, 281, 230, 235, 1, 10, 1
747, 1, 479, 281, 228, 234, 1, 10, 1
748, 1, 478, 281, 230, 235, 1, 10, 1
749, 1, 479, 281, 228, 236, 1, 10, 1
750, 1, 479, 281, 228, 237, 1, 10, 1