1, 1, 567, 294, 563, 499, 1, 7, 1
2, 1, 568, 294, 565, 499, 1, 7, 1
3, 1, 567, 294, 571, 500, 1, 7, 1
4, 1, 567, 293, 574, 500, 1, 7, 1
5, 1, 566, 292, 577, 500, 1, 7, 1
6, 1, 567, 290, 582, 502, 1, 7, 1
7, 1, 566, 290, 585, 501, 1, 7, 1
8, 1, 567, 289, 587, 503, 1, 7, 1
9, 1, 567, 286, 590, 505, 1, 7, 1
10, 1, 566, 286, 598, 505, 1, 7, 1
11, 1, 567, 286, 599, 505, 1, 7, 1
12, 1, 568, 285, 595, 506, 1, 7, 1
13, 1, 566, 281, 601, 510, 1, 7, 1
14, 1, 569, 281, 598, 510, 1, 7, 1
15, 1, 566, 279, 603, 512, 1, 7, 1
16, 1, 567, 280, 601, 511, 1, 7, 1
17, 1, 566, 278, 599, 514, 1, 7, 1
18, 1, 565, 280, 601, 512, 1, 7, 1
19, 1, 567, 279, 588, 513, 1, 7, 1
20, 1, 569, 279, 584, 513, 1, 7, 1
21, 1, 568, 279, 580, 514, 1, 7, 1
22, 1, 568, 278, 577, 516, 1, 7, 1
23, 1, 567, 278, 579, 516, 1, 7, 1
24, 1, 568, 278, 577, 516, 1, 7, 1
25, 1, 567, 281, 578, 514, 1, 7, 1
26, 1, 567, 282, 576, 513, 1, 7, 1
27, 1, 570, 287, 563, 510, 1, 7, 1
28, 1, 570, 289, 561, 506, 1, 7, 1
29, 1, 570, 291, 562, 505, 1, 7, 1
30, 1, 570, 300, 551, 495, 1, 7, 1
31, 1, 569, 305, 556, 490, 1, 7, 1
32, 1, 569, 307, 557, 488, 1, 7, 1
33, 1, 569, 319, 563, 476, 1, 7, 1
34, 1, 569, 325, 569, 472, 1, 7, 1
35, 1, 570, 325, 569, 472, 1, 7, 1
36, 1, 570, 322, 575, 474, 1, 7, 1
37, 1, 569, 326, 578, 470, 1, 7, 1
38, 1, 570, 329, 582, 467, 1, 7, 1
39, 1, 568, 338, 587, 457, 1, 7, 1
40, 1, 569, 345, 591, 451, 1, 7, 1
41, 1, 569, 344, 591, 453, 1, 7, 1
42, 1, 571, 356, 591, 440, 1, 7, 1
43, 1, 569, 366, 597, 430, 1, 7, 1
44, 1, 570, 370, 604, 425, 1, 7, 1
45, 1, 570, 374, 608, 421, 1, 7, 1
46, 1, 568, 387, 611, 408, 1, 7, 1
47, 1, 568, 387, 611, 408, 1, 7, 1
48, 1, 566, 393, 620, 402, 1, 7, 1
49, 1, 567, 399, 623, 396, 1, 7, 1
50, 1, 567, 407, 626, 389, 1, 7, 1
51, 1, 567, 414, 632, 380, 1, 7, 1
52, 1, 566, 416, 632, 378, 1, 7, 1
53, 1, 567, 416, 633, 379, 1, 7, 1
54, 1, 567, 417, 631, 378, 1, 7, 1
55, 1, 565, 417, 634, 377, 1, 7, 1
56, 1, 567, 417, 630, 377, 1, 7, 1
57, 1, 567, 415, 631, 380, 1, 7, 1
58, 1, 567, 413, 630, 381, 1, 7, 1
59, 1, 567, 413, 630, 381, 1, 7, 1
60, 1, 566, 412, 631, 383, 1, 7, 1
61, 1, 566, 409, 629, 385, 1, 7, 1
62, 1, 567, 408, 626, 386, 1, 7, 1
63, 1, 566, 409, 626, 385, 1, 7, 1
64, 1, 567, 407, 625, 387, 1, 7, 1
65, 1, 567, 407, 625, 387, 1, 7, 1
66, 1, 567, 405, 624, 390, 1, 7, 1
67, 1, 568, 403, 623, 391, 1, 7, 1
68, 1, 568, 401, 623, 393, 1, 7, 1
69, 1, 568, 401, 622, 393, 1, 7, 1
70, 1, 566, 397, 622, 397, 1, 7, 1
71, 1, 567, 397, 621, 398, 1, 7, 1
72, 1, 568, 394, 619, 400, 1, 7, 1
73, 1, 569, 393, 615, 401, 1, 7, 1
74, 1, 568, 392, 614, 402, 1, 7, 1
75, 1, 569, 388, 612, 406, 1, 7, 1
76, 1, 568, 388, 611, 407, 1, 7, 1
77, 1, 569, 389, 610, 406, 1, 7, 1
78, 1, 570, 383, 607, 412, 1, 7, 1
79, 1, 569, 380, 606, 414, 1, 7, 1
80, 1, 569, 376, 604, 419, 1, 7, 1
81, 1, 568, 375, 603, 420, 1, 7, 1
82, 1, 569, 374, 601, 421, 1, 7, 1
83, 1, 569, 374, 601, 422, 1, 7, 1
84, 1, 570, 371, 599, 425, 1, 7, 1
85, 1, 570, 372, 598, 424, 1, 7, 1
86, 1, 571, 366, 598, 430, 1, 7, 1
87, 1, 570, 365, 598, 430, 1, 7, 1
88, 1, 570, 363, 597, 433, 1, 7, 1
89, 1, 569, 363, 597, 432, 1, 7, 1
90, 1, 570, 361, 596, 434, 1, 7, 1
91, 1, 568, 359, 597, 437, 1, 7, 1
92, 1, 567, 358, 602, 439, 1, 7, 1
93, 1, 569, 356, 598, 440, 1, 7, 1
94, 1, 568, 355, 598, 441, 1, 7, 1
95, 1, 569, 355, 596, 441, 1, 7, 1
96, 1, 570, 353, 593, 443, 1, 7, 1
97, 1, 569, 352, 594, 444, 1, 7, 1
98, 1, 569, 350, 593, 446, 1, 7, 1
99, 1, 568, 348, 595, 448, 1, 7, 1
100, 1, 568, 348, 595, 448, 1, 7, 1
101, 1, 569, 347, 593, 449, 1, 7, 1
102, 1, 568, 343, 592, 453, 1, 7, 1
103, 1, 567, 341, 590, 456, 1, 7, 1
104, 1, 569, 338, 587, 459, 1, 7, 1
105, 1, 568, 336, 586, 460, 1, 7, 1
106, 1, 568, 337, 586, 459, 1, 7, 1
107, 1, 566, 334, 587, 463, 1, 7, 1
108, 1, 567, 331, 588, 465, 1, 7, 1
109, 1, 565, 328, 604, 468, 1, 7, 1
110, 1, 565, 327, 603, 469, 1, 7, 1
111, 1, 567, 327, 599, 469, 1, 7, 1
112, 1, 565, 327, 600, 468, 1, 7, 1
113, 1, 565, 327, 603, 468, 1, 7, 1
114, 1, 564, 326, 605, 468, 1, 7, 1
115, 1, 563, 327, 615, 468, 1, 7, 1
116, 1, 563, 325, 622, 470, 1, 7, 1
117, 1, 563, 326, 620, 468, 1, 7, 1
118, 1, 563, 326, 619, 468, 1, 7, 1
119, 1, 563, 325, 624, 470, 1, 7, 1
120, 1, 563, 324, 626, 470, 1, 7, 1
121, 1, 564, 322, 626, 473, 1, 7, 1
122, 1, 564, 322, 626, 473, 1, 7, 1
123, 1, 564, 322, 629, 473, 1, 7, 1
124, 1, 563, 322, 628, 473, 1, 7, 1
125, 1, 565, 321, 628, 473, 1, 7, 1
126, 1, 563, 320, 630, 474, 1, 7, 1
127, 1, 564, 320, 629, 475, 1, 7, 1
128, 1, 565, 317, 634, 477, 1, 7, 1
129, 1, 566, 317, 634, 478, 1, 7, 1
130, 1, 567, 315, 634, 480, 1, 7, 1
131, 1, 566, 316, 641, 478, 1, 7, 1
132, 1, 567, 315, 638, 479, 1, 7, 1
133, 1, 566, 313, 643, 482, 1, 7, 1
134, 1, 565, 310, 645, 484, 1, 7, 1
135, 1, 566, 310, 645, 484, 1, 7, 1
136, 1, 566, 306, 644, 488, 1, 7, 1
137, 1, 566, 305, 650, 490, 1, 7, 1
138, 1, 567, 304, 649, 490, 1, 7, 1
139, 1, 567, 304, 648, 491, 1, 7, 1
140, 1, 568, 300, 644, 494, 1, 7, 1
141, 1, 568, 300, 643, 494, 1, 7, 1
142, 1, 568, 300, 646, 495, 1, 7, 1
143, 1, 566, 301, 645, 493, 1, 7, 1
144, 1, 567, 302, 646, 493, 1, 7, 1
145, 1, 567, 305, 645, 488, 1, 7, 1
146, 1, 567, 304, 646, 490, 1, 7, 1
147, 1, 567, 304, 646, 489, 1, 7, 1
148, 1, 567, 308, 641, 485, 1, 7, 1
149, 1, 567, 309, 638, 484, 1, 7, 1
150, 1, 566, 310, 637, 483, 1, 7, 1
151, 1, 566, 310, 632, 483, 1, 7, 1
152, 1, 565, 309, 630, 483, 1, 7, 1
153, 1, 566, 309, 629, 483, 1, 7, 1
154, 1, 567, 308, 626, 486, 1, 7, 1
155, 1, 567, 307, 623, 487, 1, 7, 1
156, 1, 566, 307, 620, 486, 1, 7, 1
157, 1, 566, 307, 612, 486, 1, 7, 1
158, 1, 566, 309, 610, 484, 1, 7, 1
159, 1, 566, 309, 611, 484, 1, 7, 1
160, 1, 565, 307, 607, 486, 1, 7, 1
161, 1, 565, 307, 606, 488, 1, 7, 1
162, 1, 566, 306, 600, 489, 1, 7, 1
163, 1, 566, 305, 596, 489, 1, 7, 1
164, 1, 567, 306, 595, 489, 1, 7, 1
165, 1, 566, 306, 597, 488, 1, 7, 1
166, 1, 568, 305, 586, 490, 1, 7, 1
167, 1, 568, 306, 583, 488, 1, 7, 1
168, 1, 568, 306, 583, 489, 1, 7, 1
169, 1, 568, 305, 581, 490, 1, 7, 1
170, 1, 569, 302, 577, 494, 1, 7, 1
171, 1, 569, 303, 577, 493, 1, 7, 1
172, 1, 567, 303, 578, 492, 1, 7, 1
173, 1, 570, 301, 569, 495, 1, 7, 1
174, 1, 568, 301, 570, 494, 1, 7, 1
175, 1, 568, 301, 568, 493, 1, 7, 1
176, 1, 570, 293, 558, 501, 1, 7, 1
177, 1, 570, 293, 558, 501, 1, 7, 1
178, 1, 568, 290, 557, 504, 1, 7, 1
179, 1, 570, 290, 550, 506, 1, 7, 1
180, 1, 569, 293, 550, 502, 1, 7, 1
181, 1, 569, 286, 545, 509, 1, 7, 1
182, 1, 568, 281, 542, 515, 1, 7, 1
183, 1, 568, 282, 543, 515, 1, 7, 1
184, 1, 569, 279, 539, 517, 1, 7, 1
185, 1, 568, 276, 534, 520, 1, 7, 1
186, 1, 567, 274, 530, 522, 1, 7, 1
187, 1, 568, 274, 530, 522, 1, 7, 1
188, 1, 566, 273, 528, 524, 1, 7, 1
189, 1, 566, 269, 527, 528, 1, 7, 1
190, 1, 567, 271, 524, 525, 1, 7, 1
191, 1, 566, 266, 519, 530, 1, 7, 1
192, 1, 567, 269, 516, 527, 1, 7, 1
193, 1, 566, 267, 515, 527, 1, 7, 1
194, 1, 565, 267, 518, 527, 1, 7, 1
195, 1, 565, 265, 515, 528, 1, 7, 1
196, 1, 565, 264, 515, 531, 1, 7, 1
197, 1, 565, 263, 514, 530, 1, 7, 1
198, 1, 564, 263, 515, 530, 1, 7, 1
199, 1, 564, 264, 512, 529, 1, 7, 1
200, 1, 565, 264, 511, 529, 1, 7, 1
201, 1, 564, 261, 513, 532, 1, 7, 1
202, 1, 564, 260, 512, 534, 1, 7, 1
203, 1, 565, 255, 510, 538, 1, 7, 1
204, 1, 563, 253, 508, 540, 1, 7, 1
205, 1, 565, 251, 502, 544, 1, 7, 1
206, 1, 565, 251, 502, 543, 1, 7, 1
207, 1, 566, 246, 495, 546, 1, 7, 1
208, 1, 566, 245, 493, 547, 1, 7, 1
209, 1, 565, 245, 493, 548, 1, 7, 1
210, 1, 566, 241, 490, 549, 1, 7, 1
211, 1, 566, 232, 489, 559, 1, 7, 1
212, 1, 567, 232, 481, 560, 1, 7, 1
213, 1, 566, 232, 482, 560, 1, 7, 1
214, 1, 568, 230, 474, 563, 1, 7, 1
215, 1, 569, 229, 469, 563, 1, 7, 1
216, 1, 568, 230, 464, 562, 1, 7, 1
217, 1, 568, 227, 460, 565, 1, 7, 1
218, 1, 569, 223, 450, 568, 1, 7, 1
219, 1, 571, 221, 442, 570, 1, 7, 1
220, 1, 573, 213, 435, 579, 1, 7, 1
221, 1, 573, 213, 434, 579, 1, 7, 1
222, 1, 576, 207, 427, 587, 1, 7, 1
223, 1, 576, 205, 422, 590, 1, 7, 1
224, 1, 577, 205, 419, 589, 1, 7, 1
225, 1, 577, 202, 411, 593, 1, 7, 1
226, 1, 577, 202, 412, 593, 1, 7, 1
227, 1, 580, 201, 403, 594, 1, 7, 1
228, 1, 582, 201, 394, 595, 1, 7, 1
229, 1, 584, 200, 387, 596, 1, 7, 1
230, 1, 586, 199, 378, 597, 1, 7, 1
231, 1, 588, 197, 372, 597, 1, 7, 1
232, 1, 588, 197, 372, 598, 1, 7, 1
233, 1, 588, 195, 364, 602, 1, 7, 1
234, 1, 589, 192, 364, 606, 1, 7, 1
235, 1, 590, 190, 361, 606, 1, 7, 1
236, 1, 591, 190, 359, 607, 1, 7, 1
237, 1, 592, 190, 359, 606, 1, 7, 1
238, 1, 595, 189, 356, 608, 1, 7, 1
239, 1, 595, 188, 356, 610, 1, 7, 1
240, 1, 594, 189, 355, 609, 1, 7, 1
241, 1, 594, 190, 358, 607, 1, 7, 1
242, 1, 597, 188, 356, 608, 1, 7, 1
243, 1, 598, 190, 356, 607, 1, 7, 1
244, 1, 597, 190, 358, 607, 1, 7, 1
245, 1, 597, 189, 362, 607, 1, 7, 1
246, 1, 598, 190, 363, 605, 1, 7, 1
247, 1, 598, 191, 366, 604, 1, 7, 1
248, 1, 598, 192, 366, 602, 1, 7, 1
249, 1, 599, 196, 369, 598, 1, 7, 1
250, 1, 599, 196, 369, 598, 1, 7, 1
251, 1, 598, 198, 368, 596, 1, 7, 1
252, 1, 599, 200, 373, 595, 1, 7, 1
253, 1, 600, 202, 375, 592, 1, 7, 1
254, 1, 601, 204, 374, 590, 1, 7, 1
255, 1, 602, 205, 378, 590, 1, 7, 1
256, 1, 602, 204, 378, 592, 1, 7, 1
257, 1, 603, 207, 382, 588, 1, 7, 1
258, 1, 604, 209, 388, 585, 1, 7, 1
259, 1, 603, 210, 391, 584, 1, 7, 1
260, 1, 603, 212, 394, 582, 1, 7, 1
261, 1, 603, 214, 397, 581, 1, 7, 1
262, 1, 604, 215, 395, 579, 1, 7, 1
263, 1, 603, 217, 396, 577, 1, 7, 1
264, 1, 605, 221, 397, 573, 1, 7, 1
265, 1, 605, 221, 398, 573, 1, 7, 1
266, 1, 605, 218, 399, 577, 1, 7, 1
267, 1, 605, 224, 400, 572, 1, 7, 1
268, 1, 605, 224, 399, 571, 1, 7, 1
269, 1, 606, 225, 401, 571, 1, 7, 1
270, 1, 605, 229, 402, 567, 1, 7, 1
271, 1, 606, 232, 401, 561, 1, 7, 1
272, 1, 604, 236, 402, 558, 1, 7, 1
273, 1, 606, 234, 403, 560, 1, 7, 1
274, 1, 605, 234, 404, 562, 1, 7, 1
275, 1, 605, 234, 402, 561, 1, 7, 1
276, 1, 605, 238, 400, 557, 1, 7, 1
277, 1, 605, 238, 398, 558, 1, 7, 1
278, 1, 605, 238, 399, 557, 1, 7, 1
279, 1, 606, 239, 394, 555, 1, 7, 1
280, 1, 606, 240, 395, 553, 1, 7, 1
281, 1, 607, 241, 393, 552, 1, 7, 1
282, 1, 605, 242, 392, 551, 1, 7, 1
283, 1, 605, 242, 390, 552, 1, 7, 1
284, 1, 607, 242, 385, 551, 1, 7, 1
285, 1, 607, 242, 385, 551, 1, 7, 1
286, 1, 606, 243, 381, 549, 1, 7, 1
287, 1, 605, 243, 380, 548, 1, 7, 1
288, 1, 605, 242, 377, 550, 1, 7, 1
289, 1, 607, 241, 370, 551, 1, 7, 1
290, 1, 603, 238, 377, 555, 1, 7, 1
291, 1, 605, 237, 374, 555, 1, 7, 1
292, 1, 606, 237, 372, 556, 1, 7, 1
293, 1, 602, 236, 372, 557, 1, 7, 1
294, 1, 603, 231, 368, 563, 1, 7, 1
295, 1, 604, 229, 362, 565, 1, 7, 1
296, 1, 605, 228, 357, 565, 1, 7, 1
297, 1, 606, 229, 354, 564, 1, 7, 1
298, 1, 605, 229, 356, 564, 1, 7, 1
299, 1, 606, 227, 353, 565, 1, 7, 1
300, 1, 606, 225, 349, 568, 1, 7, 1
301, 1, 604, 226, 351, 568, 1, 7, 1
302, 1, 607, 221, 345, 572, 1, 7, 1
303, 1, 602, 220, 349, 573, 1, 7, 1
304, 1, 603, 220, 348, 573, 1, 7, 1
305, 1, 604, 220, 347, 575, 1, 7, 1
306, 1, 603, 222, 346, 573, 1, 7, 1
307, 1, 603, 220, 346, 576, 1, 7, 1
308, 1, 604, 219, 344, 577, 1, 7, 1
309, 1, 605, 219, 344, 575, 1, 7, 1
310, 1, 602, 218, 346, 576, 1, 7, 1
311, 1, 603, 218, 345, 577, 1, 7, 1
312, 1, 601, 217, 346, 579, 1, 7, 1
313, 1, 603, 217, 344, 579, 1, 7, 1
314, 1, 604, 218, 344, 577, 1, 7, 1
315, 1, 599, 218, 348, 577, 1, 7, 1
316, 1, 601, 216, 345, 579, 1, 7, 1
317, 1, 604, 216, 342, 578, 1, 7, 1
318, 1, 602, 216, 344, 576, 1, 7, 1
319, 1, 600, 216, 346, 576, 1, 7, 1
320, 1, 599, 216, 347, 576, 1, 7, 1
321, 1, 599, 215, 348, 578, 1, 7, 1
322, 1, 600, 215, 348, 579, 1, 7, 1
323, 1, 601, 216, 346, 577, 1, 7, 1
324, 1, 601, 217, 346, 577, 1, 7, 1
325, 1, 599, 218, 348, 575, 1, 7, 1
326, 1, 598, 218, 350, 575, 1, 7, 1
327, 1, 597, 218, 350, 575, 1, 7, 1
328, 1, 598, 218, 350, 574, 1, 7, 1
329, 1, 599, 217, 348, 575, 1, 7, 1
330, 1, 599, 218, 349, 574, 1, 7, 1
331, 1, 598, 217, 350, 574, 1, 7, 1
332, 1, 599, 217, 350, 575, 1, 7, 1
333, 1, 598, 217, 348, 573, 1, 7, 1
334, 1, 598, 218, 350, 571, 1, 7, 1
335, 1, 597, 219, 352, 570, 1, 7, 1
336, 1, 598, 221, 351, 570, 1, 7, 1
337, 1, 597, 218, 351, 572, 1, 7, 1
338, 1, 596, 218, 352, 572, 1, 7, 1
339, 1, 597, 215, 351, 575, 1, 7, 1
340, 1, 596, 227, 352, 563, 1, 7, 1
341, 1, 597, 219, 352, 570, 1, 7, 1
342, 1, 596, 221, 351, 569, 1, 7, 1
343, 1, 596, 226, 350, 565, 1, 7, 1
344, 1, 596, 227, 350, 564, 1, 7, 1
345, 1, 597, 224, 350, 567, 1, 7, 1
346, 1, 597, 223, 350, 568, 1, 7, 1
347, 1, 596, 228, 349, 563, 1, 7, 1
348, 1, 599, 252, 348, 539, 1, 7, 1
349, 1, 599, 284, 347, 505, 1, 7, 1
350, 1, 599, 281, 348, 509, 1, 7, 1
351, 1, 601, 275, 345, 514, 1, 7, 1
352, 1, 600, 281, 347, 509, 1, 7, 1
353, 1, 601, 263, 346, 526, 1, 7, 1
354, 1, 601, 245, 345, 545, 1, 7, 1
355, 1, 600, 249, 347, 541, 1, 7, 1
356, 1, 600, 249, 346, 540, 1, 7, 1
357, 1, 599, 273, 349, 516, 1, 7, 1
358, 1, 600, 285, 347, 503, 1, 7, 1
359, 1, 600, 286, 348, 501, 1, 7, 1
360, 1, 600, 292, 346, 495, 1, 7, 1
361, 1, 600, 287, 347, 502, 1, 7, 1
362, 1, 599, 288, 346, 502, 1, 7, 1
363, 1, 599, 296, 345, 492, 1, 7, 1
364, 1, 599, 296, 346, 492, 1, 7, 1
365, 1, 600, 266, 346, 523, 1, 7, 1
366, 1, 601, 266, 346, 523, 1, 7, 1
367, 1, 601, 265, 348, 524, 1, 7, 1
368, 1, 602, 259, 346, 532, 1, 7, 1
369, 1, 601, 259, 348, 532, 1, 7, 1
370, 1, 603, 266, 346, 524, 1, 7, 1
371, 1, 604, 258, 345, 532, 1, 7, 1
372, 1, 600, 270, 350, 519, 1, 7, 1
373, 1, 602, 277, 348, 511, 1, 7, 1
374, 1, 602, 270, 349, 520, 1, 7, 1
375, 1, 600, 266, 347, 526, 1, 7, 1
376, 1, 600, 265, 347, 526, 1, 7, 1
377, 1, 598, 268, 349, 524, 1, 7, 1
378, 1, 595, 259, 351, 535, 1, 7, 1
379, 1, 594, 255, 348, 538, 1, 7, 1
380, 1, 592, 254, 351, 540, 1, 7, 1
381, 1, 589, 251, 354, 543, 1, 7, 1
382, 1, 588, 251, 354, 544, 1, 7, 1
383, 1, 584, 249, 358, 544, 1, 7, 1
384, 1, 581, 246, 364, 548, 1, 7, 1
385, 1, 577, 244, 365, 550, 1, 7, 1
386, 1, 578, 243, 365, 551, 1, 7, 1
387, 1, 577, 242, 368, 553, 1, 7, 1
388, 1, 577, 242, 368, 552, 1, 7, 1
389, 1, 576, 241, 370, 553, 1, 7, 1
390, 1, 577, 242, 367, 554, 1, 7, 1
391, 1, 576, 242, 367, 554, 1, 7, 1
392, 1, 576, 241, 368, 555, 1, 7, 1
393, 1, 577, 240, 367, 554, 1, 7, 1
394, 1, 577, 240, 368, 554, 1, 7, 1
395, 1, 576, 242, 368, 552, 1, 7, 1
396, 1, 579, 242, 365, 553, 1, 7, 1
397, 1, 582, 241, 361, 553, 1, 7, 1
398, 1, 582, 242, 360, 551, 1, 7, 1
399, 1, 580, 242, 365, 549, 1, 7, 1
400, 1, 580, 242, 364, 549, 1, 7, 1
401, 1, 582, 244, 362, 547, 1, 7, 1
402, 1, 582, 244, 362, 545, 1, 7, 1
403, 1, 583, 245, 361, 546, 1, 7, 1
404, 1, 582, 245, 363, 545, 1, 7, 1
405, 1, 584, 244, 361, 546, 1, 7, 1
406, 1, 585, 245, 360, 544, 1, 7, 1
407, 1, 588, 245, 356, 544, 1, 7, 1
408, 1, 589, 245, 356, 545, 1, 7, 1
409, 1, 590, 243, 355, 547, 1, 7, 1
410, 1, 591, 244, 354, 546, 1, 7, 1
411, 1, 595, 245, 349, 542, 1, 7, 1
412, 1, 595, 245, 350, 542, 1, 7, 1
413, 1, 596, 246, 349, 542, 1, 7, 1
414, 1, 597, 247, 347, 540, 1, 7, 1
415, 1, 598, 247, 346, 539, 1, 7, 1
416, 1, 598, 247, 345, 540, 1, 7, 1
417, 1, 597, 248, 344, 539, 1, 7, 1
418, 1, 598, 250, 345, 537, 1, 7, 1
419, 1, 598, 250, 345, 535, 1, 7, 1
420, 1, 599, 253, 343, 532, 1, 7, 1
421, 1, 597, 256, 345, 531, 1, 7, 1
422, 1, 597, 257, 345, 531, 1, 7, 1
423, 1, 598, 258, 345, 530, 1, 7, 1
424, 1, 597, 258, 345, 529, 1, 7, 1
425, 1, 595, 257, 348, 531, 1, 7, 1
426, 1, 596, 266, 346, 524, 1, 7, 1
427, 1, 594, 261, 349, 527, 1, 7, 1
428, 1, 593, 262, 350, 527, 1, 7, 1
429, 1, 594, 262, 349, 528, 1, 7, 1
430, 1, 593, 263, 349, 528, 1, 7, 1
431, 1, 592, 266, 351, 521, 1, 7, 1
432, 1, 592, 268, 349, 521, 1, 7, 1
433, 1, 591, 264, 351, 525, 1, 7, 1
434, 1, 588, 264, 352, 526, 1, 7, 1
435, 1, 582, 261, 360, 529, 1, 7, 1
436, 1, 583, 261, 359, 530, 1, 7, 1
437, 1, 579, 255, 363, 534, 1, 7, 1
438, 1, 578, 255, 365, 535, 1, 7, 1
439, 1, 576, 254, 369, 536, 1, 7, 1
440, 1, 575, 251, 369, 539, 1, 7, 1
441, 1, 576, 249, 366, 541, 1, 7, 1
442, 1, 576, 249, 366, 541, 1, 7, 1
443, 1, 577, 249, 366, 542, 1, 7, 1
444, 1, 577, 250, 365, 544, 1, 7, 1
445, 1, 575, 247, 367, 545, 1, 7, 1
446, 1, 575, 244, 366, 548, 1, 7, 1
447, 1, 575, 243, 366, 548, 1, 7, 1
448, 1, 575, 243, 366, 549, 1, 7, 1
449, 1, 576, 242, 366, 551, 1, 7, 1
450, 1, 574, 241, 368, 550, 1, 7, 1
451, 1, 576, 241, 368, 549, 1, 7, 1
452, 1, 575, 242, 369, 549, 1, 7, 1
453, 1, 576, 241, 367, 552, 1, 7, 1
454, 1, 575, 240, 368, 552, 1, 7, 1
455, 1, 576, 240, 367, 552, 1, 7, 1
456, 1, 575, 239, 368, 551, 1, 7, 1
457, 1, 576, 239, 366, 552, 1, 7, 1
458, 1, 577, 240, 366, 551, 1, 7, 1
459, 1, 577, 241, 367, 549, 1, 7, 1
460, 1, 579, 241, 365, 550, 1, 7, 1
461, 1, 579, 242, 366, 548, 1, 7, 1
462, 1, 581, 243, 364, 548, 1, 7, 1
463, 1, 579, 244, 365, 547, 1, 7, 1
464, 1, 579, 247, 365, 544, 1, 7, 1
465, 1, 579, 247, 364, 544, 1, 7, 1
466, 1, 578, 246, 365, 546, 1, 7, 1
467, 1, 576, 248, 369, 544, 1, 7, 1
468, 1, 577, 248, 367, 543, 1, 7, 1
469, 1, 574, 247, 371, 543, 1, 7, 1
470, 1, 574, 248, 369, 543, 1, 7, 1
471, 1, 575, 248, 368, 544, 1, 7, 1
472, 1, 573, 250, 371, 543, 1, 7, 1
473, 1, 574, 249, 369, 543, 1, 7, 1
474, 1, 573, 249, 372, 542, 1, 7, 1
475, 1, 574, 249, 371, 542, 1, 7, 1
476, 1, 573, 250, 372, 541, 1, 7, 1
477, 1, 573, 250, 371, 542, 1, 7, 1
478, 1, 572, 250, 373, 541, 1, 7, 1
479, 1, 573, 251, 372, 539, 1, 7, 1
480, 1, 571, 252, 376, 540, 1, 7, 1
481, 1, 571, 252, 376, 539, 1, 7, 1
482, 1, 569, 252, 378, 539, 1, 7, 1
483, 1, 570, 252, 376, 538, 1, 7, 1
484, 1, 569, 252, 379, 537, 1, 7, 1
485, 1, 565, 253, 383, 535, 1, 7, 1
486, 1, 567, 253, 380, 536, 1, 7, 1
487, 1, 565, 253, 383, 536, 1, 7, 1
488, 1, 563, 253, 384, 535, 1, 7, 1
489, 1, 564, 253, 384, 537, 1, 7, 1
490, 1, 564, 254, 384, 535, 1, 7, 1
491, 1, 561, 254, 387, 535, 1, 7, 1
492, 1, 558, 255, 389, 534, 1, 7, 1
493, 1, 556, 257, 393, 533, 1, 7, 1
494, 1, 555, 257, 394, 532, 1, 7, 1
495, 1, 554, 258, 394, 533, 1, 7, 1
496, 1, 555, 259, 394, 530, 1, 7, 1
497, 1, 554, 261, 394, 528, 1, 7, 1
498, 1, 553, 262, 395, 527, 1, 7, 1
499, 1, 557, 264, 392, 524, 1, 7, 1
500, 1, 556, 264, 393, 522, 1, 7, 1
501, 1, 557, 265, 392, 521, 1, 7, 1
502, 1, 555, 266, 395, 522, 1, 7, 1
503, 1, 555, 266, 394, 521, 1, 7, 1
504, 1, 557, 267, 393, 520, 1, 7, 1
505, 1, 541, 268, 408, 520, 1, 7, 1
506, 1, 541, 269, 408, 518, 1, 7, 1
507, 1, 536, 269, 413, 518, 1, 7, 1
508, 1, 535, 270, 412, 517, 1, 7, 1
509, 1, 538, 267, 410, 520, 1, 7, 1
510, 1, 540, 267, 409, 520, 1, 7, 1
511, 1, 546, 265, 402, 523, 1, 7, 1
512, 1, 547, 265, 402, 524, 1, 7, 1
513, 1, 549, 263, 400, 526, 1, 7, 1
514, 1, 550, 263, 400, 524, 1, 7, 1
515, 1, 555, 259, 394, 529, 1, 7, 1
516, 1, 561, 256, 388, 531, 1, 7, 1
517, 1, 565, 256, 384, 531, 1, 7, 1
518, 1, 565, 256, 384, 531, 1, 7, 1
519, 1, 564, 254, 386, 533, 1, 7, 1
520, 1, 570, 253, 379, 533, 1, 7, 1
521, 1, 575, 251, 376, 534, 1, 7, 1
522, 1, 588, 246, 362, 541, 1, 7, 1
523, 1, 581, 245, 370, 543, 1, 7, 1
524, 1, 584, 245, 367, 544, 1, 7, 1
525, 1, 575, 244, 376, 543, 1, 7, 1
526, 1, 579, 245, 371, 542, 1, 7, 1
527, 1, 580, 245, 372, 543, 1, 7, 1
528, 1, 575, 242, 374, 547, 1, 7, 1
529, 1, 574, 242, 377, 546, 1, 7, 1
530, 1, 591, 242, 360, 546, 1, 7, 1
531, 1, 592, 243, 359, 543, 1, 7, 1
532, 1, 588, 243, 364, 543, 1, 7, 1
533, 1, 590, 241, 361, 546, 1, 7, 1
534, 1, 595, 242, 356, 546, 1, 7, 1
535, 1, 598, 245, 352, 543, 1, 7, 1
536, 1, 598, 245, 352, 543, 1, 7, 1
537, 1, 597, 243, 354, 544, 1, 7, 1
538, 1, 599, 241, 351, 547, 1, 7, 1
539, 1, 600, 240, 350, 549, 1, 7, 1
540, 1, 601, 242, 349, 547, 1, 7, 1
541, 1, 602, 239, 349, 551, 1, 7, 1
542, 1, 602, 239, 348, 550, 1, 7, 1
543, 1, 601, 239, 349, 549, 1, 7, 1
544, 1, 601, 236, 349, 553, 1, 7, 1
545, 1, 602, 238, 347, 552, 1, 7, 1
546, 1, 601, 239, 348, 551, 1, 7, 1
547, 1, 601, 247, 348, 543, 1, 7, 1
548, 1, 600, 248, 349, 541, 1, 7, 1
549, 1, 602, 240, 348, 550, 1, 7, 1
550, 1, 600, 238, 350, 553, 1, 7, 1
551, 1, 601, 238, 348, 555, 1, 7, 1
552, 1, 601, 241, 348, 550, 1, 7, 1
553, 1, 603, 245, 347, 545, 1, 7, 1
554, 1, 603, 245, 347, 545, 1, 7, 1
555, 1, 603, 243, 346, 548, 1, 7, 1
556, 1, 603, 257, 346, 532, 1, 7, 1
557, 1, 602, 261, 347, 529, 1, 7, 1
558, 1, 602, 261, 347, 529, 1, 7, 1
559, 1, 602, 261, 347, 529, 1, 7, 1
560, 1, 602, 284, 346, 505, 1, 7, 1
561, 1, 601, 276, 348, 513, 1, 7, 1
562, 1, 601, 264, 348, 527, 1, 7, 1
563, 1, 602, 259, 346, 531, 1, 7, 1
564, 1, 601, 245, 348, 547, 1, 7, 1
565, 1, 600, 245, 350, 546, 1, 7, 1
566, 1, 601, 240, 347, 550, 1, 7, 1
567, 1, 601, 234, 347, 557, 1, 7, 1
568, 1, 601, 232, 347, 559, 1, 7, 1
569, 1, 602, 232, 346, 559, 1, 7, 1
570, 1, 598, 232, 351, 559, 1, 7, 1
571, 1, 599, 232, 349, 560, 1, 7, 1
572, 1, 599, 233, 348, 557, 1, 7, 1
573, 1, 599, 235, 349, 556, 1, 7, 1
574, 1, 599, 236, 349, 556, 1, 7, 1
575, 1, 598, 235, 351, 557, 1, 7, 1
576, 1, 598, 241, 350, 549, 1, 7, 1
577, 1, 599, 241, 349, 550, 1, 7, 1
578, 1, 599, 243, 349, 548, 1, 7, 1
579, 1, 600, 255, 349, 534, 1, 7, 1
580, 1, 601, 259, 347, 532, 1, 7, 1
581, 1, 602, 275, 346, 514, 1, 7, 1
582, 1, 601, 266, 348, 524, 1, 7, 1
583, 1, 602, 266, 347, 524, 1, 7, 1
584, 1, 601, 263, 347, 526, 1, 7, 1
585, 1, 600, 256, 350, 533, 1, 7, 1
586, 1, 601, 266, 348, 524, 1, 7, 1
587, 1, 602, 263, 347, 527, 1, 7, 1
588, 1, 605, 281, 344, 507, 1, 7, 1
589, 1, 604, 280, 345, 509, 1, 7, 1
590, 1, 603, 282, 345, 507, 1, 7, 1
591, 1, 601, 284, 346, 506, 1, 7, 1
592, 1, 602, 281, 345, 508, 1, 7, 1
593, 1, 601, 281, 348, 508, 1, 7, 1
594, 1, 601, 274, 348, 514, 1, 7, 1
595, 1, 601, 274, 347, 514, 1, 7, 1
596, 1, 601, 271, 348, 518, 1, 7, 1
597, 1, 601, 256, 349, 535, 1, 7, 1
598, 1, 601, 256, 348, 533, 1, 7, 1
599, 1, 600, 264, 349, 524, 1, 7, 1
600, 1, 598, 243, 351, 546, 1, 7, 1
601, 1, 598, 237, 352, 551, 1, 7, 1
602, 1, 599, 234, 352, 555, 1, 7, 1
603, 1, 598, 234, 352, 556, 1, 7, 1
604, 1, 599, 236, 351, 553, 1, 7, 1
605, 1, 598, 230, 352, 561, 1, 7, 1
606, 1, 599, 232, 351, 557, 1, 7, 1
607, 1, 600, 232, 350, 558, 1, 7, 1
608, 1, 600, 229, 351, 560, 1, 7, 1
609, 1, 602, 223, 348, 568, 1, 7, 1
610, 1, 601, 226, 348, 565, 1, 7, 1
611, 1, 599, 226, 349, 564, 1, 7, 1
612, 1, 599, 227, 349, 563, 1, 7, 1
613, 1, 599, 225, 348, 566, 1, 7, 1
614, 1, 595, 227, 354, 563, 1, 7, 1
615, 1, 588, 222, 360, 570, 1, 7, 1
616, 1, 579, 219, 370, 572, 1, 7, 1
617, 1, 579, 221, 370, 569, 1, 7, 1
618, 1, 579, 220, 369, 571, 1, 7, 1
619, 1, 571, 221, 377, 570, 1, 7, 1
620, 1, 569, 225, 379, 567, 1, 7, 1
621, 1, 559, 226, 389, 565, 1, 7, 1
622, 1, 557, 226, 391, 565, 1, 7, 1
623, 1, 550, 228, 396, 565, 1, 7, 1
624, 1, 550, 228, 396, 564, 1, 7, 1
625, 1, 548, 232, 399, 560, 1, 7, 1
626, 1, 543, 231, 405, 559, 1, 7, 1
627, 1, 539, 232, 410, 558, 1, 7, 1
628, 1, 535, 228, 414, 561, 1, 7, 1
629, 1, 527, 232, 424, 556, 1, 7, 1
630, 1, 527, 232, 424, 558, 1, 7, 1
631, 1, 521, 231, 431, 556, 1, 7, 1
632, 1, 514, 232, 439, 556, 1, 7, 1
633, 1, 509, 234, 447, 555, 1, 7, 1
634, 1, 505, 239, 451, 549, 1, 7, 1
635, 1, 501, 243, 454, 545, 1, 7, 1
636, 1, 501, 243, 455, 544, 1, 7, 1
637, 1, 492, 245, 464, 542, 1, 7, 1
638, 1, 486, 245, 471, 540, 1, 7, 1
639, 1, 479, 252, 479, 534, 1, 7, 1
640, 1, 474, 257, 485, 530, 1, 7, 1
641, 1, 474, 256, 485, 529, 1, 7, 1
642, 1, 467, 258, 492, 529, 1, 7, 1
643, 1, 458, 261, 502, 523, 1, 7, 1
644, 1, 452, 261, 508, 524, 1, 7, 1
645, 1, 451, 268, 509, 519, 1, 7, 1
646, 1, 448, 273, 514, 516, 1, 7, 1
647, 1, 447, 274, 514, 515, 1, 7, 1
648, 1, 443, 280, 518, 507, 1, 7, 1
649, 1, 436, 283, 525, 504, 1, 7, 1
650, 1, 429, 293, 535, 497, 1, 7, 1
651, 1, 419, 286, 545, 504, 1, 7, 1
652, 1, 418, 289, 547, 501, 1, 7, 1
653, 1, 418, 289, 546, 500, 1, 7, 1
654, 1, 414, 292, 551, 496, 1, 7, 1
655, 1, 409, 299, 555, 490, 1, 7, 1
656, 1, 408, 307, 557, 483, 1, 7, 1
657, 1, 405, 311, 560, 478, 1, 7, 1
658, 1, 404, 312, 561, 477, 1, 7, 1
659, 1, 401, 309, 565, 480, 1, 7, 1
660, 1, 396, 313, 570, 477, 1, 7, 1
661, 1, 391, 321, 575, 470, 1, 7, 1
662, 1, 387, 324, 579, 466, 1, 7, 1
663, 1, 388, 324, 578, 464, 1, 7, 1
664, 1, 382, 329, 586, 460, 1, 7, 1
665, 1, 382, 329, 586, 460, 1, 7, 1
666, 1, 380, 334, 586, 456, 1, 7, 1
667, 1, 381, 340, 586, 450, 1, 7, 1
668, 1, 378, 346, 589, 446, 1, 7, 1
669, 1, 375, 348, 592, 445, 1, 7, 1
670, 1, 377, 352, 589, 442, 1, 7, 1
671, 1, 377, 352, 589, 443, 1, 7, 1
672, 1, 377, 359, 590, 436, 1, 7, 1
673, 1, 379, 365, 587, 430, 1, 7, 1
674, 1, 376, 364, 590, 432, 1, 7, 1
675, 1, 374, 376, 591, 419, 1, 7, 1
676, 1, 372, 380, 594, 414, 1, 7, 1
677, 1, 372, 380, 593, 414, 1, 7, 1
678, 1, 377, 387, 588, 408, 1, 7, 1
679, 1, 377, 390, 589, 402, 1, 7, 1
680, 1, 377, 398, 588, 396, 1, 7, 1
681, 1, 377, 404, 589, 391, 1, 7, 1
682, 1, 371, 401, 597, 393, 1, 7, 1
683, 1, 370, 401, 597, 394, 1, 7, 1
684, 1, 363, 409, 605, 385, 1, 7, 1
685, 1, 360, 412, 608, 382, 1, 7, 1
686, 1, 354, 416, 614, 377, 1, 7, 1
687, 1, 347, 417, 620, 376, 1, 7, 1
688, 1, 342, 430, 626, 358, 1, 7, 1
689, 1, 342, 430, 627, 357, 1, 7, 1
690, 1, 341, 436, 628, 353, 1, 7, 1
691, 1, 335, 442, 635, 344, 1, 7, 1
692, 1, 325, 451, 646, 344, 1, 7, 1
693, 1, 322, 459, 648, 344, 1, 7, 1
694, 1, 318, 469, 656, 347, 1, 7, 1
695, 1, 317, 469, 656, 348, 1, 7, 1
696, 1, 319, 477, 651, 356, 1, 7, 1
697, 1, 309, 481, 662, 351, 1, 7, 1
698, 1, 307, 485, 666, 343, 1, 7, 1
699, 1, 301, 490, 671, 345, 1, 7, 1
700, 1, 300, 490, 672, 345, 1, 7, 1
701, 1, 296, 495, 675, 345, 1, 7, 1
702, 1, 292, 496, 680, 343, 1, 7, 1
703, 1, 294, 497, 678, 350, 1, 7, 1
704, 1, 295, 497, 676, 356, 1, 7, 1
705, 1, 294, 497, 677, 357, 1, 7, 1
706, 1, 288, 503, 684, 358, 1, 7, 1
707, 1, 287, 503, 685, 357, 1, 7, 1
708, 1, 288, 503, 683, 364, 1, 7, 1
709, 1, 287, 502, 684, 385, 1, 7, 1
710, 1, 283, 502, 689, 400, 1, 7, 1
711, 1, 278, 502, 695, 399, 1, 7, 1
712, 1, 278, 502, 695, 402, 1, 7, 1
713, 1, 276, 502, 695, 406, 1, 7, 1
714, 1, 273, 502, 697, 408, 1, 7, 1
715, 1, 272, 502, 699, 407, 1, 7, 1
716, 1, 269, 501, 702, 426, 1, 7, 1
717, 1, 269, 502, 701, 421, 1, 7, 1
718, 1, 268, 502, 701, 420, 1, 7, 1
719, 1, 262, 502, 707, 430, 1, 7, 1
720, 1, 260, 502, 706, 437, 1, 7, 1
721, 1, 261, 502, 706, 446, 1, 7, 1
722, 1, 264, 502, 702, 448, 1, 7, 1
723, 1, 269, 502, 696, 446, 1, 7, 1
724, 1, 268, 502, 698, 443, 1, 7, 1
725, 1, 267, 501, 699, 454, 1, 7, 1
726, 1, 266, 500, 700, 464, 1, 7, 1
727, 1, 262, 500, 706, 464, 1, 7, 1
728, 1, 264, 500, 703, 465, 1, 7, 1
729, 1, 260, 500, 708, 463, 1, 7, 1
730, 1, 264, 500, 702, 465, 1, 7, 1
731, 1, 260, 500, 707, 471, 1, 7, 1
732, 1, 259, 500, 708, 472, 1, 7, 1
733, 1, 255, 500, 710, 475, 1, 7, 1
734, 1, 255, 500, 711, 474, 1, 7, 1
735, 1, 255, 500, 709, 474, 1, 7, 1
736, 1, 258, 501, 707, 474, 1, 7, 1
737, 1, 255, 501, 711, 474, 1, 7, 1
738, 1, 255, 500, 712, 473, 1, 7, 1
739, 1, 255, 500, 711, 475, 1, 7, 1
740, 1, 258, 500, 708, 474, 1, 7, 1
741, 1, 257, 500, 709, 475, 1, 7, 1
742, 1, 261, 499, 705, 475, 1, 7, 1
743, 1, 262, 500, 704, 475, 1, 7, 1
744, 1, 265, 500, 701, 474, 1, 7, 1
745, 1, 267, 500, 700, 475, 1, 7, 1
746, 1, 269, 500, 697, 473, 1, 7, 1
747, 1, 270, 500, 697, 474, 1, 7, 1
748, 1, 269, 500, 697, 475, 1, 7, 1
749, 1, 269, 500, 698, 474, 1, 7, 1
750, 1, 273, 500, 693, 474, 1, 7, 1
751, 1, 275, 500, 691, 473, 1, 7, 1
752, 1, 278, 501, 689, 472, 1, 7, 1
753, 1, 279, 501, 688, 472, 1, 7, 1
754, 1, 278, 500, 688, 472, 1, 7, 1
755, 1, 278, 501, 688, 472, 1, 7, 1
756, 1, 278, 501, 689, 472, 1, 7, 1
757, 1, 281, 501, 685, 472, 1, 7, 1
758, 1, 281, 501, 685, 472, 1, 7, 1
759, 1, 281, 501, 685, 472, 1, 7, 1
760, 1, 286, 501, 680, 472, 1, 7, 1
761, 1, 289, 501, 677, 471, 1, 7, 1
762, 1, 296, 501, 669, 470, 1, 7, 1
763, 1, 294, 501, 671, 471, 1, 7, 1
764, 1, 295, 501, 671, 471, 1, 7, 1
765, 1, 294, 501, 671, 470, 1, 7, 1
766, 1, 299, 501, 667, 470, 1, 7, 1
767, 1, 299, 500, 666, 472, 1, 7, 1
768, 1, 298, 500, 667, 470, 1, 7, 1
769, 1, 299, 500, 667, 469, 1, 7, 1
770, 1, 302, 500, 663, 469, 1, 7, 1
771, 1, 302, 500, 663, 469, 1, 7, 1
772, 1, 305, 500, 661, 469, 1, 7, 1
773, 1, 305, 500, 660, 470, 1, 7, 1
774, 1, 305, 500, 660, 470, 1, 7, 1
775, 1, 304, 501, 661, 468, 1, 7, 1
776, 1, 303, 501, 662, 470, 1, 7, 1
777, 1, 303, 501, 662, 470, 1, 7, 1
778, 1, 302, 501, 664, 469, 1, 7, 1
779, 1, 304, 501, 662, 469, 1, 7, 1
780, 1, 303, 501, 662, 471, 1, 7, 1
781, 1, 303, 501, 663, 469, 1, 7, 1
782, 1, 302, 501, 664, 469, 1, 7, 1
783, 1, 302, 501, 663, 469, 1, 7, 1
784, 1, 303, 501, 661, 469, 1, 7, 1
785, 1, 305, 501, 659, 470, 1, 7, 1
786, 1, 303, 500, 661, 470, 1, 7, 1
787, 1, 303, 500, 661, 470, 1, 7, 1
788, 1, 303, 500, 662, 470, 1, 7, 1
789, 1, 304, 501, 662, 470, 1, 7, 1
790, 1, 304, 501, 660, 471, 1, 7, 1
791, 1, 303, 501, 661, 469, 1, 7, 1
792, 1, 305, 500, 659, 472, 1, 7, 1
793, 1, 305, 500, 660, 470, 1, 7, 1
794, 1, 304, 501, 660, 470, 1, 7, 1
795, 1, 305, 500, 660, 471, 1, 7, 1
796, 1, 304, 500, 660, 472, 1, 7, 1
797, 1, 303, 501, 661, 471, 1, 7, 1
798, 1, 304, 500, 660, 472, 1, 7, 1
799, 1, 303, 500, 662, 472, 1, 7, 1
800, 1, 302, 500, 662, 470, 1, 7, 1
801, 1, 302, 500, 662, 471, 1, 7, 1
802, 1, 303, 501, 663, 471, 1, 7, 1
803, 1, 301, 500, 664, 470, 1, 7, 1
804, 1, 302, 500, 664, 472, 1, 7, 1
805, 1, 301, 500, 666, 471, 1, 7, 1
806, 1, 296, 501, 671, 471, 1, 7, 1
807, 1, 296, 501, 670, 471, 1, 7, 1
808, 1, 296, 500, 670, 471, 1, 7, 1
809, 1, 295, 500, 672, 471, 1, 7, 1
810, 1, 293, 500, 674, 472, 1, 7, 1
811, 1, 292, 500, 676, 471, 1, 7, 1
812, 1, 285, 500, 684, 475, 1, 7, 1
813, 1, 285, 500, 683, 474, 1, 7, 1
814, 1, 280, 500, 688, 475, 1, 7, 1
815, 1, 278, 500, 691, 477, 1, 7, 1
816, 1, 275, 500, 695, 476, 1, 7, 1
817, 1, 278, 500, 693, 475, 1, 7, 1
818, 1, 281, 500, 689, 475, 1, 7, 1
819, 1, 285, 500, 685, 475, 1, 7, 1
820, 1, 285, 500, 685, 475, 1, 7, 1
821, 1, 290, 500, 680, 475, 1, 7, 1
822, 1, 297, 500, 672, 476, 1, 7, 1
823, 1, 295, 500, 674, 474, 1, 7, 1
824, 1, 305, 501, 662, 473, 1, 7, 1
825, 1, 303, 501, 666, 473, 1, 7, 1
826, 1, 306, 501, 663, 472, 1, 7, 1
827, 1, 308, 500, 661, 474, 1, 7, 1
828, 1, 308, 500, 660, 472, 1, 7, 1
829, 1, 310, 500, 658, 471, 1, 7, 1
830, 1, 309, 500, 658, 471, 1, 7, 1
831, 1, 309, 500, 659, 472, 1, 7, 1
832, 1, 309, 500, 658, 471, 1, 7, 1
833, 1, 309, 500, 659, 471, 1, 7, 1
834, 1, 310, 500, 658, 472, 1, 7, 1
835, 1, 311, 500, 656, 472, 1, 7, 1
836, 1, 311, 500, 656, 472, 1, 7, 1
837, 1, 312, 500, 656, 473, 1, 7, 1
838, 1, 315, 501, 653, 471, 1, 7, 1
839, 1, 317, 500, 651, 473, 1, 7, 1
840, 1, 320, 501, 648, 472, 1, 7, 1
841, 1, 322, 500, 646, 472, 1, 7, 1
842, 1, 323, 500, 644, 473, 1, 7, 1
843, 1, 324, 500, 644, 472, 1, 7, 1
844, 1, 325, 500, 642, 472, 1, 7, 1
845, 1, 326, 500, 640, 473, 1, 7, 1
846, 1, 328, 500, 639, 473, 1, 7, 1
847, 1, 331, 500, 636, 473, 1, 7, 1
848, 1, 331, 500, 635, 473, 1, 7, 1
849, 1, 330, 500, 635, 472, 1, 7, 1
850, 1, 334, 499, 631, 473, 1, 7, 1
851, 1, 334, 499, 631, 474, 1, 7, 1
852, 1, 334, 500, 631, 473, 1, 7, 1
853, 1, 334, 500, 632, 472, 1, 7, 1
854, 1, 335, 500, 630, 472, 1, 7, 1
855, 1, 337, 500, 627, 471, 1, 7, 1
856, 1, 339, 500, 626, 471, 1, 7, 1
857, 1, 337, 500, 628, 472, 1, 7, 1
858, 1, 338, 500, 627, 472, 1, 7, 1
859, 1, 338, 500, 626, 472, 1, 7, 1
860, 1, 337, 500, 628, 473, 1, 7, 1
861, 1, 337, 500, 628, 473, 1, 7, 1
862, 1, 340, 500, 623, 474, 1, 7, 1
863, 1, 342, 500, 623, 473, 1, 7, 1
864, 1, 344, 500, 622, 474, 1, 7, 1
865, 1, 344, 500, 621, 475, 1, 7, 1
866, 1, 343, 500, 621, 473, 1, 7, 1
867, 1, 346, 500, 619, 473, 1, 7, 1
868, 1, 347, 500, 618, 473, 1, 7, 1
869, 1, 349, 500, 616, 473, 1, 7, 1
870, 1, 348, 500, 616, 474, 1, 7, 1
871, 1, 349, 500, 616, 473, 1, 7, 1
872, 1, 348, 500, 618, 474, 1, 7, 1
873, 1, 350, 500, 615, 474, 1, 7, 1
874, 1, 351, 500, 613, 474, 1, 7, 1
875, 1, 351, 500, 614, 473, 1, 7, 1
876, 1, 353, 500, 611, 472, 1, 7, 1
877, 1, 352, 500, 612, 472, 1, 7, 1
878, 1, 353, 500, 612, 473, 1, 7, 1
879, 1, 355, 500, 609, 472, 1, 7, 1
880, 1, 355, 500, 608, 471, 1, 7, 1
881, 1, 356, 500, 607, 471, 1, 7, 1
882, 1, 358, 500, 606, 472, 1, 7, 1
883, 1, 358, 500, 606, 473, 1, 7, 1
884, 1, 359, 500, 605, 473, 1, 7, 1
885, 1, 360, 500, 604, 472, 1, 7, 1
886, 1, 360, 499, 603, 473, 1, 7, 1
887, 1, 361, 499, 603, 474, 1, 7, 1
888, 1, 359, 499, 605, 475, 1, 7, 1
889, 1, 361, 499, 602, 476, 1, 7, 1
890, 1, 362, 499, 601, 475, 1, 7, 1
891, 1, 361, 500, 601, 474, 1, 7, 1
892, 1, 360, 500, 602, 475, 1, 7, 1
893, 1, 361, 499, 602, 475, 1, 7, 1
894, 1, 360, 499, 602, 475, 1, 7, 1
895, 1, 361, 499, 602, 475, 1, 7, 1
896, 1, 361, 499, 600, 474, 1, 7, 1
897, 1, 360, 499, 603, 474, 1, 7, 1
898, 1, 360, 499, 603, 474, 1, 7, 1
899, 1, 359, 499, 603, 474, 1, 7, 1
900, 1, 361, 499, 602, 474, 1, 7, 1
901, 1, 361, 499, 602, 474, 1, 7, 1
902, 1, 362, 499, 600, 473, 1, 7, 1
903, 1, 362, 499, 601, 475, 1, 7, 1
904, 1, 361, 499, 602, 475, 1, 7, 1
905, 1, 362, 499, 600, 474, 1, 7, 1
906, 1, 362, 499, 600, 474, 1, 7, 1
907, 1, 363, 499, 599, 473, 1, 7, 1
908, 1, 363, 498, 600, 475, 1, 7, 1
909, 1, 365, 498, 597, 475, 1, 7, 1
910, 1, 365, 498, 598, 475, 1, 7, 1
911, 1, 365, 498, 597, 473, 1, 7, 1
912, 1, 365, 498, 598, 474, 1, 7, 1
913, 1, 366, 498, 596, 474, 1, 7, 1
914, 1, 365, 498, 596, 474, 1, 7, 1
915, 1, 367, 498, 595, 474, 1, 7, 1
916, 1, 367, 498, 596, 474, 1, 7, 1
917, 1, 367, 498, 595, 475, 1, 7, 1
918, 1, 366, 498, 595, 475, 1, 7, 1
919, 1, 366, 498, 596, 476, 1, 7, 1
920, 1, 367, 498, 595, 474, 1, 7, 1
921, 1, 367, 498, 595, 475, 1, 7, 1
922, 1, 368, 498, 594, 475, 1, 7, 1
923, 1, 368, 498, 594, 475, 1, 7, 1
924, 1, 368, 498, 594, 474, 1, 7, 1
925, 1, 366, 498, 597, 473, 1, 7, 1
926, 1, 368, 498, 595, 474, 1, 7, 1
927, 1, 368, 498, 594, 475, 1, 7, 1
928, 1, 368, 498, 594, 475, 1, 7, 1
232, 2, 1653, 16, 211, 239, 1, 5, 1
233, 2, 1648, 18, 217, 241, 1, 5, 1
234, 2, 1642, 19, 223, 242, 1, 5, 1
235, 2, 1637, 17, 228, 249, 1, 5, 1
236, 2, 1637, 17, 228, 249, 1, 5, 1
237, 2, 1632, 17, 232, 248, 1, 5, 1
238, 2, 1628, 20, 237, 244, 1, 5, 1
239, 2, 1622, 20, 243, 243, 1, 5, 1
240, 2, 1617, 21, 248, 245, 1, 5, 1
241, 2, 1612, 23, 253, 245, 1, 5, 1
242, 2, 1607, 23, 259, 247, 1, 5, 1
243, 2, 1601, 24, 264, 247, 1, 5, 1
244, 2, 1602, 24, 263, 246, 1, 5, 1
245, 2, 1596, 25, 269, 246, 1, 5, 1
246, 2, 1589, 25, 276, 245, 1, 5, 1
247, 2, 1586, 24, 280, 246, 1, 5, 1
248, 2, 1580, 24, 285, 247, 1, 5, 1
249, 2, 1575, 26, 290, 245, 1, 5, 1
250, 2, 1575, 26, 290, 244, 1, 5, 1
251, 2, 1571, 25, 295, 249, 1, 5, 1
252, 2, 1566, 26, 300, 248, 1, 5, 1
253, 2, 1559, 28, 307, 247, 1, 5, 1
254, 2, 1556, 27, 310, 249, 1, 5, 1
255, 2, 1551, 27, 315, 250, 1, 5, 1
256, 2, 1551, 27, 315, 251, 1, 5, 1
257, 2, 1545, 26, 320, 253, 1, 5, 1
258, 2, 1540, 26, 326, 254, 1, 5, 1
259, 2, 1535, 25, 331, 257, 1, 5, 1
260, 2, 1530, 21, 336, 262, 1, 5, 1
261, 2, 1527, 21, 338, 265, 1, 5, 1
262, 2, 1527, 21, 338, 265, 1, 5, 1
263, 2, 1520, 23, 343, 263, 1, 5, 1
264, 2, 1515, 23, 348, 265, 1, 5, 1
265, 2, 1511, 23, 352, 264, 1, 5, 1
266, 2, 1507, 22, 356, 265, 1, 5, 1
267, 2, 1502, 22, 362, 266, 1, 5, 1
268, 2, 1502, 22, 361, 266, 1, 5, 1
269, 2, 1499, 20, 365, 270, 1, 5, 1
270, 2, 1493, 20, 370, 270, 1, 5, 1
271, 2, 1486, 19, 379, 273, 1, 5, 1
272, 2, 1480, 18, 384, 275, 1, 5, 1
273, 2, 1477, 19, 386, 276, 1, 5, 1
274, 2, 1477, 19, 386, 276, 1, 5, 1
275, 2, 1472, 19, 393, 277, 1, 5, 1
276, 2, 1468, 18, 395, 277, 1, 5, 1
277, 2, 1464, 15, 399, 282, 1, 5, 1
278, 2, 1460, 11, 404, 287, 1, 5, 1
279, 2, 1455, 10, 407, 289, 1, 5, 1
280, 2, 1455, 9, 409, 291, 1, 5, 1
281, 2, 1452, 9, 411, 292, 1, 5, 1
282, 2, 1445, 6, 419, 294, 1, 5, 1
283, 2, 1441, 5, 423, 297, 1, 5, 1
284, 2, 1435, 6, 429, 297, 1, 5, 1
285, 2, 1435, 6, 430, 297, 1, 5, 1
286, 2, 1432, 5, 433, 301, 1, 5, 1
287, 2, 1429, 4, 436, 301, 1, 5, 1
288, 2, 1423, 5, 441, 300, 1, 5, 1
289, 2, 1416, 5, 449, 300, 1, 5, 1
290, 2, 1413, 5, 452, 303, 1, 5, 1
291, 2, 1409, 7, 455, 303, 1, 5, 1
292, 2, 1410, 7, 455, 303, 1, 5, 1
293, 2, 1406, 10, 456, 302, 1, 5, 1
294, 2, 1402, 11, 460, 301, 1, 5, 1
295, 2, 1399, 10, 463, 303, 1, 5, 1
296, 2, 1392, 9, 470, 305, 1, 5, 1
297, 2, 1387, 12, 475, 303, 1, 5, 1
298, 2, 1387, 12, 474, 302, 1, 5, 1
299, 2, 1383, 12, 475, 304, 1, 5, 1
300, 2, 1379, 12, 480, 304, 1, 5, 1
301, 2, 1376, 10, 483, 308, 1, 5, 1
302, 2, 1370, 12, 489, 307, 1, 5, 1
303, 2, 1365, 15, 493, 306, 1, 5, 1
304, 2, 1364, 14, 493, 306, 1, 5, 1
305, 2, 1360, 18, 494, 303, 1, 5, 1
306, 2, 1357, 16, 506, 305, 1, 5, 1
307, 2, 1352, 17, 511, 305, 1, 5, 1
308, 2, 1344, 20, 522, 303, 1, 5, 1
309, 2, 1344, 20, 523, 303, 1, 5, 1
310, 2, 1340, 20, 527, 306, 1, 5, 1
311, 2, 1343, 20, 525, 306, 1, 5, 1
312, 2, 1330, 21, 538, 306, 1, 5, 1
313, 2, 1327, 22, 538, 306, 1, 5, 1
314, 2, 1320, 24, 545, 305, 1, 5, 1
315, 2, 1326, 25, 539, 304, 1, 5, 1
316, 2, 1320, 23, 545, 307, 1, 5, 1
317, 2, 1314, 25, 550, 306, 1, 5, 1
318, 2, 1309, 24, 553, 307, 1, 5, 1
319, 2, 1305, 32, 559, 301, 1, 5, 1
320, 2, 1304, 31, 560, 303, 1, 5, 1
321, 2, 1301, 28, 558, 305, 1, 5, 1
322, 2, 1297, 29, 564, 308, 1, 5, 1
323, 2, 1291, 29, 570, 311, 1, 5, 1
324, 2, 1284, 34, 566, 305, 1, 5, 1
325, 2, 1281, 34, 568, 305, 1, 5, 1
326, 2, 1280, 34, 569, 305, 1, 5, 1
327, 2, 1279, 33, 560, 308, 1, 5, 1
328, 2, 1275, 39, 563, 305, 1, 5, 1
329, 2, 1272, 38, 565, 306, 1, 5, 1
330, 2, 1267, 42, 561, 301, 1, 5, 1
331, 2, 1262, 42, 564, 303, 1, 5, 1
332, 2, 1262, 42, 564, 303, 1, 5, 1
333, 2, 1259, 42, 559, 304, 1, 5, 1
334, 2, 1256, 41, 559, 304, 1, 5, 1
335, 2, 1251, 44, 564, 301, 1, 5, 1
336, 2, 1248, 42, 561, 304, 1, 5, 1
337, 2, 1242, 41, 564, 305, 1, 5, 1
338, 2, 1242, 42, 565, 304, 1, 5, 1
339, 2, 1240, 42, 565, 305, 1, 5, 1
340, 2, 1236, 42, 566, 306, 1, 5, 1
341, 2, 1235, 43, 565, 306, 1, 5, 1
342, 2, 1233, 44, 564, 306, 1, 5, 1
343, 2, 1230, 44, 564, 305, 1, 5, 1
344, 2, 1228, 44, 567, 304, 1, 5, 1
345, 2, 1224, 44, 568, 307, 1, 5, 1
346, 2, 1222, 48, 567, 305, 1, 5, 1
347, 2, 1220, 44, 567, 310, 1, 5, 1
348, 2, 1218, 47, 567, 307, 1, 5, 1
349, 2, 1214, 46, 569, 310, 1, 5, 1
350, 2, 1215, 46, 568, 310, 1, 5, 1
351, 2, 1212, 46, 569, 311, 1, 5, 1
352, 2, 1211, 47, 567, 312, 1, 5, 1
353, 2, 1209, 47, 564, 314, 1, 5, 1
354, 2, 1205, 47, 568, 315, 1, 5, 1
355, 2, 1204, 46, 568, 318, 1, 5, 1
356, 2, 1204, 46, 569, 317, 1, 5, 1
357, 2, 1201, 49, 568, 314, 1, 5, 1
358, 2, 1199, 48, 568, 317, 1, 5, 1
359, 2, 1200, 48, 568, 316, 1, 5, 1
360, 2, 1197, 49, 569, 317, 1, 5, 1
361, 2, 1194, 49, 569, 317, 1, 5, 1
362, 2, 1192, 49, 568, 316, 1, 5, 1
363, 2, 1193, 51, 567, 316, 1, 5, 1
364, 2, 1192, 51, 567, 315, 1, 5, 1
365, 2, 1187, 52, 569, 315, 1, 5, 1
366, 2, 1188, 52, 569, 315, 1, 5, 1
367, 2, 1183, 51, 569, 317, 1, 5, 1
368, 2, 1183, 52, 568, 316, 1, 5, 1
369, 2, 1182, 52, 569, 316, 1, 5, 1
370, 2, 1181, 52, 568, 317, 1, 5, 1
371, 2, 1179, 52, 568, 318, 1, 5, 1
372, 2, 1177, 52, 569, 318, 1, 5, 1
373, 2, 1174, 51, 572, 319, 1, 5, 1
374, 2, 1174, 51, 570, 319, 1, 5, 1
375, 2, 1175, 52, 568, 318, 1, 5, 1
376, 2, 1175, 52, 568, 318, 1, 5, 1
377, 2, 1173, 52, 567, 319, 1, 5, 1
378, 2, 1172, 53, 567, 317, 1, 5, 1
379, 2, 1172, 53, 567, 318, 1, 5, 1
380, 2, 1169, 53, 568, 318, 1, 5, 1
381, 2, 1169, 54, 568, 318, 1, 5, 1
382, 2, 1170, 54, 566, 318, 1, 5, 1
383, 2, 1169, 54, 567, 317, 1, 5, 1
384, 2, 1168, 53, 566, 319, 1, 5, 1
385, 2, 1166, 53, 568, 319, 1, 5, 1
386, 2, 1167, 54, 567, 317, 1, 5, 1
387, 2, 1167, 54, 568, 318, 1, 5, 1
388, 2, 1167, 54, 568, 318, 1, 5, 1
389, 2, 1166, 54, 568, 318, 1, 5, 1
390, 2, 1167, 55, 566, 319, 1, 5, 1
391, 2, 1165, 54, 568, 319, 1, 5, 1
392, 2, 1165, 54, 569, 320, 1, 5, 1
393, 2, 1167, 54, 566, 319, 1, 5, 1
394, 2, 1167, 54, 566, 319, 1, 5, 1
395, 2, 1165, 54, 568, 319, 1, 5, 1
396, 2, 1165, 54, 568, 319, 1, 5, 1
397, 2, 1166, 54, 567, 318, 1, 5, 1
398, 2, 1167, 54, 567, 318, 1, 5, 1
399, 2, 1166, 54, 567, 319, 1, 5, 1
400, 2, 1167, 54, 567, 318, 1, 5, 1
401, 2, 1166, 54, 567, 320, 1, 5, 1
402, 2, 1166, 54, 567, 319, 1, 5, 1
403, 2, 1166, 54, 567, 318, 1, 5, 1
404, 2, 1166, 54, 567, 320, 1, 5, 1
405, 2, 1166, 54, 568, 319, 1, 5, 1
406, 2, 1165, 55, 568, 318, 1, 5, 1
407, 2, 1166, 54, 568, 320, 1, 5, 1
408, 2, 1166, 54, 567, 319, 1, 5, 1
409, 2, 1166, 54, 568, 319, 1, 5, 1
410, 2, 1167, 54, 566, 319, 1, 5, 1
411, 2, 1165, 54, 566, 319, 1, 5, 1
412, 2, 1164, 54, 567, 320, 1, 5, 1
413, 2, 1164, 54, 567, 320, 1, 5, 1
414, 2, 1164, 54, 567, 319, 1, 5, 1
415, 2, 1165, 55, 566, 318, 1, 5, 1
416, 2, 1165, 55, 566, 319, 1, 5, 1
417, 2, 1165, 55, 566, 319, 1, 5, 1
418, 2, 1164, 54, 567, 320, 1, 5, 1
419, 2, 1165, 54, 566, 320, 1, 5, 1
420, 2, 1164, 54, 568, 319, 1, 5, 1
421, 2, 1165, 54, 566, 320, 1, 5, 1
422, 2, 1165, 54, 567, 319, 1, 5, 1
423, 2, 1164, 54, 568, 319, 1, 5, 1
424, 2, 1165, 54, 567, 320, 1, 5, 1
425, 2, 1165, 54, 567, 319, 1, 5, 1
426, 2, 1165, 55, 566, 318, 1, 5, 1
427, 2, 1164, 55, 568, 319, 1, 5, 1
428, 2, 1164, 54, 568, 320, 1, 5, 1
429, 2, 1165, 55, 567, 319, 1, 5, 1
430, 2, 1165, 54, 567, 319, 1, 5, 1
431, 2, 1164, 55, 568, 319, 1, 5, 1
432, 2, 1165, 54, 568, 319, 1, 5, 1
433, 2, 1164, 54, 568, 319, 1, 5, 1
434, 2, 1164, 54, 568, 319, 1, 5, 1
435, 2, 1165, 54, 569, 319, 1, 5, 1
436, 2, 1164, 54, 569, 319, 1, 5, 1
437, 2, 1164, 54, 569, 319, 1, 5, 1
438, 2, 1164, 53, 570, 321, 1, 5, 1
439, 2, 1165, 53, 568, 320, 1, 5, 1
440, 2, 1164, 54, 569, 319, 1, 5, 1
441, 2, 1165, 54, 568, 319, 1, 5, 1
442, 2, 1164, 54, 569, 319, 1, 5, 1
443, 2, 1166, 54, 568, 319, 1, 5, 1
444, 2, 1165, 54, 568, 320, 1, 5, 1
445, 2, 1165, 54, 568, 320, 1, 5, 1
446, 2, 1164, 54, 569, 319, 1, 5, 1
447, 2, 1165, 54, 568, 319, 1, 5, 1
448, 2, 1164, 54, 569, 319, 1, 5, 1
449, 2, 1165, 54, 569, 319, 1, 5, 1
450, 2, 1164, 54, 570, 320, 1, 5, 1
451, 2, 1164, 54, 570, 320, 1, 5, 1
452, 2, 1165, 54, 569, 320, 1, 5, 1
453, 2, 1165, 53, 569, 320, 1, 5, 1
454, 2, 1165, 53, 570, 320, 1, 5, 1
455, 2, 1165, 54, 569, 320, 1, 5, 1
456, 2, 1165, 54, 568, 319, 1, 5, 1
457, 2, 1167, 54, 567, 319, 1, 5, 1
458, 2, 1167, 54, 566, 320, 1, 5, 1
459, 2, 1166, 53, 568, 320, 1, 5, 1
460, 2, 1166, 54, 568, 319, 1, 5, 1
461, 2, 1165, 54, 569, 319, 1, 5, 1
462, 2, 1166, 54, 568, 320, 1, 5, 1
463, 2, 1166, 54, 568, 320, 1, 5, 1
464, 2, 1165, 53, 569, 321, 1, 5, 1
465, 2, 1166, 53, 568, 320, 1, 5, 1
466, 2, 1166, 53, 568, 320, 1, 5, 1
467, 2, 1167, 53, 568, 321, 1, 5, 1
468, 2, 1166, 53, 569, 320, 1, 5, 1
469, 2, 1167, 53, 568, 321, 1, 5, 1
470, 2, 1167, 53, 569, 320, 1, 5, 1
471, 2, 1167, 53, 568, 320, 1, 5, 1
472, 2, 1169, 53, 569, 320, 1, 5, 1
473, 2, 1168, 53, 569, 320, 1, 5, 1
474, 2, 1170, 53, 567, 320, 1, 5, 1
475, 2, 1170, 53, 565, 322, 1, 5, 1
476, 2, 1169, 53, 568, 320, 1, 5, 1
477, 2, 1168, 53, 569, 320, 1, 5, 1
478, 2, 1167, 53, 570, 321, 1, 5, 1
479, 2, 1168, 53, 570, 320, 1, 5, 1
480, 2, 1168, 53, 569, 321, 1, 5, 1
481, 2, 1167, 53, 570, 322, 1, 5, 1
482, 2, 1167, 53, 570, 321, 1, 5, 1
483, 2, 1170, 53, 566, 322, 1, 5, 1
484, 2, 1168, 54, 568, 319, 1, 5, 1
485, 2, 1168, 54, 568, 320, 1, 5, 1
486, 2, 1168, 54, 569, 320, 1, 5, 1
487, 2, 1169, 54, 566, 321, 1, 5, 1
488, 2, 1169, 54, 568, 320, 1, 5, 1
489, 2, 1169, 54, 567, 321, 1, 5, 1
490, 2, 1169, 54, 566, 320, 1, 5, 1
491, 2, 1168, 54, 569, 320, 1, 5, 1
492, 2, 1169, 54, 568, 320, 1, 5, 1
493, 2, 1169, 54, 568, 319, 1, 5, 1
494, 2, 1168, 54, 569, 319, 1, 5, 1
495, 2, 1169, 54, 568, 320, 1, 5, 1
496, 2, 1168, 53, 569, 321, 1, 5, 1
497, 2, 1169, 53, 568, 321, 1, 5, 1
498, 2, 1169, 53, 568, 321, 1, 5, 1
499, 2, 1171, 53, 566, 321, 1, 5, 1
500, 2, 1170, 53, 568, 322, 1, 5, 1
501, 2, 1169, 53, 568, 322, 1, 5, 1
502, 2, 1168, 53, 570, 321, 1, 5, 1
503, 2, 1168, 53, 570, 322, 1, 5, 1
504, 2, 1169, 53, 568, 321, 1, 5, 1
505, 2, 1169, 53, 568, 322, 1, 5, 1
506, 2, 1169, 53, 567, 322, 1, 5, 1
507, 2, 1168, 53, 569, 322, 1, 5, 1
508, 2, 1169, 53, 569, 322, 1, 5, 1
509, 2, 1169, 53, 569, 321, 1, 5, 1
510, 2, 1169, 53, 569, 321, 1, 5, 1
511, 2, 1168, 53, 569, 322, 1, 5, 1
512, 2, 1168, 54, 569, 320, 1, 5, 1
513, 2, 1168, 54, 570, 320, 1, 5, 1
514, 2, 1169, 54, 568, 321, 1, 5, 1
515, 2, 1170, 54, 568, 320, 1, 5, 1
516, 2, 1169, 54, 568, 320, 1, 5, 1
517, 2, 1168, 54, 570, 320, 1, 5, 1
518, 2, 1169, 54, 569, 320, 1, 5, 1
519, 2, 1169, 53, 568, 322, 1, 5, 1
520, 2, 1169, 54, 568, 321, 1, 5, 1
521, 2, 1170, 54, 564, 321, 1, 5, 1
522, 2, 1169, 54, 567, 320, 1, 5, 1
523, 2, 1168, 54, 569, 320, 1, 5, 1
524, 2, 1168, 54, 568, 320, 1, 5, 1
525, 2, 1169, 54, 567, 320, 1, 5, 1
526, 2, 1169, 54, 567, 320, 1, 5, 1
527, 2, 1169, 54, 567, 321, 1, 5, 1
528, 2, 1169, 54, 568, 321, 1, 5, 1
529, 2, 1169, 54, 568, 321, 1, 5, 1
530, 2, 1169, 54, 568, 320, 1, 5, 1
531, 2, 1168, 54, 569, 320, 1, 5, 1
532, 2, 1169, 54, 567, 320, 1, 5, 1
533, 2, 1168, 54, 569, 320, 1, 5, 1
534, 2, 1169, 54, 568, 320, 1, 5, 1
535, 2, 1169, 54, 568, 321, 1, 5, 1
536, 2, 1169, 54, 569, 320, 1, 5, 1
537, 2, 1168, 54, 569, 320, 1, 5, 1
538, 2, 1169, 54, 568, 320, 1, 5, 1
539, 2, 1168, 54, 568, 321, 1, 5, 1
540, 2, 1169, 54, 568, 319, 1, 5, 1
541, 2, 1169, 54, 567, 320, 1, 5, 1
542, 2, 1168, 54, 569, 320, 1, 5, 1
543, 2, 1168, 54, 568, 320, 1, 5, 1
544, 2, 1168, 54, 568, 321, 1, 5, 1
545, 2, 1168, 54, 568, 320, 1, 5, 1
546, 2, 1169, 54, 568, 320, 1, 5, 1
547, 2, 1169, 54, 568, 321, 1, 5, 1
548, 2, 1168, 54, 568, 321, 1, 5, 1
549, 2, 1169, 54, 568, 320, 1, 5, 1
550, 2, 1169, 54, 568, 321, 1, 5, 1
551, 2, 1169, 54, 567, 319, 1, 5, 1
552, 2, 1169, 54, 567, 320, 1, 5, 1
553, 2, 1170, 54, 566, 320, 1, 5, 1
554, 2, 1170, 54, 567, 319, 1, 5, 1
555, 2, 1169, 54, 568, 319, 1, 5, 1
556, 2, 1169, 54, 567, 319, 1, 5, 1
557, 2, 1169, 54, 567, 320, 1, 5, 1
558, 2, 1169, 54, 568, 319, 1, 5, 1
559, 2, 1169, 54, 567, 320, 1, 5, 1
560, 2, 1171, 54, 566, 320, 1, 5, 1
561, 2, 1171, 54, 565, 319, 1, 5, 1
562, 2, 1170, 54, 566, 319, 1, 5, 1
563, 2, 1170, 54, 566, 319, 1, 5, 1
564, 2, 1169, 54, 566, 320, 1, 5, 1
565, 2, 1168, 54, 568, 320, 1, 5, 1
566, 2, 1169, 54, 566, 319, 1, 5, 1
567, 2, 1169, 54, 566, 320, 1, 5, 1
568, 2, 1169, 54, 567, 320, 1, 5, 1
569, 2, 1171, 54, 565, 319, 1, 5, 1
570, 2, 1169, 54, 567, 321, 1, 5, 1
571, 2, 1169, 54, 568, 320, 1, 5, 1
572, 2, 1170, 54, 566, 320, 1, 5, 1
573, 2, 1169, 54, 568, 320, 1, 5, 1
574, 2, 1169, 54, 567, 320, 1, 5, 1
575, 2, 1170, 54, 567, 321, 1, 5, 1
576, 2, 1170, 54, 566, 321, 1, 5, 1
577, 2, 1169, 54, 568, 320, 1, 5, 1
578, 2, 1170, 54, 567, 320, 1, 5, 1
579, 2, 1169, 54, 568, 320, 1, 5, 1
580, 2, 1170, 54, 566, 320, 1, 5, 1
581, 2, 1170, 54, 566, 320, 1, 5, 1
582, 2, 1169, 54, 567, 320, 1, 5, 1
583, 2, 1169, 54, 567, 320, 1, 5, 1
584, 2, 1169, 54, 568, 320, 1, 5, 1
585, 2, 1169, 54, 567, 320, 1, 5, 1
586, 2, 1170, 54, 566, 319, 1, 5, 1
587, 2, 1170, 53, 566, 321, 1, 5, 1
588, 2, 1170, 53, 566, 321, 1, 5, 1
589, 2, 1170, 54, 566, 321, 1, 5, 1
590, 2, 1170, 54, 566, 320, 1, 5, 1
591, 2, 1169, 54, 568, 321, 1, 5, 1
592, 2, 1170, 54, 567, 321, 1, 5, 1
593, 2, 1169, 54, 568, 320, 1, 5, 1
594, 2, 1169, 54, 567, 321, 1, 5, 1
595, 2, 1169, 54, 567, 321, 1, 5, 1
596, 2, 1169, 54, 569, 321, 1, 5, 1
597, 2, 1171, 54, 566, 321, 1, 5, 1
598, 2, 1170, 54, 567, 321, 1, 5, 1
599, 2, 1169, 54, 568, 320, 1, 5, 1
600, 2, 1169, 54, 569, 320, 1, 5, 1
601, 2, 1169, 54, 568, 320, 1, 5, 1
602, 2, 1169, 54, 568, 320, 1, 5, 1
603, 2, 1169, 54, 568, 321, 1, 5, 1
604, 2, 1167, 54, 570, 320, 1, 5, 1
605, 2, 1167, 54, 571, 321, 1, 5, 1
606, 2, 1167, 54, 571, 320, 1, 5, 1
607, 2, 1168, 54, 570, 320, 1, 5, 1
608, 2, 1167, 54, 570, 320, 1, 5, 1
609, 2, 1168, 54, 569, 320, 1, 5, 1
610, 2, 1168, 54, 569, 320, 1, 5, 1
611, 2, 1169, 54, 568, 319, 1, 5, 1
612, 2, 1169, 54, 568, 319, 1, 5, 1
613, 2, 1169, 54, 568, 319, 1, 5, 1
614, 2, 1169, 54, 569, 320, 1, 5, 1
615, 2, 1169, 54, 568, 320, 1, 5, 1
616, 2, 1169, 54, 569, 320, 1, 5, 1
617, 2, 1168, 54, 569, 321, 1, 5, 1
618, 2, 1168, 54, 569, 319, 1, 5, 1
619, 2, 1169, 54, 568, 320, 1, 5, 1
620, 2, 1169, 54, 569, 320, 1, 5, 1
621, 2, 1169, 54, 570, 321, 1, 5, 1
622, 2, 1168, 54, 570, 320, 1, 5, 1
623, 2, 1167, 54, 571, 321, 1, 5, 1
624, 2, 1168, 54, 570, 320, 1, 5, 1
625, 2, 1170, 54, 568, 320, 1, 5, 1
626, 2, 1169, 54, 569, 320, 1, 5, 1
627, 2, 1169, 54, 569, 319, 1, 5, 1
628, 2, 1168, 54, 570, 320, 1, 5, 1
629, 2, 1169, 54, 568, 321, 1, 5, 1
630, 2, 1169, 54, 569, 320, 1, 5, 1
631, 2, 1169, 54, 569, 320, 1, 5, 1
632, 2, 1169, 54, 568, 320, 1, 5, 1
633, 2, 1169, 54, 569, 321, 1, 5, 1
634, 2, 1170, 54, 567, 321, 1, 5, 1
635, 2, 1170, 54, 567, 319, 1, 5, 1
636, 2, 1170, 54, 567, 319, 1, 5, 1
637, 2, 1171, 54, 567, 321, 1, 5, 1
638, 2, 1170, 54, 567, 320, 1, 5, 1
639, 2, 1169, 54, 568, 321, 1, 5, 1
640, 2, 1168, 54, 567, 320, 1, 5, 1
641, 2, 1168, 54, 569, 320, 1, 5, 1
642, 2, 1171, 54, 565, 320, 1, 5, 1
643, 2, 1169, 54, 566, 320, 1, 5, 1
644, 2, 1170, 54, 566, 321, 1, 5, 1
645, 2, 1170, 54, 566, 321, 1, 5, 1
646, 2, 1170, 54, 567, 320, 1, 5, 1
647, 2, 1171, 54, 565, 321, 1, 5, 1
648, 2, 1170, 54, 566, 320, 1, 5, 1
649, 2, 1169, 54, 567, 320, 1, 5, 1
650, 2, 1168, 54, 569, 320, 1, 5, 1
651, 2, 1168, 54, 568, 321, 1, 5, 1
652, 2, 1168, 54, 569, 320, 1, 5, 1
653, 2, 1168, 54, 569, 320, 1, 5, 1
654, 2, 1168, 54, 568, 320, 1, 5, 1
655, 2, 1168, 55, 567, 320, 1, 5, 1
656, 2, 1169, 54, 566, 321, 1, 5, 1
657, 2, 1169, 55, 567, 318, 1, 5, 1
658, 2, 1169, 55, 568, 318, 1, 5, 1
659, 2, 1168, 55, 568, 319, 1, 5, 1
660, 2, 1169, 55, 568, 319, 1, 5, 1
661, 2, 1168, 55, 568, 318, 1, 5, 1
662, 2, 1168, 55, 569, 319, 1, 5, 1
663, 2, 1168, 55, 569, 318, 1, 5, 1
664, 2, 1169, 55, 567, 319, 1, 5, 1
665, 2, 1168, 55, 568, 318, 1, 5, 1
666, 2, 1168, 55, 568, 318, 1, 5, 1
667, 2, 1169, 55, 567, 319, 1, 5, 1
668, 2, 1168, 55, 569, 320, 1, 5, 1
669, 2, 1169, 55, 567, 319, 1, 5, 1
670, 2, 1168, 55, 568, 319, 1, 5, 1
671, 2, 1168, 55, 568, 319, 1, 5, 1
672, 2, 1169, 55, 568, 319, 1, 5, 1
673, 2, 1168, 55, 568, 320, 1, 5, 1
674, 2, 1169, 55, 567, 320, 1, 5, 1
675, 2, 1169, 55, 567, 320, 1, 5, 1
676, 2, 1170, 55, 566, 319, 1, 5, 1
677, 2, 1170, 55, 566, 318, 1, 5, 1
678, 2, 1169, 55, 567, 317, 1, 5, 1
679, 2, 1168, 55, 569, 317, 1, 5, 1
680, 2, 1168, 55, 569, 317, 1, 5, 1
681, 2, 1168, 55, 568, 317, 1, 5, 1
682, 2, 1169, 55, 568, 318, 1, 5, 1
683, 2, 1169, 55, 567, 318, 1, 5, 1
684, 2, 1168, 55, 568, 318, 1, 5, 1
685, 2, 1169, 55, 567, 318, 1, 5, 1
686, 2, 1168, 55, 568, 319, 1, 5, 1
687, 2, 1168, 55, 568, 317, 1, 5, 1
688, 2, 1168, 55, 568, 318, 1, 5, 1
689, 2, 1168, 55, 568, 318, 1, 5, 1
690, 2, 1168, 55, 569, 318, 1, 5, 1
691, 2, 1169, 55, 568, 318, 1, 5, 1
692, 2, 1168, 55, 568, 318, 1, 5, 1
693, 2, 1169, 55, 567, 318, 1, 5, 1
694, 2, 1169, 55, 568, 318, 1, 5, 1
695, 2, 1169, 55, 567, 318, 1, 5, 1
696, 2, 1169, 55, 568, 319, 1, 5, 1
697, 2, 1169, 55, 568, 319, 1, 5, 1
698, 2, 1168, 55, 568, 318, 1, 5, 1
699, 2, 1169, 55, 568, 320, 1, 5, 1
700, 2, 1169, 55, 567, 320, 1, 5, 1
701, 2, 1168, 55, 568, 319, 1, 5, 1
702, 2, 1169, 55, 568, 319, 1, 5, 1
703, 2, 1169, 54, 569, 321, 1, 5, 1
704, 2, 1169, 54, 568, 320, 1, 5, 1
705, 2, 1170, 54, 567, 321, 1, 5, 1
706, 2, 1169, 54, 568, 320, 1, 5, 1
707, 2, 1170, 54, 567, 319, 1, 5, 1
708, 2, 1169, 54, 568, 319, 1, 5, 1
709, 2, 1168, 54, 569, 321, 1, 5, 1
710, 2, 1169, 54, 568, 320, 1, 5, 1
711, 2, 1169, 54, 569, 319, 1, 5, 1
712, 2, 1170, 54, 567, 319, 1, 5, 1
713, 2, 1169, 54, 567, 320, 1, 5, 1
714, 2, 1169, 54, 568, 320, 1, 5, 1
715, 2, 1168, 54, 569, 321, 1, 5, 1
716, 2, 1169, 54, 567, 321, 1, 5, 1
717, 2, 1168, 54, 569, 319, 1, 5, 1
718, 2, 1169, 54, 568, 320, 1, 5, 1
719, 2, 1168, 54, 570, 319, 1, 5, 1
720, 2, 1169, 54, 568, 320, 1, 5, 1
721, 2, 1169, 54, 567, 320, 1, 5, 1
722, 2, 1168, 54, 569, 320, 1, 5, 1
723, 2, 1169, 54, 568, 319, 1, 5, 1
724, 2, 1169, 54, 568, 319, 1, 5, 1
725, 2, 1168, 54, 568, 320, 1, 5, 1
726, 2, 1168, 54, 568, 320, 1, 5, 1
727, 2, 1168, 54, 569, 320, 1, 5, 1
728, 2, 1168, 54, 569, 320, 1, 5, 1
729, 2, 1169, 54, 568, 320, 1, 5, 1
730, 2, 1169, 54, 569, 319, 1, 5, 1
731, 2, 1169, 54, 568, 319, 1, 5, 1
732, 2, 1168, 54, 569, 320, 1, 5, 1
733, 2, 1168, 54, 569, 319, 1, 5, 1
734, 2, 1168, 54, 569, 319, 1, 5, 1
735, 2, 1167, 54, 570, 319, 1, 5, 1
736, 2, 1167, 54, 570, 319, 1, 5, 1
737, 2, 1168, 54, 569, 319, 1, 5, 1
738, 2, 1167, 55, 571, 319, 1, 5, 1
739, 2, 1167, 54, 571, 319, 1, 5, 1
740, 2, 1166, 54, 571, 320, 1, 5, 1
741, 2, 1165, 54, 572, 320, 1, 5, 1
742, 2, 1166, 54, 571, 319, 1, 5, 1
743, 2, 1165, 54, 571, 319, 1, 5, 1
744, 2, 1165, 54, 570, 319, 1, 5, 1
745, 2, 1166, 54, 569, 319, 1, 5, 1
746, 2, 1166, 55, 567, 318, 1, 5, 1
747, 2, 1165, 55, 568, 319, 1, 5, 1
748, 2, 1164, 55, 568, 319, 1, 5, 1
749, 2, 1164, 55, 568, 318, 1, 5, 1
750, 2, 1163, 55, 569, 318, 1, 5, 1
751, 2, 1162, 56, 569, 317, 1, 5, 1
752, 2, 1161, 56, 571, 318, 1, 5, 1
753, 2, 1162, 56, 569, 318, 1, 5, 1
754, 2, 1160, 56, 569, 318, 1, 5, 1
755, 2, 1160, 56, 568, 318, 1, 5, 1
756, 2, 1157, 56, 570, 318, 1, 5, 1
757, 2, 1158, 56, 568, 318, 1, 5, 1
758, 2, 1156, 58, 568, 317, 1, 5, 1
759, 2, 1156, 58, 569, 317, 1, 5, 1
760, 2, 1155, 59, 570, 316, 1, 5, 1
761, 2, 1154, 58, 569, 318, 1, 5, 1
762, 2, 1153, 58, 567, 320, 1, 5, 1
763, 2, 1152, 56, 566, 323, 1, 5, 1
764, 2, 1150, 58, 565, 321, 1, 5, 1
765, 2, 1151, 58, 565, 320, 1, 5, 1
766, 2, 1148, 58, 568, 321, 1, 5, 1
767, 2, 1147, 58, 569, 322, 1, 5, 1
768, 2, 1147, 59, 567, 323, 1, 5, 1
769, 2, 1144, 61, 572, 320, 1, 5, 1
770, 2, 1144, 60, 570, 320, 1, 5, 1
771, 2, 1143, 60, 572, 321, 1, 5, 1
772, 2, 1144, 61, 567, 320, 1, 5, 1
773, 2, 1142, 63, 569, 318, 1, 5, 1
774, 2, 1142, 62, 566, 320, 1, 5, 1
775, 2, 1140, 64, 567, 318, 1, 5, 1
776, 2, 1138, 65, 569, 318, 1, 5, 1
777, 2, 1139, 65, 567, 319, 1, 5, 1
778, 2, 1139, 66, 566, 317, 1, 5, 1
779, 2, 1138, 66, 569, 320, 1, 5, 1
780, 2, 1136, 65, 569, 321, 1, 5, 1
781, 2, 1134, 67, 569, 320, 1, 5, 1
782, 2, 1132, 66, 568, 320, 1, 5, 1
783, 2, 1132, 65, 568, 321, 1, 5, 1
784, 2, 1129, 68, 570, 319, 1, 5, 1
785, 2, 1127, 68, 571, 319, 1, 5, 1
786, 2, 1125, 70, 571, 317, 1, 5, 1
787, 2, 1125, 69, 569, 318, 1, 5, 1
788, 2, 1125, 70, 570, 317, 1, 5, 1
789, 2, 1123, 70, 571, 318, 1, 5, 1
790, 2, 1120, 69, 571, 319, 1, 5, 1
791, 2, 1119, 70, 569, 319, 1, 5, 1
792, 2, 1117, 67, 569, 322, 1, 5, 1
793, 2, 1115, 69, 571, 322, 1, 5, 1
794, 2, 1114, 68, 567, 324, 1, 5, 1
795, 2, 1114, 68, 568, 324, 1, 5, 1
796, 2, 1112, 69, 568, 324, 1, 5, 1
797, 2, 1110, 69, 567, 324, 1, 5, 1
798, 2, 1109, 71, 565, 322, 1, 5, 1
799, 2, 1105, 71, 565, 321, 1, 5, 1
800, 2, 1104, 72, 563, 322, 1, 5, 1
801, 2, 1104, 72, 564, 322, 1, 5, 1
802, 2, 1100, 72, 566, 322, 1, 5, 1
803, 2, 1100, 72, 569, 323, 1, 5, 1
804, 2, 1097, 73, 570, 321, 1, 5, 1
805, 2, 1098, 74, 567, 321, 1, 5, 1
806, 2, 1094, 74, 568, 320, 1, 5, 1
807, 2, 1095, 74, 567, 321, 1, 5, 1
808, 2, 1092, 74, 568, 321, 1, 5, 1
809, 2, 1091, 75, 568, 321, 1, 5, 1
810, 2, 1089, 78, 568, 318, 1, 5, 1
811, 2, 1089, 78, 568, 319, 1, 5, 1
812, 2, 1085, 80, 568, 316, 1, 5, 1
813, 2, 1084, 80, 570, 317, 1, 5, 1
814, 2, 1082, 80, 569, 316, 1, 5, 1
815, 2, 1082, 80, 567, 318, 1, 5, 1
816, 2, 1079, 81, 568, 318, 1, 5, 1
817, 2, 1077, 81, 568, 318, 1, 5, 1
818, 2, 1076, 82, 568, 318, 1, 5, 1
819, 2, 1076, 82, 569, 318, 1, 5, 1
820, 2, 1073, 83, 568, 319, 1, 5, 1
821, 2, 1070, 81, 570, 320, 1, 5, 1
822, 2, 1072, 81, 565, 319, 1, 5, 1
823, 2, 1067, 79, 569, 321, 1, 5, 1
824, 2, 1066, 83, 569, 318, 1, 5, 1
825, 2, 1067, 83, 569, 319, 1, 5, 1
826, 2, 1063, 83, 570, 318, 1, 5, 1
827, 2, 1061, 83, 569, 318, 1, 5, 1
828, 2, 1059, 87, 568, 315, 1, 5, 1
829, 2, 1058, 87, 569, 316, 1, 5, 1
830, 2, 1058, 87, 568, 315, 1, 5, 1
831, 2, 1056, 86, 569, 319, 1, 5, 1
832, 2, 1055, 86, 567, 319, 1, 5, 1
833, 2, 1053, 84, 567, 323, 1, 5, 1
834, 2, 1051, 86, 568, 321, 1, 5, 1
835, 2, 1049, 86, 568, 321, 1, 5, 1
836, 2, 1049, 84, 568, 323, 1, 5, 1
837, 2, 1047, 84, 570, 323, 1, 5, 1
838, 2, 1044, 84, 570, 324, 1, 5, 1
839, 2, 1041, 84, 572, 324, 1, 5, 1
840, 2, 1041, 84, 567, 324, 1, 5, 1
841, 2, 1038, 85, 568, 322, 1, 5, 1
842, 2, 1038, 85, 567, 324, 1, 5, 1
843, 2, 1038, 86, 566, 323, 1, 5, 1
844, 2, 1035, 88, 568, 321, 1, 5, 1
845, 2, 1033, 88, 570, 323, 1, 5, 1
846, 2, 1034, 88, 566, 324, 1, 5, 1
847, 2, 1031, 86, 569, 325, 1, 5, 1
848, 2, 1031, 86, 570, 326, 1, 5, 1
849, 2, 1029, 87, 569, 325, 1, 5, 1
850, 2, 1025, 87, 568, 327, 1, 5, 1
851, 2, 1022, 86, 571, 327, 1, 5, 1
852, 2, 1021, 86, 570, 327, 1, 5, 1
853, 2, 1021, 85, 570, 328, 1, 5, 1
854, 2, 1019, 84, 571, 330, 1, 5, 1
855, 2, 1017, 86, 570, 330, 1, 5, 1
856, 2, 1014, 86, 570, 329, 1, 5, 1
857, 2, 1013, 88, 570, 327, 1, 5, 1
858, 2, 1011, 90, 569, 326, 1, 5, 1
859, 2, 1011, 90, 569, 327, 1, 5, 1
860, 2, 1008, 90, 571, 327, 1, 5, 1
861, 2, 1008, 91, 568, 327, 1, 5, 1
862, 2, 1006, 92, 568, 327, 1, 5, 1
863, 2, 1005, 92, 568, 328, 1, 5, 1
864, 2, 1003, 91, 567, 328, 1, 5, 1
865, 2, 1003, 91, 568, 328, 1, 5, 1
866, 2, 1001, 92, 568, 327, 1, 5, 1
867, 2, 1000, 93, 568, 327, 1, 5, 1
868, 2, 1000, 93, 568, 328, 1, 5, 1
869, 2, 999, 94, 568, 328, 1, 5, 1
870, 2, 997, 94, 566, 328, 1, 5, 1
871, 2, 997, 94, 566, 327, 1, 5, 1
872, 2, 998, 94, 565, 328, 1, 5, 1
873, 2, 995, 94, 566, 327, 1, 5, 1
874, 2, 992, 94, 568, 329, 1, 5, 1
875, 2, 988, 94, 570, 329, 1, 5, 1
876, 2, 988, 95, 570, 329, 1, 5, 1
877, 2, 988, 95, 569, 329, 1, 5, 1
878, 2, 986, 94, 570, 331, 1, 5, 1
879, 2, 986, 95, 570, 330, 1, 5, 1
880, 2, 985, 96, 569, 330, 1, 5, 1
881, 2, 986, 96, 568, 329, 1, 5, 1
882, 2, 983, 96, 568, 332, 1, 5, 1
883, 2, 983, 96, 568, 333, 1, 5, 1
884, 2, 977, 96, 571, 331, 1, 5, 1
885, 2, 977, 97, 572, 330, 1, 5, 1
886, 2, 975, 97, 571, 331, 1, 5, 1
887, 2, 974, 96, 571, 332, 1, 5, 1
888, 2, 973, 97, 571, 331, 1, 5, 1
889, 2, 972, 97, 573, 331, 1, 5, 1
890, 2, 971, 97, 573, 333, 1, 5, 1
891, 2, 970, 98, 572, 332, 1, 5, 1
892, 2, 968, 98, 573, 333, 1, 5, 1
893, 2, 967, 100, 571, 329, 1, 5, 1
894, 2, 964, 100, 573, 330, 1, 5, 1
895, 2, 965, 100, 573, 331, 1, 5, 1
896, 2, 962, 100, 574, 331, 1, 5, 1
897, 2, 962, 101, 573, 330, 1, 5, 1
898, 2, 959, 102, 574, 329, 1, 5, 1
899, 2, 960, 102, 574, 329, 1, 5, 1
900, 2, 959, 103, 572, 330, 1, 5, 1
901, 2, 957, 103, 574, 331, 1, 5, 1
902, 2, 957, 103, 574, 329, 1, 5, 1
903, 2, 956, 102, 572, 330, 1, 5, 1
904, 2, 954, 103, 573, 329, 1, 5, 1
905, 2, 955, 104, 570, 328, 1, 5, 1
906, 2, 955, 104, 570, 328, 1, 5, 1
907, 2, 954, 104, 571, 328, 1, 5, 1
908, 2, 950, 105, 574, 329, 1, 5, 1
909, 2, 947, 104, 574, 330, 1, 5, 1
910, 2, 947, 104, 572, 332, 1, 5, 1
911, 2, 945, 105, 573, 331, 1, 5, 1
912, 2, 944, 105, 574, 332, 1, 5, 1
913, 2, 942, 105, 575, 332, 1, 5, 1
914, 2, 939, 106, 578, 331, 1, 5, 1
915, 2, 939, 106, 576, 333, 1, 5, 1
916, 2, 938, 106, 576, 333, 1, 5, 1
917, 2, 938, 107, 574, 332, 1, 5, 1
918, 2, 937, 107, 576, 332, 1, 5, 1
919, 2, 935, 108, 576, 331, 1, 5, 1
920, 2, 935, 108, 573, 332, 1, 5, 1
921, 2, 934, 109, 575, 331, 1, 5, 1
922, 2, 934, 109, 575, 330, 1, 5, 1
923, 2, 930, 109, 577, 330, 1, 5, 1
924, 2, 931, 109, 576, 330, 1, 5, 1
925, 2, 928, 110, 578, 330, 1, 5, 1
926, 2, 927, 111, 578, 329, 1, 5, 1
927, 2, 925, 111, 578, 329, 1, 5, 1
928, 2, 925, 111, 574, 329, 1, 5, 1