1, 1, 715, 225, 455, 159, 1, 6, 1
2, 1, 715, 225, 455, 159, 1, 6, 1
3, 1, 715, 225, 455, 159, 1, 6, 1
4, 1, 715, 225, 455, 159, 1, 6, 1
5, 1, 715, 225, 455, 159, 1, 6, 1
6, 1, 715, 225, 455, 159, 1, 6, 1
7, 1, 715, 225, 455, 159, 1, 6, 1
8, 1, 715, 225, 455, 159, 1, 6, 1
9, 1, 715, 225, 455, 159, 1, 6, 1
10, 1, 715, 225, 455, 159, 1, 6, 1
11, 1, 715, 225, 455, 159, 1, 6, 1
12, 1, 715, 225, 455, 159, 1, 6, 1
13, 1, 715, 225, 455, 159, 1, 6, 1
14, 1, 715, 225, 455, 159, 1, 6, 1
15, 1, 715, 225, 455, 159, 1, 6, 1
16, 1, 715, 225, 455, 159, 1, 6, 1
17, 1, 715, 225, 455, 159, 1, 6, 1
18, 1, 715, 225, 455, 159, 1, 6, 1
19, 1, 715, 225, 455, 159, 1, 6, 1
20, 1, 715, 225, 455, 159, 1, 6, 1
21, 1, 715, 225, 455, 159, 1, 6, 1
22, 1, 715, 225, 455, 159, 1, 6, 1
23, 1, 715, 225, 455, 159, 1, 6, 1
24, 1, 715, 225, 455, 159, 1, 6, 1
25, 1, 715, 225, 455, 159, 1, 6, 1
26, 1, 715, 225, 455, 159, 1, 6, 1
27, 1, 715, 225, 455, 159, 1, 6, 1
28, 1, 715, 225, 455, 159, 1, 6, 1
29, 1, 715, 225, 455, 159, 1, 6, 1
30, 1, 715, 225, 455, 159, 1, 6, 1
31, 1, 715, 225, 455, 159, 1, 6, 1
32, 1, 715, 225, 455, 159, 1, 6, 1
33, 1, 715, 225, 455, 159, 1, 6, 1
34, 1, 715, 225, 455, 159, 1, 6, 1
35, 1, 715, 225, 455, 159, 1, 6, 1
36, 1, 715, 225, 455, 159, 1, 6, 1
37, 1, 715, 225, 455, 159, 1, 6, 1
38, 1, 715, 225, 455, 159, 1, 6, 1
39, 1, 715, 225, 455, 159, 1, 6, 1
40, 1, 715, 225, 455, 159, 1, 6, 1
41, 1, 715, 225, 455, 159, 1, 6, 1
42, 1, 715, 225, 455, 159, 1, 6, 1
43, 1, 715, 225, 455, 159, 1, 6, 1
44, 1, 715, 225, 455, 159, 1, 6, 1
45, 1, 715, 225, 455, 159, 1, 6, 1
46, 1, 715, 225, 455, 159, 1, 6, 1
47, 1, 715, 225, 455, 159, 1, 6, 1
48, 1, 715, 225, 455, 159, 1, 6, 1
49, 1, 715, 225, 455, 159, 1, 6, 1
50, 1, 715, 225, 455, 159, 1, 6, 1
51, 1, 715, 225, 455, 159, 1, 6, 1
52, 1, 715, 225, 455, 159, 1, 6, 1
53, 1, 715, 225, 455, 159, 1, 6, 1
54, 1, 715, 225, 455, 159, 1, 6, 1
55, 1, 715, 225, 455, 159, 1, 6, 1
56, 1, 715, 225, 455, 159, 1, 6, 1
57, 1, 715, 225, 455, 159, 1, 6, 1
58, 1, 715, 225, 455, 159, 1, 6, 1
59, 1, 715, 225, 455, 159, 1, 6, 1
60, 1, 715, 225, 455, 159, 1, 6, 1
61, 1, 715, 225, 455, 159, 1, 6, 1
62, 1, 715, 225, 455, 159, 1, 6, 1
63, 1, 715, 225, 455, 159, 1, 6, 1
64, 1, 715, 225, 455, 159, 1, 6, 1
65, 1, 715, 225, 455, 159, 1, 6, 1
66, 1, 715, 225, 455, 159, 1, 6, 1
67, 1, 715, 225, 455, 159, 1, 6, 1
68, 1, 715, 225, 455, 159, 1, 6, 1
69, 1, 715, 225, 455, 159, 1, 6, 1
70, 1, 715, 225, 455, 159, 1, 6, 1
71, 1, 715, 225, 455, 159, 1, 6, 1
72, 1, 715, 225, 455, 159, 1, 6, 1
73, 1, 715, 225, 455, 159, 1, 6, 1
74, 1, 715, 225, 455, 159, 1, 6, 1
75, 1, 715, 225, 455, 159, 1, 6, 1
76, 1, 715, 225, 455, 159, 1, 6, 1
77, 1, 715, 225, 455, 159, 1, 6, 1
78, 1, 715, 225, 455, 159, 1, 6, 1
79, 1, 715, 225, 455, 159, 1, 6, 1
80, 1, 715, 225, 455, 159, 1, 6, 1
81, 1, 715, 225, 455, 159, 1, 6, 1
82, 1, 715, 225, 455, 159, 1, 6, 1
83, 1, 715, 225, 455, 159, 1, 6, 1
84, 1, 715, 225, 455, 159, 1, 6, 1
85, 1, 715, 225, 455, 159, 1, 6, 1
86, 1, 715, 225, 455, 159, 1, 6, 1
87, 1, 715, 225, 455, 159, 1, 6, 1
88, 1, 715, 225, 455, 159, 1, 6, 1
89, 1, 715, 225, 455, 159, 1, 6, 1
90, 1, 715, 225, 455, 159, 1, 6, 1
91, 1, 715, 225, 455, 159, 1, 6, 1
92, 1, 715, 225, 455, 159, 1, 6, 1
93, 1, 715, 225, 455, 159, 1, 6, 1
94, 1, 715, 225, 455, 159, 1, 6, 1
95, 1, 715, 225, 455, 159, 1, 6, 1
96, 1, 715, 225, 455, 159, 1, 6, 1
97, 1, 715, 225, 455, 159, 1, 6, 1
98, 1, 715, 225, 455, 159, 1, 6, 1
99, 1, 715, 225, 455, 159, 1, 6, 1
100, 1, 715, 225, 455, 159, 1, 6, 1
101, 1, 715, 225, 455, 159, 1, 6, 1
102, 1, 715, 225, 455, 159, 1, 6, 1
103, 1, 715, 225, 455, 159, 1, 6, 1
104, 1, 715, 225, 455, 159, 1, 6, 1
105, 1, 715, 225, 455, 159, 1, 6, 1
106, 1, 715, 225, 455, 159, 1, 6, 1
107, 1, 715, 225, 455, 159, 1, 6, 1
108, 1, 715, 225, 455, 159, 1, 6, 1
109, 1, 715, 225, 455, 159, 1, 6, 1
110, 1, 715, 225, 455, 159, 1, 6, 1
111, 1, 715, 225, 455, 159, 1, 6, 1
112, 1, 715, 225, 455, 159, 1, 6, 1
113, 1, 715, 225, 455, 159, 1, 6, 1
114, 1, 715, 225, 455, 159, 1, 6, 1
115, 1, 715, 225, 455, 159, 1, 6, 1
116, 1, 715, 225, 455, 159, 1, 6, 1
117, 1, 715, 225, 455, 159, 1, 6, 1
118, 1, 715, 225, 455, 159, 1, 6, 1
119, 1, 715, 225, 455, 159, 1, 6, 1
120, 1, 715, 225, 455, 159, 1, 6, 1
121, 1, 715, 225, 455, 159, 1, 6, 1
122, 1, 715, 225, 455, 159, 1, 6, 1
123, 1, 715, 225, 455, 159, 1, 6, 1
124, 1, 715, 225, 455, 159, 1, 6, 1
125, 1, 715, 225, 455, 159, 1, 6, 1
126, 1, 715, 225, 455, 159, 1, 6, 1
127, 1, 715, 225, 455, 159, 1, 6, 1
128, 1, 715, 225, 455, 159, 1, 6, 1
129, 1, 715, 225, 455, 159, 1, 6, 1
130, 1, 715, 225, 455, 159, 1, 6, 1
131, 1, 715, 225, 455, 159, 1, 6, 1
132, 1, 715, 225, 455, 159, 1, 6, 1
133, 1, 715, 225, 455, 159, 1, 6, 1
134, 1, 715, 225, 455, 159, 1, 6, 1
135, 1, 715, 225, 455, 159, 1, 6, 1
136, 1, 715, 225, 455, 159, 1, 6, 1
137, 1, 715, 225, 455, 159, 1, 6, 1
138, 1, 715, 225, 455, 159, 1, 6, 1
139, 1, 715, 225, 455, 159, 1, 6, 1
140, 1, 715, 225, 455, 159, 1, 6, 1
141, 1, 715, 225, 455, 159, 1, 6, 1
142, 1, 715, 225, 455, 159, 1, 6, 1
143, 1, 715, 225, 455, 159, 1, 6, 1
144, 1, 715, 225, 455, 159, 1, 6, 1
145, 1, 715, 225, 455, 159, 1, 6, 1
146, 1, 715, 225, 455, 159, 1, 6, 1
147, 1, 715, 225, 455, 159, 1, 6, 1
148, 1, 715, 225, 455, 159, 1, 6, 1
149, 1, 715, 225, 455, 159, 1, 6, 1
150, 1, 715, 225, 455, 159, 1, 6, 1
151, 1, 715, 225, 455, 159, 1, 6, 1
152, 1, 715, 225, 455, 159, 1, 6, 1
153, 1, 715, 225, 455, 159, 1, 6, 1
154, 1, 715, 225, 455, 159, 1, 6, 1
155, 1, 715, 225, 455, 159, 1, 6, 1
156, 1, 715, 225, 455, 159, 1, 6, 1
157, 1, 715, 225, 455, 159, 1, 6, 1
158, 1, 715, 225, 455, 159, 1, 6, 1
159, 1, 715, 225, 455, 159, 1, 6, 1
160, 1, 715, 225, 455, 159, 1, 6, 1
161, 1, 715, 225, 455, 159, 1, 6, 1
162, 1, 715, 225, 455, 159, 1, 6, 1
163, 1, 715, 225, 455, 159, 1, 6, 1
164, 1, 715, 225, 455, 159, 1, 6, 1
165, 1, 715, 225, 455, 159, 1, 6, 1
166, 1, 715, 225, 455, 159, 1, 6, 1
167, 1, 715, 225, 455, 159, 1, 6, 1
168, 1, 715, 225, 455, 159, 1, 6, 1
169, 1, 715, 225, 455, 159, 1, 6, 1
170, 1, 715, 225, 455, 159, 1, 6, 1
171, 1, 715, 225, 455, 159, 1, 6, 1
172, 1, 715, 225, 455, 159, 1, 6, 1
173, 1, 715, 225, 455, 159, 1, 6, 1
174, 1, 715, 225, 455, 159, 1, 6, 1
175, 1, 715, 225, 455, 159, 1, 6, 1
176, 1, 715, 225, 455, 159, 1, 6, 1
177, 1, 715, 225, 455, 159, 1, 6, 1
178, 1, 715, 225, 455, 159, 1, 6, 1
179, 1, 715, 225, 455, 159, 1, 6, 1
180, 1, 715, 225, 455, 159, 1, 6, 1
181, 1, 715, 225, 455, 159, 1, 6, 1
182, 1, 715, 225, 455, 159, 1, 6, 1
183, 1, 715, 225, 455, 159, 1, 6, 1
184, 1, 715, 225, 455, 159, 1, 6, 1
185, 1, 715, 225, 455, 159, 1, 6, 1
186, 1, 715, 225, 455, 159, 1, 6, 1
187, 1, 715, 225, 455, 159, 1, 6, 1
188, 1, 715, 225, 455, 159, 1, 6, 1
189, 1, 715, 225, 455, 159, 1, 6, 1
190, 1, 715, 225, 455, 159, 1, 6, 1
191, 1, 715, 225, 455, 159, 1, 6, 1
192, 1, 715, 225, 455, 159, 1, 6, 1
193, 1, 715, 225, 455, 159, 1, 6, 1
194, 1, 715, 225, 455, 159, 1, 6, 1
195, 1, 715, 225, 455, 159, 1, 6, 1
196, 1, 715, 225, 455, 159, 1, 6, 1
197, 1, 715, 225, 455, 159, 1, 6, 1
198, 1, 715, 225, 455, 159, 1, 6, 1
199, 1, 715, 225, 455, 159, 1, 6, 1
200, 1, 715, 225, 455, 159, 1, 6, 1
201, 1, 715, 225, 455, 159, 1, 6, 1
202, 1, 715, 225, 455, 159, 1, 6, 1
203, 1, 715, 225, 455, 159, 1, 6, 1
204, 1, 715, 225, 455, 159, 1, 6, 1
205, 1, 715, 225, 455, 159, 1, 6, 1
206, 1, 715, 225, 455, 159, 1, 6, 1
207, 1, 715, 225, 455, 159, 1, 6, 1
208, 1, 715, 225, 455, 159, 1, 6, 1
209, 1, 715, 225, 455, 159, 1, 6, 1
210, 1, 715, 225, 455, 159, 1, 6, 1
211, 1, 715, 225, 455, 159, 1, 6, 1
212, 1, 715, 225, 455, 159, 1, 6, 1
213, 1, 715, 225, 455, 159, 1, 6, 1
214, 1, 715, 225, 455, 159, 1, 6, 1
215, 1, 715, 225, 455, 159, 1, 6, 1
216, 1, 715, 225, 455, 161, 1, 6, 1
217, 1, 715, 225, 455, 161, 1, 6, 1
218, 1, 715, 225, 455, 161, 1, 6, 1
219, 1, 715, 225, 455, 161, 1, 6, 1
220, 1, 715, 225, 455, 161, 1, 6, 1
221, 1, 715, 225, 455, 161, 1, 6, 1
222, 1, 715, 225, 455, 161, 1, 6, 1
223, 1, 715, 225, 455, 161, 1, 6, 1
224, 1, 715, 225, 455, 161, 1, 6, 1
225, 1, 715, 225, 455, 161, 1, 6, 1
226, 1, 715, 225, 455, 161, 1, 6, 1
227, 1, 715, 225, 455, 161, 1, 6, 1
228, 1, 715, 225, 455, 161, 1, 6, 1
229, 1, 715, 225, 455, 161, 1, 6, 1
230, 1, 715, 225, 455, 161, 1, 6, 1
231, 1, 715, 225, 455, 161, 1, 6, 1
232, 1, 715, 225, 455, 161, 1, 6, 1
233, 1, 715, 225, 455, 161, 1, 6, 1
234, 1, 715, 225, 455, 161, 1, 6, 1
235, 1, 715, 225, 455, 161, 1, 6, 1
236, 1, 715, 225, 455, 161, 1, 6, 1
237, 1, 715, 225, 455, 161, 1, 6, 1
238, 1, 715, 225, 455, 161, 1, 6, 1
239, 1, 715, 225, 455, 161, 1, 6, 1
240, 1, 715, 225, 455, 161, 1, 6, 1
241, 1, 715, 225, 455, 161, 1, 6, 1
242, 1, 715, 225, 455, 161, 1, 6, 1
243, 1, 715, 225, 455, 161, 1, 6, 1
244, 1, 715, 225, 455, 161, 1, 6, 1
245, 1, 715, 225, 455, 161, 1, 6, 1
246, 1, 715, 225, 455, 161, 1, 6, 1
247, 1, 715, 225, 455, 161, 1, 6, 1
248, 1, 715, 225, 455, 161, 1, 6, 1
249, 1, 715, 225, 455, 161, 1, 6, 1
250, 1, 715, 225, 455, 161, 1, 6, 1
251, 1, 715, 225, 455, 161, 1, 6, 1
252, 1, 715, 225, 455, 161, 1, 6, 1
253, 1, 715, 225, 455, 161, 1, 6, 1
254, 1, 715, 225, 455, 161, 1, 6, 1
255, 1, 715, 225, 455, 161, 1, 6, 1
256, 1, 715, 225, 455, 161, 1, 6, 1
257, 1, 715, 225, 455, 161, 1, 6, 1
258, 1, 715, 225, 455, 161, 1, 6, 1
259, 1, 715, 225, 455, 161, 1, 6, 1
260, 1, 715, 225, 455, 161, 1, 6, 1
261, 1, 715, 225, 455, 161, 1, 6, 1
262, 1, 715, 225, 455, 161, 1, 6, 1
263, 1, 715, 225, 455, 161, 1, 6, 1
264, 1, 715, 225, 455, 161, 1, 6, 1
265, 1, 715, 225, 455, 161, 1, 6, 1
266, 1, 715, 225, 455, 161, 1, 6, 1
267, 1, 715, 225, 455, 161, 1, 6, 1
268, 1, 715, 225, 455, 161, 1, 6, 1
269, 1, 715, 225, 455, 161, 1, 6, 1
270, 1, 715, 225, 455, 161, 1, 6, 1
271, 1, 715, 225, 455, 161, 1, 6, 1
272, 1, 715, 225, 455, 161, 1, 6, 1
273, 1, 715, 225, 455, 161, 1, 6, 1
274, 1, 715, 225, 455, 161, 1, 6, 1
275, 1, 715, 225, 455, 161, 1, 6, 1
276, 1, 715, 225, 455, 161, 1, 6, 1
277, 1, 715, 225, 455, 161, 1, 6, 1
278, 1, 715, 225, 455, 161, 1, 6, 1
279, 1, 715, 225, 455, 161, 1, 6, 1
280, 1, 715, 225, 455, 161, 1, 6, 1
281, 1, 715, 225, 455, 161, 1, 6, 1
282, 1, 715, 225, 455, 161, 1, 6, 1
283, 1, 715, 225, 455, 162, 1, 6, 1
284, 1, 715, 225, 455, 162, 1, 6, 1
285, 1, 715, 225, 455, 162, 1, 6, 1
286, 1, 715, 225, 455, 162, 1, 6, 1
287, 1, 715, 225, 455, 162, 1, 6, 1
288, 1, 715, 225, 455, 162, 1, 6, 1
289, 1, 715, 225, 455, 162, 1, 6, 1
290, 1, 715, 225, 455, 162, 1, 6, 1
291, 1, 715, 225, 455, 162, 1, 6, 1
292, 1, 715, 225, 455, 162, 1, 6, 1
293, 1, 715, 225, 455, 162, 1, 6, 1
294, 1, 715, 225, 455, 162, 1, 6, 1
295, 1, 715, 225, 455, 162, 1, 6, 1
296, 1, 715, 225, 455, 162, 1, 6, 1
297, 1, 715, 225, 455, 162, 1, 6, 1
298, 1, 715, 225, 455, 162, 1, 6, 1
299, 1, 715, 225, 455, 162, 1, 6, 1
300, 1, 715, 225, 455, 162, 1, 6, 1
301, 1, 715, 225, 455, 162, 1, 6, 1
302, 1, 715, 225, 455, 162, 1, 6, 1
303, 1, 715, 225, 455, 162, 1, 6, 1
304, 1, 715, 225, 455, 162, 1, 6, 1
305, 1, 715, 225, 455, 162, 1, 6, 1
306, 1, 715, 225, 455, 162, 1, 6, 1
307, 1, 715, 225, 455, 162, 1, 6, 1
308, 1, 715, 225, 455, 162, 1, 6, 1
309, 1, 715, 225, 455, 162, 1, 6, 1
310, 1, 715, 225, 455, 162, 1, 6, 1
311, 1, 715, 225, 455, 162, 1, 6, 1
312, 1, 715, 225, 455, 162, 1, 6, 1
313, 1, 715, 225, 455, 162, 1, 6, 1
314, 1, 715, 225, 455, 162, 1, 6, 1
315, 1, 715, 225, 455, 162, 1, 6, 1
316, 1, 715, 225, 455, 162, 1, 6, 1
317, 1, 715, 225, 455, 162, 1, 6, 1
318, 1, 715, 225, 455, 162, 1, 6, 1
319, 1, 715, 225, 455, 162, 1, 6, 1
320, 1, 715, 225, 455, 162, 1, 6, 1
321, 1, 715, 225, 455, 162, 1, 6, 1
322, 1, 715, 225, 455, 162, 1, 6, 1
323, 1, 715, 225, 455, 162, 1, 6, 1
324, 1, 715, 225, 455, 162, 1, 6, 1
325, 1, 715, 225, 455, 162, 1, 6, 1
326, 1, 715, 225, 455, 162, 1, 6, 1
327, 1, 715, 225, 455, 162, 1, 6, 1
328, 1, 715, 225, 455, 162, 1, 6, 1
329, 1, 715, 225, 455, 162, 1, 6, 1
330, 1, 715, 225, 455, 162, 1, 6, 1
331, 1, 715, 225, 455, 162, 1, 6, 1
332, 1, 715, 225, 455, 162, 1, 6, 1
333, 1, 715, 225, 455, 162, 1, 6, 1
334, 1, 715, 225, 455, 162, 1, 6, 1
335, 1, 715, 225, 455, 162, 1, 6, 1
336, 1, 715, 225, 455, 162, 1, 6, 1
337, 1, 715, 225, 455, 162, 1, 6, 1
338, 1, 715, 225, 455, 162, 1, 6, 1
339, 1, 715, 225, 455, 162, 1, 6, 1
340, 1, 715, 225, 455, 162, 1, 6, 1
341, 1, 715, 225, 455, 162, 1, 6, 1
342, 1, 715, 225, 455, 162, 1, 6, 1
343, 1, 715, 225, 455, 162, 1, 6, 1
344, 1, 715, 225, 455, 162, 1, 6, 1
345, 1, 715, 225, 455, 162, 1, 6, 1
346, 1, 715, 225, 455, 162, 1, 6, 1
347, 1, 715, 225, 455, 162, 1, 6, 1
348, 1, 715, 225, 455, 162, 1, 6, 1
349, 1, 715, 225, 455, 162, 1, 6, 1
350, 1, 715, 225, 455, 162, 1, 6, 1
351, 1, 715, 225, 455, 162, 1, 6, 1
352, 1, 715, 225, 455, 162, 1, 6, 1
353, 1, 715, 225, 455, 162, 1, 6, 1
354, 1, 715, 225, 455, 162, 1, 6, 1
355, 1, 715, 225, 455, 162, 1, 6, 1
356, 1, 715, 225, 455, 162, 1, 6, 1
357, 1, 715, 225, 455, 162, 1, 6, 1
358, 1, 715, 225, 455, 162, 1, 6, 1
359, 1, 715, 225, 455, 162, 1, 6, 1
360, 1, 715, 225, 455, 162, 1, 6, 1
361, 1, 715, 225, 455, 162, 1, 6, 1
362, 1, 715, 225, 455, 162, 1, 6, 1
363, 1, 715, 225, 455, 162, 1, 6, 1
364, 1, 715, 225, 455, 162, 1, 6, 1
365, 1, 715, 225, 455, 162, 1, 6, 1
366, 1, 715, 225, 455, 162, 1, 6, 1
367, 1, 715, 225, 455, 162, 1, 6, 1
368, 1, 715, 225, 455, 162, 1, 6, 1
369, 1, 715, 225, 455, 162, 1, 6, 1
370, 1, 715, 225, 455, 162, 1, 6, 1
371, 1, 715, 225, 455, 162, 1, 6, 1
372, 1, 715, 225, 455, 162, 1, 6, 1
373, 1, 715, 225, 455, 162, 1, 6, 1
374, 1, 715, 225, 455, 162, 1, 6, 1
375, 1, 715, 225, 455, 162, 1, 6, 1
376, 1, 715, 225, 455, 162, 1, 6, 1
377, 1, 715, 225, 455, 162, 1, 6, 1
378, 1, 715, 225, 455, 162, 1, 6, 1
379, 1, 715, 225, 455, 162, 1, 6, 1
380, 1, 715, 225, 455, 162, 1, 6, 1
381, 1, 715, 225, 455, 162, 1, 6, 1
382, 1, 715, 225, 455, 162, 1, 6, 1
383, 1, 715, 225, 455, 162, 1, 6, 1
384, 1, 715, 225, 455, 162, 1, 6, 1
385, 1, 715, 225, 455, 162, 1, 6, 1
386, 1, 715, 225, 455, 162, 1, 6, 1
387, 1, 715, 225, 455, 162, 1, 6, 1
388, 1, 715, 225, 455, 162, 1, 6, 1
389, 1, 715, 225, 455, 162, 1, 6, 1
390, 1, 715, 225, 455, 162, 1, 6, 1
391, 1, 715, 225, 455, 162, 1, 6, 1
392, 1, 715, 225, 455, 162, 1, 6, 1
393, 1, 715, 225, 455, 162, 1, 6, 1
394, 1, 715, 225, 455, 162, 1, 6, 1
395, 1, 715, 225, 455, 162, 1, 6, 1
396, 1, 715, 225, 455, 162, 1, 6, 1
397, 1, 715, 225, 455, 162, 1, 6, 1
398, 1, 715, 225, 455, 162, 1, 6, 1
399, 1, 715, 225, 455, 162, 1, 6, 1
400, 1, 715, 225, 455, 162, 1, 6, 1
401, 1, 715, 225, 455, 162, 1, 6, 1
402, 1, 715, 225, 455, 162, 1, 6, 1
403, 1, 715, 225, 455, 162, 1, 6, 1
404, 1, 715, 225, 455, 162, 1, 6, 1
405, 1, 715, 225, 455, 162, 1, 6, 1
406, 1, 715, 225, 455, 162, 1, 6, 1
407, 1, 715, 225, 455, 162, 1, 6, 1
408, 1, 715, 225, 455, 162, 1, 6, 1
409, 1, 715, 225, 455, 162, 1, 6, 1
410, 1, 715, 225, 455, 162, 1, 6, 1
411, 1, 715, 225, 455, 162, 1, 6, 1
412, 1, 715, 225, 455, 162, 1, 6, 1
413, 1, 715, 225, 455, 162, 1, 6, 1
414, 1, 715, 225, 455, 162, 1, 6, 1
415, 1, 715, 225, 455, 162, 1, 6, 1
416, 1, 715, 225, 455, 162, 1, 6, 1
417, 1, 715, 225, 455, 162, 1, 6, 1
418, 1, 715, 225, 455, 162, 1, 6, 1
419, 1, 715, 225, 455, 162, 1, 6, 1
420, 1, 715, 225, 455, 162, 1, 6, 1
421, 1, 715, 225, 455, 162, 1, 6, 1
422, 1, 715, 225, 455, 162, 1, 6, 1
423, 1, 715, 225, 455, 162, 1, 6, 1
424, 1, 715, 225, 455, 162, 1, 6, 1
425, 1, 715, 225, 455, 162, 1, 6, 1
426, 1, 715, 225, 455, 162, 1, 6, 1
427, 1, 715, 225, 455, 162, 1, 6, 1
428, 1, 715, 225, 455, 162, 1, 6, 1
429, 1, 715, 225, 455, 162, 1, 6, 1
430, 1, 715, 225, 455, 162, 1, 6, 1
431, 1, 715, 225, 455, 162, 1, 6, 1
432, 1, 715, 225, 455, 162, 1, 6, 1
433, 1, 715, 225, 455, 162, 1, 6, 1
434, 1, 715, 225, 455, 162, 1, 6, 1
435, 1, 715, 225, 455, 162, 1, 6, 1
436, 1, 715, 225, 455, 162, 1, 6, 1
437, 1, 715, 225, 455, 162, 1, 6, 1
438, 1, 715, 225, 455, 162, 1, 6, 1
439, 1, 715, 225, 455, 162, 1, 6, 1
440, 1, 715, 225, 455, 162, 1, 6, 1
441, 1, 715, 225, 455, 162, 1, 6, 1
442, 1, 715, 225, 455, 162, 1, 6, 1
443, 1, 715, 225, 455, 162, 1, 6, 1
444, 1, 715, 225, 455, 162, 1, 6, 1
445, 1, 715, 225, 455, 162, 1, 6, 1
446, 1, 715, 225, 455, 162, 1, 6, 1
447, 1, 715, 225, 455, 162, 1, 6, 1
448, 1, 715, 225, 455, 162, 1, 6, 1
449, 1, 715, 225, 455, 162, 1, 6, 1
450, 1, 715, 225, 455, 162, 1, 6, 1
451, 1, 715, 225, 455, 162, 1, 6, 1
452, 1, 715, 225, 455, 162, 1, 6, 1
453, 1, 715, 225, 455, 162, 1, 6, 1
454, 1, 715, 225, 455, 162, 1, 6, 1
455, 1, 715, 225, 455, 162, 1, 6, 1
456, 1, 715, 225, 455, 162, 1, 6, 1
457, 1, 715, 225, 455, 162, 1, 6, 1
458, 1, 715, 225, 455, 162, 1, 6, 1
459, 1, 715, 225, 455, 162, 1, 6, 1
460, 1, 715, 225, 455, 162, 1, 6, 1
461, 1, 715, 225, 455, 162, 1, 6, 1
462, 1, 715, 225, 455, 162, 1, 6, 1
463, 1, 715, 225, 455, 162, 1, 6, 1
464, 1, 715, 225, 455, 162, 1, 6, 1
465, 1, 715, 225, 455, 162, 1, 6, 1
466, 1, 715, 225, 455, 162, 1, 6, 1
467, 1, 715, 225, 455, 162, 1, 6, 1
468, 1, 715, 225, 455, 162, 1, 6, 1
469, 1, 715, 225, 455, 162, 1, 6, 1
470, 1, 715, 225, 455, 162, 1, 6, 1
471, 1, 715, 225, 455, 162, 1, 6, 1
472, 1, 715, 225, 455, 162, 1, 6, 1
473, 1, 715, 225, 455, 162, 1, 6, 1
474, 1, 715, 225, 455, 162, 1, 6, 1
475, 1, 715, 225, 455, 162, 1, 6, 1
476, 1, 715, 225, 455, 162, 1, 6, 1
477, 1, 715, 225, 455, 162, 1, 6, 1
478, 1, 715, 225, 455, 162, 1, 6, 1
479, 1, 715, 225, 455, 162, 1, 6, 1
480, 1, 715, 225, 455, 162, 1, 6, 1
481, 1, 715, 225, 455, 162, 1, 6, 1
482, 1, 715, 225, 455, 162, 1, 6, 1
483, 1, 715, 225, 455, 162, 1, 6, 1
484, 1, 715, 225, 455, 162, 1, 6, 1
485, 1, 715, 225, 455, 162, 1, 6, 1
486, 1, 715, 225, 455, 162, 1, 6, 1
487, 1, 715, 225, 455, 162, 1, 6, 1
488, 1, 715, 225, 455, 162, 1, 6, 1
489, 1, 715, 225, 455, 162, 1, 6, 1
490, 1, 715, 225, 455, 162, 1, 6, 1
491, 1, 715, 225, 455, 162, 1, 6, 1
492, 1, 715, 225, 455, 162, 1, 6, 1
493, 1, 715, 225, 455, 162, 1, 6, 1
494, 1, 715, 225, 455, 162, 1, 6, 1
495, 1, 715, 225, 455, 162, 1, 6, 1
496, 1, 715, 225, 455, 162, 1, 6, 1
497, 1, 715, 225, 455, 162, 1, 6, 1
498, 1, 715, 225, 455, 162, 1, 6, 1
499, 1, 715, 225, 455, 162, 1, 6, 1
500, 1, 715, 225, 455, 162, 1, 6, 1
501, 1, 715, 225, 455, 162, 1, 6, 1
502, 1, 715, 225, 455, 162, 1, 6, 1
503, 1, 715, 225, 455, 162, 1, 6, 1
504, 1, 715, 225, 455, 162, 1, 6, 1
505, 1, 715, 225, 455, 162, 1, 6, 1
506, 1, 715, 225, 455, 162, 1, 6, 1
507, 1, 715, 225, 455, 162, 1, 6, 1
508, 1, 715, 225, 455, 162, 1, 6, 1
509, 1, 715, 225, 455, 162, 1, 6, 1
510, 1, 715, 225, 455, 162, 1, 6, 1
511, 1, 715, 225, 455, 162, 1, 6, 1
512, 1, 715, 225, 455, 162, 1, 6, 1
513, 1, 715, 225, 455, 162, 1, 6, 1
514, 1, 715, 225, 455, 162, 1, 6, 1
515, 1, 715, 225, 455, 162, 1, 6, 1
516, 1, 715, 225, 455, 162, 1, 6, 1
517, 1, 715, 225, 455, 162, 1, 6, 1
518, 1, 715, 225, 455, 162, 1, 6, 1
519, 1, 715, 225, 455, 162, 1, 6, 1
520, 1, 715, 225, 455, 162, 1, 6, 1
521, 1, 715, 225, 455, 162, 1, 6, 1
522, 1, 715, 225, 455, 162, 1, 6, 1
523, 1, 715, 225, 455, 162, 1, 6, 1
524, 1, 715, 225, 455, 162, 1, 6, 1
525, 1, 715, 225, 455, 162, 1, 6, 1
526, 1, 715, 225, 455, 162, 1, 6, 1
527, 1, 715, 225, 455, 162, 1, 6, 1
528, 1, 715, 225, 455, 162, 1, 6, 1
529, 1, 715, 225, 455, 162, 1, 6, 1
530, 1, 715, 225, 455, 162, 1, 6, 1
531, 1, 715, 225, 455, 162, 1, 6, 1
532, 1, 715, 225, 455, 162, 1, 6, 1
533, 1, 715, 225, 455, 162, 1, 6, 1
534, 1, 715, 225, 455, 162, 1, 6, 1
535, 1, 715, 225, 455, 162, 1, 6, 1
536, 1, 715, 225, 455, 162, 1, 6, 1
537, 1, 715, 225, 455, 162, 1, 6, 1
538, 1, 715, 225, 455, 162, 1, 6, 1
539, 1, 715, 225, 455, 162, 1, 6, 1
540, 1, 715, 225, 455, 162, 1, 6, 1
541, 1, 715, 225, 455, 162, 1, 6, 1
542, 1, 715, 225, 455, 162, 1, 6, 1
543, 1, 715, 225, 455, 162, 1, 6, 1
544, 1, 715, 225, 455, 162, 1, 6, 1
545, 1, 715, 225, 455, 162, 1, 6, 1
546, 1, 715, 225, 455, 162, 1, 6, 1
547, 1, 715, 225, 455, 162, 1, 6, 1
548, 1, 715, 225, 455, 162, 1, 6, 1
549, 1, 715, 225, 455, 162, 1, 6, 1
550, 1, 715, 225, 455, 162, 1, 6, 1
551, 1, 715, 225, 455, 162, 1, 6, 1
552, 1, 715, 225, 455, 162, 1, 6, 1
553, 1, 715, 225, 455, 162, 1, 6, 1
554, 1, 715, 225, 455, 162, 1, 6, 1
555, 1, 715, 225, 455, 162, 1, 6, 1
556, 1, 715, 225, 455, 162, 1, 6, 1
557, 1, 715, 225, 455, 162, 1, 6, 1
558, 1, 715, 225, 455, 162, 1, 6, 1
559, 1, 715, 225, 455, 162, 1, 6, 1
560, 1, 715, 225, 455, 162, 1, 6, 1
561, 1, 715, 225, 455, 162, 1, 6, 1
562, 1, 715, 225, 455, 162, 1, 6, 1
563, 1, 715, 225, 455, 162, 1, 6, 1
564, 1, 715, 225, 455, 162, 1, 6, 1
565, 1, 715, 225, 455, 162, 1, 6, 1
566, 1, 715, 225, 455, 162, 1, 6, 1
567, 1, 715, 225, 455, 162, 1, 6, 1
568, 1, 715, 225, 455, 162, 1, 6, 1
569, 1, 715, 225, 455, 162, 1, 6, 1
570, 1, 715, 225, 455, 162, 1, 6, 1
571, 1, 715, 225, 455, 162, 1, 6, 1
572, 1, 715, 225, 455, 162, 1, 6, 1
573, 1, 715, 225, 455, 162, 1, 6, 1
574, 1, 715, 225, 455, 162, 1, 6, 1
575, 1, 715, 225, 455, 162, 1, 6, 1
576, 1, 715, 225, 455, 162, 1, 6, 1
577, 1, 715, 225, 455, 162, 1, 6, 1
578, 1, 715, 225, 455, 162, 1, 6, 1
579, 1, 715, 225, 455, 162, 1, 6, 1
580, 1, 715, 225, 455, 162, 1, 6, 1
581, 1, 715, 225, 455, 162, 1, 6, 1
582, 1, 715, 225, 455, 162, 1, 6, 1
583, 1, 715, 225, 455, 162, 1, 6, 1
584, 1, 715, 225, 455, 162, 1, 6, 1
585, 1, 715, 225, 455, 162, 1, 6, 1
586, 1, 715, 225, 455, 162, 1, 6, 1
587, 1, 715, 225, 455, 162, 1, 6, 1
588, 1, 715, 225, 455, 162, 1, 6, 1
589, 1, 715, 225, 455, 162, 1, 6, 1
590, 1, 715, 225, 455, 162, 1, 6, 1
591, 1, 715, 225, 455, 162, 1, 6, 1
592, 1, 715, 225, 455, 162, 1, 6, 1
593, 1, 715, 225, 455, 162, 1, 6, 1
594, 1, 715, 225, 455, 162, 1, 6, 1
595, 1, 715, 225, 455, 162, 1, 6, 1
596, 1, 715, 225, 455, 162, 1, 6, 1
597, 1, 715, 225, 455, 162, 1, 6, 1
598, 1, 715, 225, 455, 162, 1, 6, 1
599, 1, 715, 225, 455, 162, 1, 6, 1
600, 1, 715, 225, 455, 162, 1, 6, 1
601, 1, 715, 225, 455, 162, 1, 6, 1
602, 1, 715, 225, 455, 162, 1, 6, 1
603, 1, 715, 225, 455, 162, 1, 6, 1
604, 1, 715, 225, 455, 162, 1, 6, 1
605, 1, 715, 225, 455, 162, 1, 6, 1
606, 1, 715, 225, 455, 162, 1, 6, 1
607, 1, 715, 225, 455, 162, 1, 6, 1
608, 1, 715, 225, 455, 162, 1, 6, 1
609, 1, 715, 225, 455, 162, 1, 6, 1
610, 1, 715, 225, 455, 162, 1, 6, 1
611, 1, 715, 225, 455, 162, 1, 6, 1
612, 1, 715, 225, 455, 162, 1, 6, 1
613, 1, 715, 225, 455, 162, 1, 6, 1
614, 1, 715, 225, 455, 162, 1, 6, 1
615, 1, 715, 225, 455, 162, 1, 6, 1
616, 1, 715, 225, 455, 162, 1, 6, 1
617, 1, 715, 225, 455, 162, 1, 6, 1
618, 1, 715, 225, 455, 162, 1, 6, 1
619, 1, 715, 225, 455, 162, 1, 6, 1
620, 1, 715, 225, 455, 162, 1, 6, 1
621, 1, 715, 225, 455, 162, 1, 6, 1
622, 1, 715, 225, 455, 162, 1, 6, 1
623, 1, 715, 225, 455, 162, 1, 6, 1
624, 1, 715, 225, 455, 162, 1, 6, 1
625, 1, 715, 225, 455, 162, 1, 6, 1
626, 1, 715, 225, 455, 162, 1, 6, 1
627, 1, 715, 225, 455, 162, 1, 6, 1
628, 1, 715, 225, 455, 162, 1, 6, 1
629, 1, 715, 225, 455, 162, 1, 6, 1
630, 1, 715, 225, 455, 162, 1, 6, 1
1, 2, 12, 216, 226, 181, 1, 6, 1
2, 2, 12, 216, 226, 184, 1, 6, 1
3, 2, 8, 216, 230, 184, 1, 6, 1
4, 2, 8, 216, 227, 186, 1, 6, 1
5, 2, 8, 217, 228, 183, 1, 6, 1
6, 2, 12, 217, 224, 184, 1, 6, 1
7, 2, 10, 217, 227, 184, 1, 6, 1
8, 2, 12, 217, 226, 185, 1, 6, 1
9, 2, 9, 217, 231, 184, 1, 6, 1
10, 2, 11, 218, 229, 188, 1, 6, 1
11, 2, 7, 217, 232, 187, 1, 6, 1
12, 2, 7, 217, 235, 187, 1, 6, 1
13, 2, 9, 218, 231, 189, 1, 6, 1
14, 2, 13, 219, 228, 189, 1, 6, 1
15, 2, 17, 219, 225, 190, 1, 6, 1
16, 2, 13, 219, 229, 192, 1, 6, 1
17, 2, 14, 219, 228, 192, 1, 6, 1
18, 2, 14, 219, 229, 193, 1, 6, 1
19, 2, 15, 220, 231, 192, 1, 6, 1
20, 2, 13, 220, 230, 192, 1, 6, 1
21, 2, 20, 220, 224, 193, 1, 6, 1
22, 2, 15, 220, 230, 199, 1, 6, 1
23, 2, 18, 220, 228, 200, 1, 6, 1
24, 2, 18, 220, 230, 202, 1, 6, 1
25, 2, 16, 220, 233, 202, 1, 6, 1
26, 2, 23, 220, 226, 200, 1, 6, 1
27, 2, 25, 220, 223, 199, 1, 6, 1
28, 2, 23, 220, 227, 200, 1, 6, 1
29, 2, 25, 220, 223, 200, 1, 6, 1
30, 2, 17, 220, 233, 201, 1, 6, 1
31, 2, 24, 220, 225, 202, 1, 6, 1
32, 2, 26, 220, 223, 204, 1, 6, 1
33, 2, 22, 220, 229, 204, 1, 6, 1
34, 2, 23, 219, 228, 207, 1, 6, 1
35, 2, 28, 220, 222, 205, 1, 6, 1
36, 2, 29, 220, 223, 207, 1, 6, 1
37, 2, 27, 220, 227, 213, 1, 6, 1
38, 2, 32, 220, 223, 215, 1, 6, 1
39, 2, 34, 220, 222, 214, 1, 6, 1
40, 2, 32, 220, 226, 213, 1, 6, 1
41, 2, 32, 220, 226, 217, 1, 6, 1
42, 2, 32, 220, 223, 220, 1, 6, 1
43, 2, 32, 221, 226, 217, 1, 6, 1
44, 2, 37, 220, 218, 220, 1, 6, 1
45, 2, 36, 221, 222, 219, 1, 6, 1
46, 2, 35, 221, 225, 222, 1, 6, 1
47, 2, 36, 221, 224, 224, 1, 6, 1
48, 2, 36, 221, 223, 221, 1, 6, 1
49, 2, 36, 221, 223, 218, 1, 6, 1
50, 2, 36, 221, 223, 220, 1, 6, 1
51, 2, 33, 222, 229, 220, 1, 6, 1
52, 2, 34, 221, 227, 222, 1, 6, 1
53, 2, 35, 222, 226, 220, 1, 6, 1
54, 2, 35, 221, 226, 222, 1, 6, 1
55, 2, 35, 222, 224, 223, 1, 6, 1
56, 2, 37, 223, 224, 224, 1, 6, 1
57, 2, 37, 223, 223, 227, 1, 6, 1
58, 2, 37, 223, 223, 227, 1, 6, 1
59, 2, 37, 223, 226, 227, 1, 6, 1
60, 2, 40, 223, 223, 227, 1, 6, 1
61, 2, 39, 223, 227, 229, 1, 6, 1
62, 2, 38, 224, 229, 227, 1, 6, 1
63, 2, 39, 225, 228, 228, 1, 6, 1
64, 2, 42, 226, 225, 230, 1, 6, 1
65, 2, 42, 225, 228, 233, 1, 6, 1
66, 2, 42, 226, 230, 232, 1, 6, 1
67, 2, 40, 226, 232, 232, 1, 6, 1
68, 2, 41, 225, 230, 236, 1, 6, 1
69, 2, 40, 226, 230, 238, 1, 6, 1
70, 2, 41, 226, 232, 239, 1, 6, 1
71, 2, 43, 226, 226, 237, 1, 6, 1
72, 2, 43, 227, 225, 244, 1, 6, 1
73, 2, 42, 228, 226, 241, 1, 6, 1
74, 2, 43, 227, 227, 242, 1, 6, 1
75, 2, 43, 227, 227, 242, 1, 6, 1
76, 2, 41, 227, 226, 241, 1, 6, 1
77, 2, 38, 229, 227, 242, 1, 6, 1
78, 2, 37, 229, 229, 243, 1, 6, 1
79, 2, 35, 229, 232, 245, 1, 6, 1
80, 2, 35, 230, 233, 242, 1, 6, 1
81, 2, 33, 230, 238, 245, 1, 6, 1
82, 2, 31, 231, 234, 244, 1, 6, 1
83, 2, 29, 231, 235, 246, 1, 6, 1
84, 2, 28, 231, 232, 247, 1, 6, 1
85, 2, 26, 230, 232, 251, 1, 6, 1
86, 2, 26, 231, 231, 254, 1, 6, 1
87, 2, 24, 233, 233, 248, 1, 6, 1
88, 2, 24, 232, 234, 252, 1, 6, 1
89, 2, 23, 232, 238, 253, 1, 6, 1
90, 2, 21, 232, 241, 257, 1, 6, 1
91, 2, 22, 233, 237, 253, 1, 6, 1
92, 2, 21, 233, 236, 256, 1, 6, 1
93, 2, 21, 233, 238, 256, 1, 6, 1
94, 2, 20, 232, 240, 256, 1, 6, 1
95, 2, 17, 234, 246, 258, 1, 6, 1
96, 2, 13, 235, 248, 257, 1, 6, 1
97, 2, 11, 234, 252, 257, 1, 6, 1
98, 2, 10, 235, 253, 256, 1, 6, 1
99, 2, 7, 235, 257, 258, 1, 6, 1
100, 2, 7, 235, 257, 257, 1, 6, 1
101, 2, 4, 236, 262, 261, 1, 6, 1
102, 2, 4, 236, 261, 262, 1, 6, 1
103, 2, 3, 236, 263, 261, 1, 6, 1
104, 2, 3, 235, 263, 261, 1, 6, 1
105, 2, 2, 235, 263, 264, 1, 6, 1
106, 2, 5, 235, 260, 266, 1, 6, 1
107, 2, 2, 235, 265, 262, 1, 6, 1
108, 2, 3, 236, 264, 263, 1, 6, 1
109, 2, 2, 236, 265, 267, 1, 6, 1
110, 2, 3, 236, 267, 267, 1, 6, 1
111, 2, 3, 236, 267, 271, 1, 6, 1
112, 2, 2, 236, 269, 276, 1, 6, 1
113, 2, 1, 236, 271, 275, 1, 6, 1
114, 2, 2, 236, 270, 273, 1, 6, 1
115, 2, 1, 236, 272, 275, 1, 6, 1
116, 2, 1, 237, 271, 276, 1, 6, 1
117, 2, 2, 237, 272, 280, 1, 6, 1
118, 2, 1, 237, 273, 281, 1, 6, 1
119, 2, 2, 236, 275, 284, 1, 6, 1
120, 2, 2, 236, 277, 285, 1, 6, 1
121, 2, 2, 236, 279, 285, 1, 6, 1
122, 2, 2, 237, 281, 287, 1, 6, 1
123, 2, 1, 237, 283, 289, 1, 6, 1
124, 2, 1, 237, 282, 293, 1, 6, 1
125, 2, 1, 237, 286, 293, 1, 6, 1
126, 2, 2, 236, 285, 293, 1, 6, 1
127, 2, 3, 237, 288, 292, 1, 6, 1
128, 2, 1, 237, 291, 295, 1, 6, 1
129, 2, 3, 237, 294, 297, 1, 6, 1
130, 2, 4, 236, 294, 295, 1, 6, 1
131, 2, 5, 236, 295, 303, 1, 6, 1
132, 2, 5, 236, 295, 305, 1, 6, 1
133, 2, 4, 236, 302, 310, 1, 6, 1
134, 2, 9, 235, 297, 318, 1, 6, 1
135, 2, 10, 234, 298, 320, 1, 6, 1
136, 2, 7, 234, 304, 314, 1, 6, 1
137, 2, 9, 234, 306, 323, 1, 6, 1
138, 2, 10, 233, 309, 326, 1, 6, 1
139, 2, 12, 233, 310, 329, 1, 6, 1
140, 2, 14, 234, 310, 328, 1, 6, 1
141, 2, 13, 235, 316, 330, 1, 6, 1
142, 2, 17, 234, 310, 333, 1, 6, 1
143, 2, 17, 233, 311, 337, 1, 6, 1
144, 2, 14, 232, 322, 342, 1, 6, 1
145, 2, 13, 233, 327, 343, 1, 6, 1
146, 2, 11, 232, 333, 347, 1, 6, 1
147, 2, 13, 232, 338, 352, 1, 6, 1
148, 2, 12, 232, 344, 350, 1, 6, 1
149, 2, 12, 232, 349, 354, 1, 6, 1
150, 2, 15, 232, 350, 356, 1, 6, 1
151, 2, 18, 231, 349, 356, 1, 6, 1
152, 2, 19, 230, 357, 359, 1, 6, 1
153, 2, 24, 230, 359, 364, 1, 6, 1
154, 2, 27, 230, 363, 371, 1, 6, 1
155, 2, 22, 230, 372, 374, 1, 6, 1
156, 2, 27, 229, 371, 385, 1, 6, 1
157, 2, 25, 229, 383, 386, 1, 6, 1
158, 2, 27, 229, 383, 387, 1, 6, 1
159, 2, 27, 228, 394, 390, 1, 6, 1
160, 2, 25, 226, 402, 392, 1, 6, 1
161, 2, 23, 225, 409, 392, 1, 6, 1
162, 2, 25, 227, 417, 390, 1, 6, 1
163, 2, 21, 227, 432, 392, 1, 6, 1
164, 2, 20, 227, 437, 391, 1, 6, 1
165, 2, 21, 226, 450, 393, 1, 6, 1
166, 2, 25, 226, 455, 393, 1, 6, 1
167, 2, 35, 226, 450, 392, 1, 6, 1
168, 2, 30, 226, 472, 392, 1, 6, 1
169, 2, 31, 225, 481, 393, 1, 6, 1
170, 2, 27, 225, 493, 394, 1, 6, 1
171, 2, 26, 225, 505, 393, 1, 6, 1
172, 2, 24, 224, 519, 393, 1, 6, 1
173, 2, 25, 225, 527, 392, 1, 6, 1
174, 2, 27, 224, 535, 393, 1, 6, 1
175, 2, 29, 224, 541, 393, 1, 6, 1
176, 2, 27, 224, 551, 394, 1, 6, 1
177, 2, 24, 223, 561, 396, 1, 6, 1
178, 2, 26, 225, 579, 392, 1, 6, 1
179, 2, 26, 224, 582, 393, 1, 6, 1
180, 2, 22, 224, 598, 393, 1, 6, 1
181, 2, 19, 225, 616, 392, 1, 6, 1
182, 2, 21, 224, 622, 393, 1, 6, 1
183, 2, 24, 225, 630, 393, 1, 6, 1
184, 2, 21, 225, 643, 392, 1, 6, 1
185, 2, 20, 225, 655, 392, 1, 6, 1
186, 2, 18, 224, 668, 393, 1, 6, 1
187, 2, 18, 224, 676, 393, 1, 6, 1
188, 2, 17, 224, 690, 394, 1, 6, 1
189, 2, 15, 225, 697, 393, 1, 6, 1
190, 2, 18, 224, 704, 393, 1, 6, 1
191, 2, 19, 225, 716, 392, 1, 6, 1
192, 2, 21, 224, 713, 393, 1, 6, 1
193, 2, 19, 224, 732, 394, 1, 6, 1
194, 2, 16, 224, 744, 392, 1, 6, 1
195, 2, 17, 226, 751, 389, 1, 6, 1
196, 2, 13, 226, 762, 390, 1, 6, 1
197, 2, 15, 225, 771, 390, 1, 6, 1
198, 2, 16, 225, 777, 389, 1, 6, 1
199, 2, 16, 225, 783, 390, 1, 6, 1
200, 2, 14, 226, 793, 390, 1, 6, 1
201, 2, 12, 224, 801, 391, 1, 6, 1
202, 2, 13, 225, 808, 391, 1, 6, 1
203, 2, 15, 226, 816, 389, 1, 6, 1
204, 2, 15, 227, 821, 388, 1, 6, 1
205, 2, 15, 227, 827, 388, 1, 6, 1
206, 2, 19, 228, 828, 387, 1, 6, 1
207, 2, 17, 228, 832, 388, 1, 6, 1
208, 2, 19, 229, 837, 386, 1, 6, 1
209, 2, 19, 229, 835, 384, 1, 6, 1
210, 2, 16, 229, 846, 385, 1, 6, 1
211, 2, 19, 230, 844, 383, 1, 6, 1
212, 2, 15, 229, 850, 385, 1, 6, 1
213, 2, 17, 229, 849, 383, 1, 6, 1
214, 2, 19, 230, 847, 382, 1, 6, 1
215, 2, 20, 230, 845, 382, 1, 6, 1
216, 2, 25, 230, 842, 383, 1, 6, 1
217, 2, 22, 230, 844, 384, 1, 6, 1
218, 2, 20, 229, 846, 384, 1, 6, 1
219, 2, 18, 229, 847, 385, 1, 6, 1
220, 2, 21, 229, 845, 385, 1, 6, 1
221, 2, 20, 229, 844, 384, 1, 6, 1
222, 2, 20, 229, 846, 384, 1, 6, 1
223, 2, 19, 229, 848, 384, 1, 6, 1
224, 2, 19, 229, 847, 385, 1, 6, 1
225, 2, 19, 228, 847, 385, 1, 6, 1
226, 2, 18, 229, 848, 384, 1, 6, 1
227, 2, 19, 229, 850, 385, 1, 6, 1
228, 2, 19, 229, 848, 384, 1, 6, 1
229, 2, 21, 229, 845, 385, 1, 6, 1
230, 2, 19, 229, 847, 385, 1, 6, 1
231, 2, 16, 229, 851, 383, 1, 6, 1
232, 2, 18, 228, 848, 385, 1, 6, 1
233, 2, 20, 229, 845, 384, 1, 6, 1
234, 2, 23, 229, 840, 384, 1, 6, 1
235, 2, 22, 228, 841, 385, 1, 6, 1
236, 2, 20, 228, 844, 384, 1, 6, 1
237, 2, 20, 228, 845, 384, 1, 6, 1
238, 2, 17, 228, 848, 384, 1, 6, 1
239, 2, 17, 228, 849, 384, 1, 6, 1
240, 2, 16, 228, 849, 384, 1, 6, 1
241, 2, 17, 229, 850, 383, 1, 6, 1
242, 2, 15, 229, 851, 385, 1, 6, 1
243, 2, 14, 229, 852, 384, 1, 6, 1
244, 2, 14, 228, 852, 385, 1, 6, 1
245, 2, 13, 228, 853, 385, 1, 6, 1
246, 2, 14, 228, 853, 385, 1, 6, 1
247, 2, 15, 227, 851, 387, 1, 6, 1
248, 2, 14, 228, 852, 385, 1, 6, 1
249, 2, 15, 228, 851, 387, 1, 6, 1
250, 2, 18, 228, 850, 386, 1, 6, 1
251, 2, 18, 227, 849, 389, 1, 6, 1
252, 2, 19, 227, 845, 389, 1, 6, 1
253, 2, 17, 227, 847, 389, 1, 6, 1
254, 2, 18, 227, 846, 389, 1, 6, 1
255, 2, 17, 227, 845, 389, 1, 6, 1
256, 2, 18, 226, 841, 392, 1, 6, 1
257, 2, 18, 227, 839, 390, 1, 6, 1
258, 2, 21, 227, 837, 389, 1, 6, 1
259, 2, 21, 227, 833, 390, 1, 6, 1
260, 2, 19, 227, 832, 389, 1, 6, 1
261, 2, 21, 227, 830, 390, 1, 6, 1
262, 2, 20, 226, 826, 391, 1, 6, 1
263, 2, 21, 227, 825, 390, 1, 6, 1
264, 2, 22, 226, 822, 393, 1, 6, 1
265, 2, 21, 226, 817, 393, 1, 6, 1
266, 2, 18, 226, 819, 392, 1, 6, 1
267, 2, 17, 226, 819, 391, 1, 6, 1
268, 2, 18, 225, 814, 393, 1, 6, 1
269, 2, 17, 225, 812, 392, 1, 6, 1
270, 2, 14, 225, 806, 392, 1, 6, 1
271, 2, 14, 223, 804, 395, 1, 6, 1
272, 2, 14, 224, 802, 393, 1, 6, 1
273, 2, 12, 224, 802, 394, 1, 6, 1
274, 2, 12, 223, 801, 394, 1, 6, 1
275, 2, 11, 224, 799, 395, 1, 6, 1
276, 2, 11, 224, 796, 394, 1, 6, 1
277, 2, 8, 225, 796, 393, 1, 6, 1
278, 2, 10, 225, 795, 393, 1, 6, 1
279, 2, 10, 225, 793, 393, 1, 6, 1
280, 2, 9, 225, 788, 393, 1, 6, 1
281, 2, 6, 225, 789, 393, 1, 6, 1
282, 2, 9, 226, 783, 392, 1, 6, 1
283, 2, 10, 225, 777, 394, 1, 6, 1
284, 2, 10, 226, 773, 393, 1, 6, 1
285, 2, 9, 225, 772, 394, 1, 6, 1
286, 2, 6, 225, 772, 392, 1, 6, 1
287, 2, 7, 224, 770, 393, 1, 6, 1
288, 2, 6, 225, 770, 392, 1, 6, 1
289, 2, 9, 224, 766, 395, 1, 6, 1
290, 2, 6, 224, 767, 393, 1, 6, 1
291, 2, 4, 225, 769, 393, 1, 6, 1
292, 2, 4, 225, 767, 394, 1, 6, 1
293, 2, 5, 226, 763, 391, 1, 6, 1
294, 2, 6, 226, 763, 392, 1, 6, 1
295, 2, 8, 227, 759, 390, 1, 6, 1
296, 2, 6, 227, 763, 390, 1, 6, 1
297, 2, 4, 227, 761, 390, 1, 6, 1
298, 2, 3, 227, 764, 390, 1, 6, 1
299, 2, 4, 227, 759, 389, 1, 6, 1
300, 2, 3, 227, 758, 389, 1, 6, 1
301, 2, 3, 228, 754, 388, 1, 6, 1
302, 2, 2, 227, 752, 388, 1, 6, 1
303, 2, 1, 227, 752, 389, 1, 6, 1
304, 2, 1, 228, 752, 388, 1, 6, 1
305, 2, 2, 228, 749, 387, 1, 6, 1
306, 2, 1, 228, 751, 389, 1, 6, 1
307, 2, 1, 227, 748, 389, 1, 6, 1
308, 2, 3, 227, 746, 389, 1, 6, 1
309, 2, 5, 228, 742, 387, 1, 6, 1
310, 2, 5, 228, 740, 389, 1, 6, 1
311, 2, 3, 227, 739, 389, 1, 6, 1
312, 2, 3, 228, 740, 389, 1, 6, 1
313, 2, 2, 228, 736, 388, 1, 6, 1
314, 2, 1, 228, 733, 388, 1, 6, 1
315, 2, 2, 228, 732, 388, 1, 6, 1
316, 2, 2, 230, 731, 386, 1, 6, 1
317, 2, 3, 230, 723, 385, 1, 6, 1
318, 2, 3, 229, 730, 387, 1, 6, 1
319, 2, 2, 229, 730, 387, 1, 6, 1
320, 2, 5, 229, 725, 386, 1, 6, 1
321, 2, 4, 230, 719, 386, 1, 6, 1
322, 2, 4, 230, 716, 384, 1, 6, 1
323, 2, 4, 230, 709, 385, 1, 6, 1
324, 2, 5, 230, 705, 385, 1, 6, 1
325, 2, 5, 231, 702, 384, 1, 6, 1
326, 2, 4, 230, 703, 385, 1, 6, 1
327, 2, 3, 229, 704, 385, 1, 6, 1
328, 2, 4, 229, 695, 386, 1, 6, 1
329, 2, 4, 229, 697, 384, 1, 6, 1
330, 2, 4, 229, 691, 384, 1, 6, 1
331, 2, 3, 228, 690, 386, 1, 6, 1
332, 2, 2, 229, 684, 385, 1, 6, 1
333, 2, 2, 229, 683, 385, 1, 6, 1
334, 2, 3, 229, 679, 383, 1, 6, 1
335, 2, 5, 229, 669, 384, 1, 6, 1
336, 2, 1, 229, 672, 384, 1, 6, 1
337, 2, 3, 229, 667, 386, 1, 6, 1
338, 2, 4, 230, 665, 385, 1, 6, 1
339, 2, 2, 229, 662, 384, 1, 6, 1
340, 2, 1, 229, 664, 384, 1, 6, 1
341, 2, 1, 231, 663, 383, 1, 6, 1
342, 2, 3, 230, 660, 384, 1, 6, 1
343, 2, 2, 230, 646, 383, 1, 6, 1
344, 2, 2, 230, 648, 384, 1, 6, 1
345, 2, 2, 231, 644, 383, 1, 6, 1
346, 2, 2, 231, 638, 383, 1, 6, 1
347, 2, 2, 230, 636, 383, 1, 6, 1
348, 2, 2, 230, 632, 385, 1, 6, 1
349, 2, 2, 231, 628, 382, 1, 6, 1
350, 2, 2, 231, 626, 381, 1, 6, 1
351, 2, 2, 231, 616, 380, 1, 6, 1
352, 2, 1, 231, 615, 379, 1, 6, 1
353, 2, 2, 230, 611, 381, 1, 6, 1
354, 2, 1, 231, 612, 378, 1, 6, 1
355, 2, 2, 231, 608, 379, 1, 6, 1
356, 2, 1, 230, 608, 379, 1, 6, 1
357, 2, 2, 231, 604, 376, 1, 6, 1
358, 2, 1, 231, 604, 378, 1, 6, 1
359, 2, 2, 231, 601, 375, 1, 6, 1
360, 2, 1, 232, 598, 376, 1, 6, 1
361, 2, 1, 232, 595, 374, 1, 6, 1
362, 2, 2, 232, 593, 371, 1, 6, 1
363, 2, 1, 232, 592, 370, 1, 6, 1
364, 2, 2, 232, 590, 370, 1, 6, 1
365, 2, 2, 232, 589, 368, 1, 6, 1
366, 2, 2, 232, 589, 367, 1, 6, 1
367, 2, 2, 233, 585, 364, 1, 6, 1
368, 2, 2, 232, 583, 363, 1, 6, 1
369, 2, 2, 232, 582, 360, 1, 6, 1
370, 2, 2, 232, 581, 358, 1, 6, 1
371, 2, 1, 232, 581, 361, 1, 6, 1
372, 2, 2, 232, 577, 360, 1, 6, 1
373, 2, 2, 232, 575, 363, 1, 6, 1
374, 2, 2, 233, 574, 359, 1, 6, 1
375, 2, 2, 233, 571, 358, 1, 6, 1
376, 2, 1, 233, 572, 359, 1, 6, 1
377, 2, 2, 233, 571, 358, 1, 6, 1
378, 2, 2, 234, 570, 355, 1, 6, 1
379, 2, 2, 234, 569, 356, 1, 6, 1
380, 2, 1, 234, 569, 356, 1, 6, 1
381, 2, 1, 234, 568, 358, 1, 6, 1
382, 2, 1, 234, 568, 357, 1, 6, 1
383, 2, 1, 234, 568, 355, 1, 6, 1
384, 2, 2, 233, 565, 356, 1, 6, 1
385, 2, 1, 234, 567, 356, 1, 6, 1
386, 2, 1, 234, 566, 357, 1, 6, 1
387, 2, 1, 235, 566, 356, 1, 6, 1
388, 2, 1, 235, 565, 357, 1, 6, 1
389, 2, 1, 235, 565, 356, 1, 6, 1
390, 2, 1, 235, 565, 356, 1, 6, 1
391, 2, 1, 235, 564, 355, 1, 6, 1
392, 2, 1, 235, 563, 355, 1, 6, 1
393, 2, 1, 235, 562, 355, 1, 6, 1
394, 2, 1, 235, 564, 355, 1, 6, 1
395, 2, 1, 235, 561, 353, 1, 6, 1
396, 2, 1, 235, 561, 355, 1, 6, 1
397, 2, 1, 236, 559, 354, 1, 6, 1
398, 2, 2, 235, 559, 355, 1, 6, 1
399, 2, 1, 236, 560, 353, 1, 6, 1
400, 2, 2, 235, 558, 354, 1, 6, 1
401, 2, 1, 235, 555, 355, 1, 6, 1
402, 2, 1, 235, 553, 354, 1, 6, 1
403, 2, 1, 235, 552, 354, 1, 6, 1
404, 2, 1, 235, 553, 354, 1, 6, 1
405, 2, 2, 235, 551, 354, 1, 6, 1
406, 2, 1, 235, 551, 353, 1, 6, 1
407, 2, 1, 235, 550, 353, 1, 6, 1
408, 2, 2, 235, 547, 354, 1, 6, 1
409, 2, 1, 235, 549, 352, 1, 6, 1
410, 2, 1, 235, 547, 351, 1, 6, 1
411, 2, 1, 234, 547, 354, 1, 6, 1
412, 2, 2, 234, 545, 352, 1, 6, 1
413, 2, 1, 235, 544, 351, 1, 6, 1
414, 2, 1, 234, 543, 351, 1, 6, 1
415, 2, 1, 234, 542, 352, 1, 6, 1
416, 2, 1, 235, 540, 351, 1, 6, 1
417, 2, 1, 235, 540, 351, 1, 6, 1
418, 2, 1, 235, 536, 350, 1, 6, 1
419, 2, 1, 235, 536, 349, 1, 6, 1
420, 2, 1, 235, 535, 349, 1, 6, 1
421, 2, 3, 236, 530, 348, 1, 6, 1
422, 2, 3, 236, 531, 347, 1, 6, 1
423, 2, 2, 236, 533, 347, 1, 6, 1
424, 2, 1, 236, 531, 348, 1, 6, 1
425, 2, 1, 236, 528, 345, 1, 6, 1
426, 2, 2, 236, 527, 344, 1, 6, 1
427, 2, 1, 236, 526, 343, 1, 6, 1
428, 2, 1, 237, 526, 343, 1, 6, 1
429, 2, 2, 236, 524, 343, 1, 6, 1
430, 2, 3, 237, 518, 342, 1, 6, 1
431, 2, 1, 237, 517, 343, 1, 6, 1
432, 2, 1, 237, 516, 342, 1, 6, 1
433, 2, 2, 237, 512, 341, 1, 6, 1
434, 2, 2, 237, 510, 340, 1, 6, 1
435, 2, 2, 238, 507, 335, 1, 6, 1
436, 2, 2, 238, 505, 335, 1, 6, 1
437, 2, 2, 238, 501, 336, 1, 6, 1
438, 2, 2, 238, 503, 336, 1, 6, 1
439, 2, 1, 238, 502, 335, 1, 6, 1
440, 2, 3, 239, 500, 333, 1, 6, 1
441, 2, 2, 239, 502, 334, 1, 6, 1
442, 2, 2, 239, 500, 333, 1, 6, 1
443, 2, 2, 238, 497, 335, 1, 6, 1
444, 2, 2, 239, 496, 333, 1, 6, 1
445, 2, 2, 238, 497, 334, 1, 6, 1
446, 2, 2, 239, 495, 334, 1, 6, 1
447, 2, 2, 238, 493, 334, 1, 6, 1
448, 2, 3, 239, 491, 332, 1, 6, 1
449, 2, 2, 239, 492, 332, 1, 6, 1
450, 2, 2, 239, 490, 332, 1, 6, 1
451, 2, 3, 240, 490, 333, 1, 6, 1
452, 2, 3, 240, 489, 333, 1, 6, 1
453, 2, 3, 240, 488, 335, 1, 6, 1
454, 2, 2, 240, 489, 334, 1, 6, 1
455, 2, 3, 240, 488, 334, 1, 6, 1
456, 2, 3, 240, 489, 333, 1, 6, 1
457, 2, 2, 239, 491, 334, 1, 6, 1
458, 2, 3, 240, 489, 333, 1, 6, 1
459, 2, 3, 240, 489, 334, 1, 6, 1
460, 2, 3, 240, 489, 333, 1, 6, 1
461, 2, 2, 239, 490, 334, 1, 6, 1
462, 2, 3, 240, 489, 333, 1, 6, 1
463, 2, 3, 240, 489, 333, 1, 6, 1
464, 2, 3, 240, 489, 333, 1, 6, 1
465, 2, 2, 239, 489, 333, 1, 6, 1
466, 2, 2, 239, 490, 335, 1, 6, 1
467, 2, 3, 239, 488, 335, 1, 6, 1
468, 2, 3, 239, 488, 334, 1, 6, 1
469, 2, 1, 239, 490, 334, 1, 6, 1
470, 2, 1, 239, 489, 334, 1, 6, 1
471, 2, 2, 239, 487, 334, 1, 6, 1
472, 2, 3, 239, 486, 332, 1, 6, 1
473, 2, 6, 239, 482, 333, 1, 6, 1
474, 2, 2, 239, 488, 334, 1, 6, 1
475, 2, 3, 239, 486, 332, 1, 6, 1
476, 2, 2, 239, 487, 332, 1, 6, 1
477, 2, 2, 239, 485, 333, 1, 6, 1
478, 2, 3, 240, 482, 330, 1, 6, 1
479, 2, 4, 239, 480, 332, 1, 6, 1
480, 2, 3, 240, 479, 330, 1, 6, 1
481, 2, 4, 239, 475, 331, 1, 6, 1
482, 2, 3, 239, 473, 332, 1, 6, 1
483, 2, 3, 239, 470, 330, 1, 6, 1
484, 2, 4, 240, 469, 331, 1, 6, 1
485, 2, 2, 239, 470, 330, 1, 6, 1
486, 2, 5, 240, 470, 330, 1, 6, 1
487, 2, 4, 240, 469, 330, 1, 6, 1
488, 2, 3, 239, 470, 330, 1, 6, 1
489, 2, 4, 239, 471, 328, 1, 6, 1
490, 2, 3, 239, 469, 329, 1, 6, 1
491, 2, 4, 239, 468, 329, 1, 6, 1
492, 2, 4, 240, 465, 329, 1, 6, 1
493, 2, 4, 240, 462, 329, 1, 6, 1
494, 2, 3, 240, 463, 329, 1, 6, 1
495, 2, 3, 240, 463, 329, 1, 6, 1
496, 2, 4, 240, 461, 329, 1, 6, 1
497, 2, 4, 240, 461, 327, 1, 6, 1
498, 2, 4, 240, 464, 328, 1, 6, 1
499, 2, 6, 240, 461, 328, 1, 6, 1
500, 2, 3, 240, 460, 328, 1, 6, 1
501, 2, 3, 239, 461, 326, 1, 6, 1
502, 2, 3, 239, 459, 326, 1, 6, 1
503, 2, 3, 239, 460, 326, 1, 6, 1
504, 2, 3, 239, 459, 326, 1, 6, 1
505, 2, 3, 239, 457, 326, 1, 6, 1
506, 2, 3, 239, 455, 325, 1, 6, 1
507, 2, 3, 239, 456, 325, 1, 6, 1
508, 2, 3, 239, 455, 324, 1, 6, 1
509, 2, 3, 239, 453, 323, 1, 6, 1
510, 2, 2, 239, 455, 324, 1, 6, 1
511, 2, 2, 240, 451, 323, 1, 6, 1
512, 2, 2, 239, 451, 323, 1, 6, 1
513, 2, 2, 239, 441, 323, 1, 6, 1
514, 2, 2, 239, 445, 324, 1, 6, 1
515, 2, 1, 240, 444, 321, 1, 6, 1
516, 2, 1, 240, 447, 321, 1, 6, 1
517, 2, 2, 240, 437, 323, 1, 6, 1
518, 2, 1, 240, 437, 321, 1, 6, 1
519, 2, 1, 240, 435, 322, 1, 6, 1
520, 2, 1, 240, 436, 320, 1, 6, 1
521, 2, 4, 240, 434, 320, 1, 6, 1
522, 2, 2, 240, 428, 321, 1, 6, 1
523, 2, 2, 240, 434, 319, 1, 6, 1
524, 2, 1, 240, 437, 319, 1, 6, 1
525, 2, 1, 240, 439, 318, 1, 6, 1
526, 2, 2, 240, 434, 319, 1, 6, 1
527, 2, 1, 240, 436, 317, 1, 6, 1
528, 2, 1, 240, 433, 317, 1, 6, 1
529, 2, 1, 240, 434, 317, 1, 6, 1
530, 2, 2, 240, 431, 317, 1, 6, 1
531, 2, 2, 240, 431, 318, 1, 6, 1
532, 2, 2, 240, 428, 318, 1, 6, 1
533, 2, 2, 240, 428, 318, 1, 6, 1
534, 2, 1, 241, 430, 316, 1, 6, 1
535, 2, 2, 241, 430, 316, 1, 6, 1
536, 2, 1, 241, 428, 316, 1, 6, 1
537, 2, 1, 240, 427, 318, 1, 6, 1
538, 2, 1, 240, 428, 319, 1, 6, 1
539, 2, 2, 240, 430, 318, 1, 6, 1
540, 2, 2, 240, 428, 319, 1, 6, 1
541, 2, 2, 240, 426, 319, 1, 6, 1
542, 2, 1, 240, 427, 319, 1, 6, 1
543, 2, 2, 240, 426, 318, 1, 6, 1
544, 2, 2, 241, 426, 317, 1, 6, 1
545, 2, 1, 240, 426, 319, 1, 6, 1
546, 2, 2, 240, 425, 319, 1, 6, 1
547, 2, 2, 240, 425, 320, 1, 6, 1
548, 2, 2, 240, 424, 319, 1, 6, 1
549, 2, 2, 240, 424, 319, 1, 6, 1
550, 2, 2, 240, 423, 320, 1, 6, 1
551, 2, 2, 240, 425, 318, 1, 6, 1
552, 2, 3, 240, 424, 318, 1, 6, 1
553, 2, 1, 240, 425, 319, 1, 6, 1
554, 2, 2, 240, 424, 319, 1, 6, 1
555, 2, 1, 240, 425, 318, 1, 6, 1
556, 2, 2, 240, 424, 318, 1, 6, 1
557, 2, 1, 240, 424, 319, 1, 6, 1
558, 2, 2, 240, 425, 318, 1, 6, 1
559, 2, 2, 240, 425, 319, 1, 6, 1
560, 2, 2, 239, 424, 319, 1, 6, 1
561, 2, 1, 240, 425, 318, 1, 6, 1
562, 2, 2, 240, 424, 320, 1, 6, 1
563, 2, 2, 240, 425, 319, 1, 6, 1
564, 2, 1, 240, 426, 318, 1, 6, 1
565, 2, 1, 240, 425, 318, 1, 6, 1
566, 2, 1, 240, 426, 318, 1, 6, 1
567, 2, 2, 239, 425, 319, 1, 6, 1
568, 2, 2, 239, 425, 319, 1, 6, 1
569, 2, 2, 239, 425, 319, 1, 6, 1
570, 2, 2, 239, 424, 319, 1, 6, 1
571, 2, 1, 240, 425, 318, 1, 6, 1
572, 2, 2, 240, 424, 318, 1, 6, 1
573, 2, 2, 240, 424, 318, 1, 6, 1
574, 2, 2, 240, 425, 318, 1, 6, 1
575, 2, 2, 240, 425, 318, 1, 6, 1
576, 2, 1, 240, 425, 318, 1, 6, 1
577, 2, 2, 240, 424, 319, 1, 6, 1
578, 2, 2, 240, 424, 318, 1, 6, 1
579, 2, 2, 240, 425, 319, 1, 6, 1
580, 2, 2, 240, 424, 319, 1, 6, 1
581, 2, 3, 240, 423, 319, 1, 6, 1
582, 2, 3, 240, 424, 319, 1, 6, 1
583, 2, 2, 240, 425, 319, 1, 6, 1
584, 2, 3, 240, 423, 319, 1, 6, 1
585, 2, 3, 240, 423, 319, 1, 6, 1
586, 2, 2, 239, 425, 320, 1, 6, 1
587, 2, 2, 240, 425, 320, 1, 6, 1
588, 2, 2, 239, 424, 320, 1, 6, 1
589, 2, 2, 239, 424, 321, 1, 6, 1
590, 2, 2, 239, 424, 321, 1, 6, 1
591, 2, 2, 239, 425, 321, 1, 6, 1
592, 2, 2, 239, 425, 320, 1, 6, 1
593, 2, 2, 240, 424, 319, 1, 6, 1
594, 2, 1, 240, 425, 319, 1, 6, 1
595, 2, 1, 240, 425, 319, 1, 6, 1
596, 2, 1, 240, 425, 319, 1, 6, 1
597, 2, 2, 240, 425, 319, 1, 6, 1
598, 2, 1, 240, 425, 320, 1, 6, 1
599, 2, 1, 240, 426, 319, 1, 6, 1
600, 2, 2, 240, 424, 319, 1, 6, 1
601, 2, 2, 240, 429, 319, 1, 6, 1
602, 2, 2, 240, 427, 318, 1, 6, 1
603, 2, 2, 240, 427, 318, 1, 6, 1
604, 2, 2, 240, 427, 318, 1, 6, 1
605, 2, 1, 240, 428, 318, 1, 6, 1
606, 2, 1, 240, 428, 319, 1, 6, 1
607, 2, 2, 239, 427, 320, 1, 6, 1
608, 2, 1, 240, 427, 317, 1, 6, 1
609, 2, 2, 240, 427, 318, 1, 6, 1
610, 2, 2, 240, 423, 318, 1, 6, 1
611, 2, 2, 240, 426, 318, 1, 6, 1
612, 2, 2, 240, 426, 318, 1, 6, 1
613, 2, 2, 240, 426, 318, 1, 6, 1
614, 2, 2, 240, 426, 319, 1, 6, 1
615, 2, 2, 240, 426, 319, 1, 6, 1
616, 2, 2, 240, 424, 318, 1, 6, 1
617, 2, 2, 240, 426, 318, 1, 6, 1
618, 2, 1, 240, 427, 318, 1, 6, 1
619, 2, 1, 240, 428, 318, 1, 6, 1
620, 2, 1, 240, 426, 318, 1, 6, 1
621, 2, 1, 240, 427, 318, 1, 6, 1
622, 2, 2, 240, 424, 318, 1, 6, 1
623, 2, 2, 240, 423, 318, 1, 6, 1
624, 2, 2, 240, 425, 318, 1, 6, 1
625, 2, 3, 240, 424, 318, 1, 6, 1
626, 2, 1, 240, 426, 318, 1, 6, 1
627, 2, 1, 240, 424, 318, 1, 6, 1
628, 2, 3, 240, 422, 318, 1, 6, 1
629, 2, 2, 240, 423, 318, 1, 6, 1
630, 2, 1, 240, 424, 318, 1, 6, 1
250, 3, 648, 334, 25, 43, 1, 1, 1
251, 3, 646, 335, 33, 46, 1, 1, 1
252, 3, 643, 333, 34, 46, 1, 1, 1
253, 3, 646, 332, 30, 46, 1, 1, 1
254, 3, 644, 335, 33, 45, 1, 1, 1
255, 3, 641, 333, 34, 46, 1, 1, 1
256, 3, 640, 332, 33, 45, 1, 1, 1
257, 3, 639, 331, 24, 44, 1, 1, 1
258, 3, 635, 331, 25, 45, 1, 1, 1
259, 3, 633, 333, 25, 43, 1, 1, 1
260, 3, 635, 332, 22, 44, 1, 1, 1
261, 3, 631, 334, 24, 42, 1, 1, 1
262, 3, 626, 334, 29, 44, 1, 1, 1
263, 3, 626, 335, 28, 41, 1, 1, 1
264, 3, 627, 336, 25, 40, 1, 1, 1
265, 3, 621, 334, 29, 43, 1, 1, 1
266, 3, 623, 334, 26, 42, 1, 1, 1
267, 3, 620, 335, 27, 40, 1, 1, 1
268, 3, 620, 335, 26, 41, 1, 1, 1
269, 3, 617, 334, 30, 44, 1, 1, 1
270, 3, 614, 334, 30, 44, 1, 1, 1
271, 3, 611, 336, 31, 40, 1, 1, 1
272, 3, 610, 335, 34, 41, 1, 1, 1
273, 3, 609, 335, 31, 41, 1, 1, 1
274, 3, 609, 337, 30, 38, 1, 1, 1
275, 3, 607, 337, 30, 40, 1, 1, 1
276, 3, 608, 337, 28, 39, 1, 1, 1
277, 3, 605, 337, 36, 38, 1, 1, 1
278, 3, 600, 339, 44, 34, 1, 1, 1
279, 3, 600, 337, 45, 36, 1, 1, 1
280, 3, 602, 339, 28, 36, 1, 1, 1
281, 3, 601, 337, 29, 36, 1, 1, 1
282, 3, 602, 339, 26, 31, 1, 1, 1
283, 3, 604, 338, 22, 33, 1, 1, 1
284, 3, 601, 338, 23, 32, 1, 1, 1
285, 3, 601, 337, 22, 33, 1, 1, 1
286, 3, 603, 339, 19, 30, 1, 1, 1
287, 3, 596, 338, 24, 33, 1, 1, 1