1, 1, 1215, 223, 59, 153, 1, 1, 1
2, 1, 1215, 222, 60, 151, 1, 1, 1
3, 1, 1214, 220, 65, 155, 1, 1, 1
4, 1, 1217, 219, 65, 155, 1, 1, 1
5, 1, 1215, 217, 68, 158, 1, 1, 1
6, 1, 1218, 215, 70, 159, 1, 1, 1
7, 1, 1221, 215, 68, 161, 1, 1, 1
8, 1, 1224, 211, 67, 163, 1, 1, 1
9, 1, 1224, 211, 67, 163, 1, 1, 1
10, 1, 1225, 211, 67, 167, 1, 1, 1
11, 1, 1228, 208, 65, 167, 1, 1, 1
12, 1, 1228, 209, 65, 168, 1, 1, 1
13, 1, 1228, 205, 69, 170, 1, 1, 1
14, 1, 1230, 204, 66, 168, 1, 1, 1
15, 1, 1231, 201, 65, 167, 1, 1, 1
16, 1, 1229, 200, 67, 160, 1, 1, 1
17, 1, 1235, 198, 61, 161, 1, 1, 1
18, 1, 1235, 195, 63, 161, 1, 1, 1
19, 1, 1235, 195, 66, 154, 1, 1, 1
20, 1, 1237, 193, 64, 155, 1, 1, 1
21, 1, 1238, 193, 64, 152, 1, 1, 1
22, 1, 1240, 195, 63, 153, 1, 1, 1
23, 1, 1244, 196, 61, 150, 1, 1, 1
24, 1, 1242, 195, 64, 147, 1, 1, 1
25, 1, 1247, 197, 64, 149, 1, 1, 1
26, 1, 1251, 197, 63, 145, 1, 1, 1
27, 1, 1250, 202, 62, 147, 1, 1, 1
28, 1, 1250, 196, 58, 146, 1, 1, 1
29, 1, 1257, 203, 57, 142, 1, 2, 1
30, 1, 1258, 202, 58, 141, 1, 2, 1
31, 1, 1265, 200, 58, 141, 1, 2, 1
32, 1, 1261, 196, 57, 137, 1, 2, 1
33, 1, 1272, 200, 54, 131, 1, 2, 1
34, 1, 1270, 195, 53, 124, 1, 2, 1
35, 1, 1275, 202, 55, 118, 1, 2, 1
36, 1, 1271, 192, 56, 120, 1, 2, 1
37, 1, 1285, 201, 44, 115, 1, 2, 1
38, 1, 1285, 201, 44, 115, 1, 2, 1
39, 1, 1284, 196, 45, 118, 1, 2, 1
40, 1, 1287, 200, 42, 117, 1, 2, 1
41, 1, 1289, 197, 41, 116, 1, 2, 1
42, 1, 1291, 203, 40, 114, 1, 2, 1
43, 1, 1291, 202, 41, 115, 1, 2, 1
44, 1, 1294, 201, 40, 113, 1, 2, 1
45, 1, 1292, 205, 41, 110, 1, 2, 1
46, 1, 1297, 205, 39, 110, 1, 2, 1
47, 1, 1294, 203, 38, 106, 1, 2, 1
48, 1, 1297, 208, 41, 108, 1, 2, 1
49, 1, 1296, 203, 39, 105, 1, 2, 1
50, 1, 1300, 209, 40, 103, 1, 2, 1
1, 2, 1572, 334, 68, 163, 1, 1, 1
2, 2, 1573, 334, 67, 162, 1, 1, 1
3, 2, 1573, 333, 67, 164, 1, 1, 1
4, 2, 1572, 334, 69, 164, 1, 1, 1
5, 2, 1574, 334, 67, 162, 1, 1, 1
6, 2, 1573, 334, 69, 162, 1, 1, 1
7, 2, 1571, 334, 71, 163, 1, 1, 1
8, 2, 1572, 334, 70, 163, 1, 1, 1
9, 2, 1574, 334, 68, 161, 1, 1, 1
10, 2, 1573, 335, 69, 163, 1, 1, 1
11, 2, 1572, 333, 70, 163, 1, 1, 1
12, 2, 1570, 335, 73, 162, 1, 1, 1
13, 2, 1573, 335, 70, 163, 1, 1, 1
14, 2, 1572, 335, 71, 163, 1, 1, 1
15, 2, 1572, 336, 72, 164, 1, 1, 1
16, 2, 1571, 334, 70, 163, 1, 1, 1
17, 2, 1572, 336, 72, 163, 1, 1, 1
18, 2, 1574, 334, 69, 163, 1, 1, 1
19, 2, 1573, 335, 71, 160, 1, 1, 1
20, 2, 1572, 334, 68, 163, 1, 1, 1
21, 2, 1575, 333, 69, 163, 1, 1, 1
22, 2, 1573, 337, 71, 162, 1, 1, 1
23, 2, 1576, 336, 68, 162, 1, 1, 1
24, 2, 1572, 332, 71, 163, 1, 1, 1
25, 2, 1576, 338, 69, 164, 1, 1, 1
26, 2, 1578, 332, 68, 161, 1, 1, 1
27, 2, 1576, 339, 70, 162, 1, 1, 1
28, 2, 1573, 332, 69, 163, 1, 1, 1
29, 2, 1579, 335, 68, 164, 1, 1, 1
30, 2, 1574, 335, 70, 161, 1, 1, 1
31, 2, 1582, 335, 67, 166, 1, 1, 1
32, 2, 1573, 331, 67, 163, 1, 1, 1
33, 2, 1580, 337, 68, 164, 1, 1, 1
34, 2, 1577, 332, 67, 164, 1, 1, 1
35, 2, 1577, 340, 70, 161, 1, 1, 1
36, 2, 1576, 330, 67, 163, 1, 1, 1
37, 2, 1574, 339, 72, 162, 1, 1, 1
38, 2, 1574, 336, 70, 164, 1, 1, 1
39, 2, 1575, 333, 70, 163, 1, 1, 1
40, 2, 1573, 336, 72, 164, 1, 1, 1
41, 2, 1574, 333, 69, 164, 1, 1, 1
42, 2, 1574, 335, 70, 163, 1, 1, 1
43, 2, 1570, 335, 73, 163, 1, 1, 1
44, 2, 1574, 334, 70, 163, 1, 1, 1
45, 2, 1572, 334, 72, 165, 1, 1, 1
46, 2, 1570, 336, 75, 166, 1, 1, 1
47, 2, 1571, 331, 71, 165, 1, 1, 1
48, 2, 1572, 338, 73, 164, 1, 1, 1
49, 2, 1568, 331, 74, 163, 1, 1, 1
50, 2, 1566, 337, 80, 164, 1, 1, 1
51, 2, 1571, 333, 72, 166, 1, 1, 1
52, 2, 1571, 337, 73, 165, 1, 1, 1
53, 2, 1571, 335, 71, 163, 1, 1, 1
54, 2, 1572, 336, 72, 163, 1, 1, 1
55, 2, 1570, 335, 74, 165, 1, 1, 1
56, 2, 1572, 335, 72, 163, 1, 1, 1
57, 2, 1571, 336, 72, 164, 1, 1, 1
58, 2, 1571, 335, 72, 164, 1, 1, 1
59, 2, 1572, 336, 71, 163, 1, 1, 1
60, 2, 1571, 336, 72, 164, 1, 1, 1
61, 2, 1571, 336, 72, 163, 1, 1, 1
62, 2, 1570, 337, 73, 163, 1, 1, 1
63, 2, 1573, 336, 70, 165, 1, 1, 1
64, 2, 1573, 335, 70, 163, 1, 1, 1
65, 2, 1569, 334, 71, 163, 1, 1, 1
66, 2, 1571, 336, 71, 164, 1, 1, 1
67, 2, 1570, 335, 70, 163, 1, 1, 1
68, 2, 1568, 335, 69, 163, 1, 1, 1
69, 2, 1568, 335, 69, 163, 1, 1, 1
70, 2, 1568, 334, 70, 164, 1, 1, 1
71, 2, 1568, 335, 70, 164, 1, 1, 1
72, 2, 1568, 335, 69, 163, 1, 1, 1
73, 2, 1568, 335, 70, 163, 1, 1, 1
74, 2, 1568, 335, 69, 163, 1, 1, 1
75, 2, 1567, 335, 71, 163, 1, 1, 1
76, 2, 1568, 336, 69, 161, 1, 1, 1
77, 2, 1568, 336, 68, 161, 1, 1, 1
78, 2, 1569, 335, 69, 162, 1, 1, 1
79, 2, 1567, 335, 69, 163, 1, 1, 1
80, 2, 1569, 336, 68, 162, 1, 1, 1
81, 2, 1568, 335, 70, 162, 1, 1, 1
82, 2, 1568, 335, 69, 160, 1, 1, 1
83, 2, 1570, 336, 67, 161, 1, 1, 1
84, 2, 1567, 335, 69, 163, 1, 1, 1
85, 2, 1570, 334, 69, 165, 1, 1, 1
86, 2, 1567, 332, 70, 166, 1, 1, 1
87, 2, 1569, 335, 71, 163, 1, 1, 1
88, 2, 1568, 335, 66, 162, 1, 1, 1
89, 2, 1568, 335, 70, 163, 1, 1, 1
90, 2, 1569, 335, 70, 162, 1, 1, 1
91, 2, 1568, 335, 69, 163, 1, 1, 1
92, 2, 1568, 336, 71, 162, 1, 1, 1
93, 2, 1568, 332, 70, 164, 1, 1, 1
94, 2, 1569, 335, 70, 163, 1, 1, 1
95, 2, 1568, 333, 70, 164, 1, 1, 1
96, 2, 1569, 335, 69, 162, 1, 1, 1
97, 2, 1570, 335, 67, 162, 1, 1, 1
98, 2, 1569, 335, 68, 161, 1, 1, 1
99, 2, 1568, 335, 71, 163, 1, 1, 1
100, 2, 1568, 334, 68, 162, 1, 1, 1
101, 2, 1568, 334, 71, 163, 1, 1, 1
102, 2, 1569, 332, 67, 164, 1, 1, 1
103, 2, 1568, 334, 71, 162, 1, 1, 1
104, 2, 1568, 332, 69, 164, 1, 1, 1
105, 2, 1568, 335, 71, 164, 1, 1, 1
106, 2, 1570, 334, 66, 163, 1, 1, 1
107, 2, 1568, 334, 70, 164, 1, 1, 1
108, 2, 1569, 333, 68, 165, 1, 1, 1
109, 2, 1568, 335, 68, 163, 1, 1, 1
110, 2, 1568, 334, 70, 163, 1, 1, 1
111, 2, 1568, 335, 70, 163, 1, 1, 1
112, 2, 1568, 334, 70, 164, 1, 1, 1
113, 2, 1569, 335, 68, 163, 1, 1, 1
114, 2, 1567, 333, 71, 166, 1, 1, 1
115, 2, 1569, 335, 69, 162, 1, 1, 1
116, 2, 1570, 335, 68, 163, 1, 1, 1
117, 2, 1570, 333, 69, 164, 1, 1, 1
118, 2, 1570, 335, 69, 162, 1, 1, 1
119, 2, 1569, 334, 70, 164, 1, 1, 1
120, 2, 1570, 335, 68, 163, 1, 1, 1
121, 2, 1570, 333, 69, 165, 1, 1, 1
122, 2, 1568, 334, 71, 164, 1, 1, 1
123, 2, 1569, 335, 70, 162, 1, 1, 1
124, 2, 1569, 335, 70, 163, 1, 1, 1
125, 2, 1569, 335, 70, 163, 1, 1, 1
126, 2, 1569, 335, 70, 163, 1, 1, 1
127, 2, 1570, 335, 69, 162, 1, 1, 1
128, 2, 1571, 334, 66, 164, 1, 1, 1
129, 2, 1569, 335, 69, 163, 1, 1, 1
130, 2, 1568, 335, 68, 162, 1, 1, 1
131, 2, 1568, 336, 69, 163, 1, 1, 1
132, 2, 1567, 334, 69, 163, 1, 1, 1
133, 2, 1568, 336, 70, 162, 1, 1, 1
134, 2, 1568, 336, 69, 161, 1, 1, 1
135, 2, 1567, 336, 71, 163, 1, 1, 1
136, 2, 1567, 335, 69, 162, 1, 1, 1
137, 2, 1566, 336, 71, 162, 1, 1, 1
138, 2, 1566, 335, 69, 162, 1, 1, 1
139, 2, 1566, 336, 72, 162, 1, 1, 1
140, 2, 1566, 335, 70, 162, 1, 1, 1
141, 2, 1566, 335, 71, 163, 1, 1, 1
142, 2, 1567, 335, 68, 162, 1, 1, 1
143, 2, 1568, 335, 68, 162, 1, 1, 1
144, 2, 1569, 335, 68, 162, 1, 1, 1
145, 2, 1568, 335, 69, 162, 1, 1, 1
146, 2, 1569, 335, 67, 161, 1, 1, 1
147, 2, 1568, 335, 68, 161, 1, 1, 1
148, 2, 1569, 334, 67, 162, 1, 1, 1
149, 2, 1569, 335, 67, 162, 1, 1, 1
150, 2, 1570, 335, 66, 163, 1, 1, 1
151, 2, 1567, 335, 65, 163, 1, 1, 1
152, 2, 1568, 335, 65, 163, 1, 1, 1
153, 2, 1567, 334, 67, 163, 1, 1, 1
154, 2, 1568, 334, 66, 164, 1, 1, 1
155, 2, 1567, 334, 66, 164, 1, 1, 1
156, 2, 1568, 335, 64, 162, 1, 1, 1
157, 2, 1568, 333, 66, 165, 1, 1, 1
158, 2, 1568, 334, 66, 163, 1, 1, 1
159, 2, 1567, 334, 67, 164, 1, 1, 1
160, 2, 1567, 334, 67, 164, 1, 1, 1
161, 2, 1567, 334, 67, 164, 1, 1, 1
162, 2, 1567, 334, 67, 163, 1, 1, 1
163, 2, 1567, 334, 67, 164, 1, 1, 1
164, 2, 1567, 334, 66, 163, 1, 1, 1
165, 2, 1566, 334, 68, 164, 1, 1, 1
166, 2, 1568, 334, 66, 163, 1, 1, 1
167, 2, 1567, 335, 67, 164, 1, 1, 1
168, 2, 1568, 334, 66, 163, 1, 1, 1
169, 2, 1567, 336, 66, 163, 1, 1, 1
170, 2, 1567, 334, 67, 164, 1, 1, 1
171, 2, 1567, 335, 67, 164, 1, 1, 1
172, 2, 1566, 333, 69, 163, 1, 1, 1
173, 2, 1566, 335, 69, 164, 1, 1, 1
174, 2, 1567, 335, 66, 163, 1, 1, 1
175, 2, 1567, 335, 68, 163, 1, 1, 1
176, 2, 1565, 334, 70, 164, 1, 1, 1
177, 2, 1567, 334, 68, 164, 1, 1, 1
178, 2, 1566, 334, 69, 164, 1, 1, 1
179, 2, 1566, 334, 69, 163, 1, 1, 1
180, 2, 1566, 334, 69, 164, 1, 1, 1
181, 2, 1566, 333, 69, 164, 1, 1, 1
182, 2, 1567, 334, 67, 164, 1, 1, 1
183, 2, 1566, 334, 69, 164, 1, 1, 1
184, 2, 1568, 336, 66, 163, 1, 1, 1
185, 2, 1566, 333, 68, 164, 1, 1, 1
186, 2, 1567, 335, 68, 164, 1, 1, 1
187, 2, 1565, 333, 69, 163, 1, 1, 1
188, 2, 1568, 335, 67, 162, 1, 1, 1
189, 2, 1566, 334, 68, 162, 1, 1, 1
190, 2, 1567, 335, 68, 163, 1, 1, 1
191, 2, 1565, 333, 69, 163, 1, 1, 1
192, 2, 1567, 335, 67, 163, 1, 1, 1
193, 2, 1565, 334, 67, 164, 1, 1, 1
194, 2, 1565, 334, 69, 162, 1, 1, 1
195, 2, 1565, 334, 68, 164, 1, 1, 1
196, 2, 1565, 334, 68, 164, 1, 1, 1
197, 2, 1565, 335, 68, 163, 1, 1, 1
198, 2, 1565, 334, 68, 163, 1, 1, 1
199, 2, 1566, 334, 67, 164, 1, 1, 1
200, 2, 1564, 334, 68, 164, 1, 1, 1
201, 2, 1565, 333, 68, 163, 1, 1, 1
202, 2, 1565, 333, 67, 163, 1, 1, 1
203, 2, 1566, 334, 67, 162, 1, 1, 1
204, 2, 1564, 333, 69, 163, 1, 1, 1
205, 2, 1565, 334, 68, 162, 1, 1, 1
206, 2, 1564, 333, 69, 163, 1, 1, 1
207, 2, 1566, 333, 66, 162, 1, 1, 1
208, 2, 1566, 333, 67, 163, 1, 1, 1
209, 2, 1565, 333, 69, 162, 1, 1, 1
210, 2, 1565, 333, 67, 162, 1, 1, 1
211, 2, 1565, 332, 68, 164, 1, 1, 1
212, 2, 1565, 333, 69, 162, 1, 1, 1
213, 2, 1565, 332, 68, 163, 1, 1, 1
214, 2, 1566, 333, 66, 163, 1, 1, 1
215, 2, 1564, 333, 67, 163, 1, 1, 1
216, 2, 1567, 333, 67, 164, 1, 1, 1
217, 2, 1564, 332, 68, 164, 1, 1, 1
218, 2, 1566, 334, 67, 162, 1, 1, 1
219, 2, 1564, 331, 68, 164, 1, 1, 1
220, 2, 1566, 335, 68, 163, 1, 1, 1
221, 2, 1563, 331, 68, 164, 1, 1, 1
222, 2, 1566, 334, 67, 162, 1, 1, 1
223, 2, 1564, 332, 66, 163, 1, 1, 1
224, 2, 1569, 334, 65, 163, 1, 1, 1
225, 2, 1564, 332, 68, 163, 1, 1, 1
226, 2, 1566, 334, 67, 163, 1, 1, 1
227, 2, 1565, 332, 66, 164, 1, 1, 1
228, 2, 1565, 334, 68, 162, 1, 1, 1
229, 2, 1567, 334, 67, 164, 1, 1, 1
230, 2, 1565, 333, 67, 161, 1, 1, 1
231, 2, 1571, 335, 66, 166, 1, 1, 1
232, 2, 1564, 331, 67, 161, 1, 1, 1
233, 2, 1572, 339, 67, 160, 1, 1, 1
234, 2, 1559, 328, 70, 160, 1, 1, 1
235, 2, 1574, 341, 66, 160, 1, 1, 1
236, 2, 1558, 326, 68, 163, 1, 1, 1
237, 2, 1574, 339, 67, 161, 1, 1, 1
238, 2, 1560, 328, 67, 163, 1, 1, 1
239, 2, 1573, 337, 68, 163, 1, 1, 1
240, 2, 1562, 330, 66, 163, 1, 1, 1
241, 2, 1570, 336, 66, 164, 1, 1, 1
242, 2, 1564, 329, 67, 164, 1, 1, 1
243, 2, 1566, 336, 67, 163, 1, 1, 1
244, 2, 1568, 329, 65, 167, 1, 1, 1
245, 2, 1562, 336, 69, 162, 1, 1, 1
246, 2, 1570, 332, 66, 167, 1, 1, 1
247, 2, 1563, 331, 68, 161, 1, 1, 1
248, 2, 1569, 336, 66, 166, 1, 1, 1
249, 2, 1564, 325, 68, 164, 1, 1, 1
250, 2, 1565, 337, 68, 163, 1, 1, 1
251, 2, 1565, 330, 68, 166, 1, 1, 1
252, 2, 1565, 333, 67, 162, 1, 1, 1
253, 2, 1566, 338, 68, 164, 1, 1, 1
254, 2, 1565, 323, 68, 164, 1, 1, 1
255, 2, 1564, 338, 68, 162, 1, 1, 1
256, 2, 1566, 333, 68, 165, 1, 1, 1
257, 2, 1563, 329, 69, 160, 1, 1, 1
258, 2, 1565, 342, 69, 163, 1, 1, 1
259, 2, 1565, 321, 67, 163, 1, 1, 1
260, 2, 1564, 340, 67, 161, 1, 1, 1
261, 2, 1566, 333, 67, 165, 1, 1, 1
262, 2, 1564, 329, 68, 158, 1, 1, 1
263, 2, 1564, 342, 68, 160, 1, 1, 1
264, 2, 1564, 323, 69, 163, 1, 1, 1
265, 2, 1564, 339, 68, 161, 1, 1, 1
266, 2, 1565, 333, 66, 165, 1, 1, 1
267, 2, 1564, 331, 68, 160, 1, 1, 1
268, 2, 1564, 342, 67, 161, 1, 1, 1
269, 2, 1564, 324, 69, 167, 1, 1, 1
270, 2, 1562, 339, 69, 162, 1, 1, 1
271, 2, 1566, 334, 67, 167, 1, 1, 1
272, 2, 1564, 331, 66, 159, 1, 1, 1
273, 2, 1565, 342, 68, 162, 1, 1, 1
274, 2, 1564, 324, 67, 163, 1, 1, 1
275, 2, 1564, 339, 69, 163, 1, 1, 1
276, 2, 1564, 332, 68, 165, 1, 1, 1
277, 2, 1566, 331, 67, 161, 1, 1, 1
278, 2, 1562, 337, 69, 165, 1, 1, 1
279, 2, 1566, 327, 67, 163, 1, 1, 1
280, 2, 1564, 338, 66, 163, 1, 1, 1
281, 2, 1565, 333, 68, 167, 1, 1, 1
282, 2, 1564, 328, 67, 161, 1, 1, 1
283, 2, 1566, 341, 67, 163, 1, 1, 1
284, 2, 1565, 324, 68, 166, 1, 1, 1
285, 2, 1565, 337, 68, 164, 1, 1, 1
286, 2, 1564, 333, 69, 165, 1, 1, 1
287, 2, 1565, 329, 67, 162, 1, 1, 1
288, 2, 1562, 338, 70, 165, 1, 1, 1
289, 2, 1567, 327, 66, 165, 1, 1, 1
290, 2, 1564, 336, 65, 163, 1, 1, 1
291, 2, 1566, 335, 67, 166, 1, 1, 1
292, 2, 1564, 329, 67, 161, 1, 1, 1
293, 2, 1564, 339, 69, 164, 1, 1, 1
294, 2, 1565, 327, 68, 166, 1, 1, 1
295, 2, 1562, 337, 68, 163, 1, 1, 1
296, 2, 1564, 335, 69, 166, 1, 1, 1
297, 2, 1563, 328, 68, 160, 1, 1, 1
298, 2, 1564, 339, 68, 163, 1, 1, 1
299, 2, 1565, 327, 66, 165, 1, 1, 1
300, 2, 1564, 337, 66, 163, 1, 1, 1
301, 2, 1566, 333, 66, 167, 1, 1, 1
302, 2, 1568, 330, 63, 163, 1, 1, 1
303, 2, 1565, 339, 66, 163, 1, 1, 1
304, 2, 1565, 327, 67, 162, 1, 1, 1
305, 2, 1566, 337, 64, 163, 1, 1, 1
306, 2, 1566, 332, 66, 165, 1, 1, 1
307, 2, 1566, 330, 65, 164, 1, 1, 1
308, 2, 1566, 337, 65, 164, 1, 1, 1
309, 2, 1567, 327, 66, 163, 1, 1, 1
310, 2, 1566, 337, 65, 163, 1, 1, 1
311, 2, 1569, 333, 63, 166, 1, 1, 1
312, 2, 1566, 331, 65, 162, 1, 1, 1
313, 2, 1567, 338, 63, 165, 1, 1, 1
314, 2, 1566, 327, 66, 163, 1, 1, 1
315, 2, 1568, 337, 63, 162, 1, 1, 1
316, 2, 1568, 333, 64, 165, 1, 1, 1
317, 2, 1566, 331, 66, 161, 1, 1, 1
318, 2, 1567, 340, 65, 164, 1, 1, 1
319, 2, 1566, 326, 66, 164, 1, 1, 1
320, 2, 1567, 337, 63, 164, 1, 1, 1
321, 2, 1565, 332, 67, 165, 1, 1, 1
322, 2, 1567, 331, 65, 163, 1, 1, 1
323, 2, 1564, 337, 68, 164, 1, 1, 1
324, 2, 1568, 330, 64, 164, 1, 1, 1
325, 2, 1564, 337, 65, 164, 1, 1, 1
326, 2, 1567, 335, 65, 165, 1, 1, 1
327, 2, 1565, 330, 67, 163, 1, 1, 1
328, 2, 1566, 340, 66, 162, 1, 1, 1
329, 2, 1565, 327, 66, 166, 1, 1, 1
330, 2, 1566, 337, 65, 164, 1, 1, 1
331, 2, 1566, 334, 65, 165, 1, 1, 1
332, 2, 1566, 332, 66, 163, 1, 1, 1
333, 2, 1563, 338, 68, 166, 1, 1, 1
334, 2, 1566, 329, 66, 165, 1, 1, 1
335, 2, 1565, 336, 65, 163, 1, 1, 1
336, 2, 1565, 335, 68, 164, 1, 1, 1
337, 2, 1565, 331, 66, 164, 1, 1, 1
338, 2, 1564, 339, 68, 165, 1, 1, 1
339, 2, 1567, 329, 65, 166, 1, 1, 1
340, 2, 1564, 337, 68, 162, 1, 1, 1
341, 2, 1566, 335, 66, 167, 1, 1, 1
342, 2, 1565, 331, 67, 162, 1, 1, 1
343, 2, 1567, 341, 65, 163, 1, 1, 1
344, 2, 1566, 328, 66, 166, 1, 1, 1
345, 2, 1565, 338, 67, 162, 1, 1, 1
346, 2, 1566, 334, 66, 166, 1, 1, 1
347, 2, 1567, 331, 66, 162, 1, 1, 1
348, 2, 1564, 338, 68, 165, 1, 1, 1
349, 2, 1567, 331, 65, 164, 1, 1, 1
350, 2, 1566, 335, 65, 163, 1, 1, 1
351, 2, 1566, 335, 68, 163, 1, 1, 1
352, 2, 1564, 329, 69, 161, 1, 1, 1
353, 2, 1564, 339, 68, 163, 1, 1, 1
354, 2, 1566, 330, 68, 163, 1, 1, 1
355, 2, 1567, 336, 65, 161, 1, 1, 1
356, 2, 1567, 335, 67, 165, 1, 1, 1
357, 2, 1564, 329, 68, 159, 1, 1, 1
358, 2, 1565, 339, 68, 163, 1, 1, 1
359, 2, 1566, 330, 67, 162, 1, 1, 1
360, 2, 1566, 335, 64, 161, 1, 1, 1
361, 2, 1566, 335, 66, 165, 1, 1, 1
362, 2, 1565, 329, 68, 161, 1, 1, 1
363, 2, 1565, 338, 68, 162, 1, 1, 1
364, 2, 1567, 331, 66, 164, 1, 1, 1
365, 2, 1567, 335, 65, 161, 1, 1, 1
366, 2, 1566, 336, 67, 164, 1, 1, 1
367, 2, 1565, 330, 68, 161, 1, 1, 1
368, 2, 1566, 338, 67, 162, 1, 1, 1
369, 2, 1566, 330, 66, 163, 1, 1, 1
370, 2, 1567, 336, 65, 161, 1, 1, 1
371, 2, 1565, 335, 67, 163, 1, 1, 1
372, 2, 1567, 331, 66, 163, 1, 1, 1
373, 2, 1565, 337, 67, 163, 1, 1, 1
374, 2, 1567, 331, 65, 163, 1, 1, 1
375, 2, 1568, 336, 65, 163, 1, 1, 1
376, 2, 1566, 333, 65, 163, 1, 1, 1
377, 2, 1568, 335, 66, 162, 1, 1, 1
378, 2, 1566, 335, 65, 162, 1, 1, 1
379, 2, 1568, 335, 66, 163, 1, 1, 1
380, 2, 1567, 333, 65, 162, 1, 1, 1
381, 2, 1569, 335, 64, 163, 1, 1, 1
382, 2, 1567, 334, 64, 163, 1, 1, 1
383, 2, 1567, 334, 66, 161, 1, 1, 1
384, 2, 1567, 335, 65, 159, 1, 1, 1
385, 2, 1568, 334, 65, 162, 1, 1, 1
386, 2, 1567, 333, 64, 163, 1, 1, 1
387, 2, 1566, 336, 67, 163, 1, 1, 1
388, 2, 1566, 332, 65, 163, 1, 1, 1
389, 2, 1565, 337, 67, 162, 1, 1, 1
390, 2, 1567, 334, 65, 163, 1, 1, 1
391, 2, 1566, 334, 65, 162, 1, 1, 1
392, 2, 1565, 337, 66, 162, 1, 1, 1
393, 2, 1565, 332, 67, 161, 1, 1, 1
394, 2, 1567, 337, 65, 162, 1, 1, 1
395, 2, 1566, 332, 65, 162, 1, 1, 1
396, 2, 1565, 336, 67, 162, 1, 1, 1
397, 2, 1565, 336, 67, 164, 1, 1, 1
398, 2, 1566, 333, 66, 160, 1, 1, 1
399, 2, 1566, 338, 66, 161, 1, 1, 1
400, 2, 1566, 332, 65, 163, 1, 1, 1
401, 2, 1566, 336, 65, 163, 1, 1, 1
402, 2, 1566, 334, 65, 165, 1, 1, 1
403, 2, 1567, 333, 66, 163, 1, 1, 1
404, 2, 1566, 336, 65, 164, 1, 1, 1
405, 2, 1568, 332, 64, 165, 1, 1, 1
406, 2, 1566, 336, 64, 160, 1, 1, 1
407, 2, 1568, 335, 64, 164, 1, 1, 1
408, 2, 1566, 332, 66, 162, 1, 1, 1
409, 2, 1566, 336, 67, 164, 1, 1, 1
410, 2, 1566, 330, 66, 164, 1, 1, 1
411, 2, 1566, 336, 67, 162, 1, 1, 1
412, 2, 1566, 334, 66, 164, 1, 1, 1
413, 2, 1567, 333, 65, 163, 1, 1, 1
414, 2, 1566, 336, 66, 163, 1, 1, 1
415, 2, 1567, 332, 65, 163, 1, 1, 1
416, 2, 1569, 335, 62, 162, 1, 1, 1
417, 2, 1568, 334, 64, 163, 1, 1, 1
418, 2, 1566, 333, 63, 162, 1, 1, 1
419, 2, 1568, 335, 65, 164, 1, 1, 1
420, 2, 1567, 331, 64, 164, 1, 1, 1
421, 2, 1567, 335, 65, 163, 1, 1, 1
422, 2, 1567, 332, 63, 164, 1, 1, 1
423, 2, 1568, 334, 64, 162, 1, 1, 1
424, 2, 1567, 333, 65, 163, 1, 1, 1
425, 2, 1567, 332, 64, 163, 1, 1, 1
426, 2, 1566, 335, 66, 160, 1, 1, 1
427, 2, 1568, 332, 64, 164, 1, 1, 1
428, 2, 1568, 333, 64, 164, 1, 1, 1
429, 2, 1567, 333, 65, 164, 1, 1, 1
430, 2, 1566, 331, 66, 163, 1, 1, 1
431, 2, 1565, 335, 66, 164, 1, 1, 1
432, 2, 1567, 331, 65, 164, 1, 1, 1
433, 2, 1567, 334, 65, 163, 1, 1, 1
434, 2, 1567, 333, 65, 164, 1, 1, 1
435, 2, 1567, 331, 65, 163, 1, 1, 1
436, 2, 1567, 335, 63, 162, 1, 1, 1
437, 2, 1566, 330, 65, 164, 1, 1, 1
438, 2, 1567, 333, 64, 164, 1, 1, 1
439, 2, 1568, 331, 64, 164, 1, 1, 1
440, 2, 1567, 332, 64, 163, 1, 1, 1
441, 2, 1569, 334, 63, 164, 1, 1, 1
442, 2, 1568, 330, 65, 165, 1, 1, 1
443, 2, 1570, 334, 63, 163, 1, 1, 1
444, 2, 1569, 332, 63, 164, 1, 1, 1
445, 2, 1567, 332, 66, 163, 1, 1, 1
446, 2, 1568, 334, 64, 164, 1, 1, 1
447, 2, 1567, 330, 65, 165, 1, 1, 1
448, 2, 1568, 334, 65, 162, 1, 1, 1
449, 2, 1568, 333, 65, 164, 1, 1, 1
450, 2, 1566, 331, 66, 163, 1, 1, 1
451, 2, 1567, 334, 65, 164, 1, 1, 1
452, 2, 1567, 330, 64, 162, 1, 1, 1
453, 2, 1567, 334, 65, 161, 1, 1, 1
454, 2, 1565, 332, 66, 164, 1, 1, 1
455, 2, 1565, 333, 67, 162, 1, 1, 1
456, 2, 1566, 333, 66, 164, 1, 1, 1
457, 2, 1565, 332, 66, 163, 1, 1, 1
458, 2, 1565, 333, 67, 163, 1, 1, 1
459, 2, 1566, 333, 65, 163, 1, 1, 1
460, 2, 1567, 332, 64, 163, 1, 1, 1
461, 2, 1568, 334, 64, 162, 1, 1, 1
462, 2, 1567, 333, 65, 164, 1, 1, 1
463, 2, 1566, 334, 65, 163, 1, 1, 1
464, 2, 1567, 334, 65, 164, 1, 1, 1
465, 2, 1567, 333, 64, 164, 1, 1, 1
466, 2, 1566, 334, 66, 164, 1, 1, 1
467, 2, 1566, 333, 65, 164, 1, 1, 1
468, 2, 1566, 334, 66, 164, 1, 1, 1
469, 2, 1566, 333, 66, 163, 1, 1, 1
470, 2, 1566, 334, 64, 163, 1, 1, 1
471, 2, 1567, 334, 64, 163, 1, 1, 1
472, 2, 1568, 333, 63, 163, 1, 1, 1
473, 2, 1566, 334, 65, 164, 1, 1, 1
474, 2, 1565, 333, 66, 163, 1, 1, 1
475, 2, 1566, 334, 66, 163, 1, 1, 1
476, 2, 1566, 334, 66, 162, 1, 1, 1
477, 2, 1568, 334, 64, 162, 1, 1, 1
478, 2, 1568, 335, 64, 163, 1, 1, 1
479, 2, 1568, 333, 63, 163, 1, 1, 1
480, 2, 1567, 334, 64, 161, 1, 1, 1
481, 2, 1568, 334, 64, 163, 1, 1, 1
482, 2, 1567, 334, 64, 162, 1, 1, 1
483, 2, 1566, 335, 65, 163, 1, 1, 1
484, 2, 1566, 333, 65, 162, 1, 1, 1
485, 2, 1566, 335, 66, 163, 1, 1, 1
486, 2, 1568, 335, 64, 162, 1, 1, 1
487, 2, 1567, 333, 65, 162, 1, 1, 1
488, 2, 1567, 335, 65, 161, 1, 1, 1
489, 2, 1566, 333, 66, 163, 1, 1, 1
490, 2, 1566, 335, 65, 163, 1, 1, 1
491, 2, 1566, 335, 64, 163, 1, 1, 1
492, 2, 1565, 334, 66, 162, 1, 1, 1
493, 2, 1566, 335, 65, 162, 1, 1, 1
494, 2, 1568, 332, 63, 164, 1, 1, 1
495, 2, 1566, 333, 65, 163, 1, 1, 1
496, 2, 1567, 332, 64, 164, 1, 1, 1
497, 2, 1568, 332, 63, 162, 1, 1, 1
498, 2, 1568, 334, 64, 162, 1, 1, 1
499, 2, 1566, 332, 67, 162, 1, 1, 1
500, 2, 1567, 333, 64, 163, 1, 1, 1
501, 2, 1568, 332, 66, 164, 1, 1, 1
502, 2, 1572, 332, 63, 164, 1, 1, 1
503, 2, 1568, 335, 66, 162, 1, 1, 1
504, 2, 1568, 329, 64, 164, 1, 1, 1
505, 2, 1569, 333, 66, 164, 1, 1, 1
506, 2, 1571, 333, 63, 163, 1, 1, 1
507, 2, 1571, 329, 65, 165, 1, 1, 1
508, 2, 1568, 333, 65, 163, 1, 1, 1
509, 2, 1567, 331, 66, 162, 1, 1, 1
510, 2, 1570, 331, 66, 162, 1, 1, 1
511, 2, 1567, 333, 66, 162, 1, 1, 1
512, 2, 1571, 330, 64, 164, 1, 1, 1
513, 2, 1567, 331, 66, 163, 1, 1, 1
514, 2, 1571, 334, 65, 162, 1, 1, 1
515, 2, 1567, 330, 66, 162, 1, 1, 1
516, 2, 1568, 332, 67, 163, 1, 1, 1
517, 2, 1570, 330, 63, 164, 1, 1, 1
518, 2, 1570, 331, 67, 164, 1, 1, 1
519, 2, 1569, 332, 66, 162, 1, 1, 1
520, 2, 1570, 331, 65, 164, 1, 1, 1
521, 2, 1569, 331, 63, 163, 1, 1, 1
522, 2, 1571, 333, 65, 163, 1, 1, 1
523, 2, 1569, 329, 64, 162, 1, 1, 1
524, 2, 1570, 334, 64, 162, 1, 1, 1
525, 2, 1571, 330, 63, 164, 1, 1, 1
526, 2, 1572, 331, 62, 163, 1, 1, 1
527, 2, 1572, 332, 63, 163, 1, 1, 1
528, 2, 1573, 330, 63, 163, 1, 1, 1
529, 2, 1571, 332, 66, 163, 1, 1, 1
530, 2, 1572, 330, 65, 165, 1, 1, 1
531, 2, 1574, 329, 63, 166, 1, 1, 1
532, 2, 1572, 331, 63, 163, 1, 1, 1
533, 2, 1572, 331, 67, 163, 1, 1, 1
534, 2, 1572, 330, 66, 164, 1, 1, 1
535, 2, 1571, 334, 68, 159, 1, 1, 1
536, 2, 1572, 330, 64, 164, 1, 1, 1
537, 2, 1572, 332, 67, 163, 1, 1, 1
538, 2, 1571, 330, 66, 164, 1, 1, 1
539, 2, 1573, 332, 66, 162, 1, 1, 1
540, 2, 1571, 331, 65, 164, 1, 1, 1
541, 2, 1573, 332, 66, 162, 1, 1, 1
542, 2, 1572, 331, 66, 163, 1, 1, 1
543, 2, 1572, 333, 66, 162, 1, 1, 1
544, 2, 1571, 331, 65, 164, 1, 1, 1
545, 2, 1570, 331, 67, 163, 1, 1, 1
546, 2, 1571, 331, 65, 163, 1, 1, 1
547, 2, 1572, 331, 64, 163, 1, 1, 1
548, 2, 1573, 332, 63, 163, 1, 1, 1
549, 2, 1569, 331, 67, 163, 1, 1, 1
550, 2, 1568, 331, 68, 164, 1, 1, 1
551, 2, 1566, 332, 67, 164, 1, 1, 1
552, 2, 1565, 332, 69, 164, 1, 1, 1
553, 2, 1566, 332, 67, 164, 1, 1, 1
554, 2, 1565, 333, 68, 163, 1, 1, 1
555, 2, 1565, 332, 68, 164, 1, 1, 1
556, 2, 1564, 333, 69, 162, 1, 1, 1
557, 2, 1565, 332, 68, 164, 1, 1, 1
558, 2, 1564, 333, 69, 163, 1, 1, 1
559, 2, 1565, 333, 68, 163, 1, 1, 1
560, 2, 1566, 333, 65, 163, 1, 1, 1
561, 2, 1567, 333, 65, 164, 1, 1, 1
562, 2, 1566, 333, 65, 162, 1, 1, 1
563, 2, 1565, 334, 69, 164, 1, 1, 1
564, 2, 1564, 333, 67, 162, 1, 1, 1
565, 2, 1565, 335, 69, 164, 1, 1, 1
566, 2, 1565, 332, 67, 164, 1, 1, 1
567, 2, 1565, 334, 67, 163, 1, 1, 1
568, 2, 1565, 334, 67, 163, 1, 1, 1
569, 2, 1567, 334, 66, 161, 1, 1, 1
570, 2, 1565, 334, 68, 163, 1, 1, 1
571, 2, 1566, 334, 67, 163, 1, 1, 1
572, 2, 1565, 333, 67, 164, 1, 1, 1
573, 2, 1567, 335, 65, 162, 1, 1, 1
574, 2, 1567, 333, 65, 163, 1, 1, 1
575, 2, 1565, 335, 67, 162, 1, 1, 1
576, 2, 1565, 334, 67, 163, 1, 1, 1
577, 2, 1565, 334, 68, 162, 1, 1, 1
578, 2, 1565, 334, 67, 163, 1, 1, 1
579, 2, 1566, 333, 66, 163, 1, 1, 1
580, 2, 1564, 334, 67, 163, 1, 1, 1
581, 2, 1565, 334, 67, 162, 1, 1, 1
582, 2, 1563, 333, 69, 164, 1, 1, 1
583, 2, 1566, 333, 66, 164, 1, 1, 1
584, 2, 1565, 334, 67, 162, 1, 1, 1
585, 2, 1566, 333, 66, 164, 1, 1, 1
586, 2, 1565, 334, 66, 163, 1, 1, 1
587, 2, 1565, 334, 67, 164, 1, 1, 1
588, 2, 1565, 334, 67, 163, 1, 1, 1
589, 2, 1568, 334, 64, 164, 1, 1, 1
590, 2, 1568, 334, 63, 162, 1, 1, 1
591, 2, 1567, 333, 65, 164, 1, 1, 1
592, 2, 1569, 334, 63, 162, 1, 1, 1
593, 2, 1568, 335, 64, 162, 1, 1, 1
594, 2, 1568, 333, 64, 164, 1, 1, 1
595, 2, 1567, 335, 65, 162, 1, 1, 1
596, 2, 1570, 334, 60, 162, 1, 1, 1
597, 2, 1569, 334, 64, 163, 1, 1, 1
598, 2, 1569, 335, 63, 162, 1, 1, 1
599, 2, 1569, 334, 63, 163, 1, 1, 1
600, 2, 1567, 334, 65, 163, 1, 1, 1
601, 2, 1568, 336, 64, 163, 1, 1, 1
602, 2, 1567, 335, 64, 161, 1, 1, 1
603, 2, 1568, 336, 63, 161, 1, 1, 1
604, 2, 1569, 336, 62, 162, 1, 1, 1
605, 2, 1566, 334, 65, 162, 1, 1, 1
606, 2, 1566, 334, 66, 162, 1, 1, 1
607, 2, 1566, 334, 66, 163, 1, 1, 1
608, 2, 1567, 334, 64, 163, 1, 1, 1
609, 2, 1566, 334, 64, 162, 1, 1, 1
610, 2, 1566, 333, 66, 163, 1, 1, 1
611, 2, 1567, 333, 64, 163, 1, 1, 1
612, 2, 1566, 334, 66, 163, 1, 1, 1
613, 2, 1565, 333, 65, 162, 1, 1, 1
614, 2, 1566, 334, 64, 163, 1, 1, 1
615, 2, 1567, 333, 65, 162, 1, 1, 1
616, 2, 1566, 333, 65, 163, 1, 1, 1
617, 2, 1565, 333, 66, 162, 1, 1, 1
618, 2, 1565, 333, 67, 163, 1, 1, 1
619, 2, 1566, 334, 65, 161, 1, 1, 1
620, 2, 1566, 332, 65, 162, 1, 1, 1
621, 2, 1565, 333, 66, 163, 1, 1, 1
622, 2, 1565, 333, 66, 163, 1, 1, 1
623, 2, 1566, 332, 64, 162, 1, 1, 1
624, 2, 1567, 333, 63, 163, 1, 1, 1
625, 2, 1566, 332, 66, 163, 1, 1, 1
626, 2, 1566, 332, 66, 163, 1, 1, 1
627, 2, 1566, 333, 64, 163, 1, 1, 1
628, 2, 1568, 333, 64, 163, 1, 1, 1
629, 2, 1565, 333, 67, 163, 1, 1, 1
630, 2, 1567, 333, 65, 162, 1, 1, 1
631, 2, 1566, 332, 66, 162, 1, 1, 1
632, 2, 1566, 333, 65, 162, 1, 1, 1
633, 2, 1566, 333, 66, 162, 1, 1, 1
634, 2, 1566, 332, 66, 163, 1, 1, 1
635, 2, 1566, 332, 66, 164, 1, 1, 1
636, 2, 1566, 333, 66, 163, 1, 1, 1
637, 2, 1566, 333, 67, 162, 1, 1, 1
638, 2, 1566, 334, 66, 162, 1, 1, 1
639, 2, 1567, 333, 65, 163, 1, 1, 1
640, 2, 1566, 333, 66, 162, 1, 1, 1
641, 2, 1567, 333, 66, 163, 1, 1, 1
642, 2, 1567, 334, 66, 162, 1, 1, 1
643, 2, 1566, 334, 67, 161, 1, 1, 1
644, 2, 1566, 334, 67, 162, 1, 1, 1
645, 2, 1568, 333, 65, 162, 1, 1, 1
646, 2, 1570, 333, 62, 162, 1, 1, 1
647, 2, 1569, 334, 63, 162, 1, 1, 1
648, 2, 1567, 334, 64, 163, 1, 1, 1
649, 2, 1566, 334, 67, 161, 1, 1, 1
650, 2, 1567, 333, 65, 162, 1, 1, 1
651, 2, 1567, 334, 65, 162, 1, 1, 1
652, 2, 1567, 335, 65, 162, 1, 1, 1
653, 2, 1566, 334, 66, 163, 1, 1, 1
654, 2, 1569, 334, 65, 163, 1, 1, 1
655, 2, 1568, 333, 65, 164, 1, 1, 1
656, 2, 1568, 334, 65, 164, 1, 1, 1
657, 2, 1569, 333, 64, 163, 1, 1, 1
658, 2, 1569, 333, 64, 164, 1, 1, 1
659, 2, 1569, 334, 65, 163, 1, 1, 1
660, 2, 1569, 334, 65, 162, 1, 1, 1
661, 2, 1569, 334, 64, 164, 1, 1, 1
662, 2, 1568, 334, 65, 163, 1, 1, 1
663, 2, 1569, 333, 65, 163, 1, 1, 1
664, 2, 1570, 334, 64, 163, 1, 1, 1
665, 2, 1569, 334, 65, 164, 1, 1, 1
666, 2, 1567, 334, 67, 163, 1, 1, 1
667, 2, 1569, 334, 65, 163, 1, 1, 1
668, 2, 1569, 333, 64, 163, 1, 1, 1
669, 2, 1567, 335, 67, 163, 1, 1, 1
670, 2, 1566, 334, 68, 163, 1, 1, 1
671, 2, 1567, 333, 67, 163, 1, 1, 1
672, 2, 1567, 333, 67, 163, 1, 1, 1
673, 2, 1567, 333, 68, 163, 1, 1, 1
674, 2, 1567, 333, 67, 164, 1, 1, 1
675, 2, 1568, 334, 66, 163, 1, 1, 1
676, 2, 1570, 333, 64, 164, 1, 1, 1
677, 2, 1569, 333, 65, 164, 1, 1, 1
678, 2, 1569, 333, 65, 164, 1, 1, 1
679, 2, 1567, 335, 67, 162, 1, 1, 1
680, 2, 1569, 334, 66, 163, 1, 1, 1
681, 2, 1568, 333, 66, 162, 1, 1, 1
682, 2, 1569, 334, 66, 163, 1, 1, 1
683, 2, 1567, 333, 68, 162, 1, 1, 1
684, 2, 1567, 335, 66, 162, 1, 1, 1
685, 2, 1568, 333, 66, 164, 1, 1, 1
686, 2, 1570, 333, 64, 163, 1, 1, 1
687, 2, 1569, 334, 66, 162, 1, 1, 1
688, 2, 1570, 333, 65, 163, 1, 1, 1
689, 2, 1570, 334, 64, 162, 1, 1, 1
690, 2, 1571, 334, 64, 162, 1, 1, 1
691, 2, 1569, 331, 66, 165, 1, 1, 1
692, 2, 1570, 334, 65, 163, 1, 1, 1
693, 2, 1569, 332, 66, 164, 1, 1, 1
694, 2, 1570, 331, 65, 165, 1, 1, 1
695, 2, 1569, 333, 67, 164, 1, 1, 1
696, 2, 1571, 332, 64, 162, 1, 1, 1
697, 2, 1571, 332, 64, 165, 1, 1, 1
698, 2, 1572, 332, 63, 164, 1, 1, 1
699, 2, 1571, 331, 65, 165, 1, 1, 1
700, 2, 1573, 332, 63, 163, 1, 1, 1
701, 2, 1574, 333, 61, 162, 1, 1, 1
702, 2, 1572, 332, 64, 162, 1, 1, 1
703, 2, 1573, 333, 63, 163, 1, 1, 1
704, 2, 1573, 332, 64, 163, 1, 1, 1
705, 2, 1575, 332, 61, 163, 1, 1, 1
706, 2, 1572, 333, 63, 161, 1, 1, 1
707, 2, 1575, 332, 61, 163, 1, 1, 1
708, 2, 1575, 333, 61, 161, 1, 1, 1
709, 2, 1573, 333, 62, 161, 1, 1, 1
710, 2, 1574, 332, 62, 162, 1, 1, 1
711, 2, 1573, 334, 63, 162, 1, 1, 1
712, 2, 1574, 332, 62, 163, 1, 1, 1
713, 2, 1573, 333, 63, 163, 1, 1, 1
714, 2, 1572, 333, 64, 162, 1, 1, 1
715, 2, 1573, 332, 64, 163, 1, 1, 1
716, 2, 1572, 332, 64, 163, 1, 1, 1
717, 2, 1573, 333, 63, 163, 1, 1, 1
718, 2, 1573, 331, 63, 163, 1, 1, 1
719, 2, 1572, 332, 63, 164, 1, 1, 1
720, 2, 1573, 332, 63, 163, 1, 1, 1
721, 2, 1572, 331, 63, 164, 1, 1, 1
722, 2, 1573, 333, 63, 163, 1, 1, 1
723, 2, 1571, 332, 65, 164, 1, 1, 1
724, 2, 1572, 331, 64, 162, 1, 1, 1
725, 2, 1572, 333, 63, 163, 1, 1, 1
726, 2, 1571, 331, 64, 163, 1, 1, 1
727, 2, 1572, 332, 62, 164, 1, 1, 1
728, 2, 1572, 333, 63, 163, 1, 1, 1
729, 2, 1572, 332, 63, 163, 1, 1, 1
730, 2, 1572, 333, 62, 164, 1, 1, 1
731, 2, 1572, 332, 63, 164, 1, 1, 1
732, 2, 1572, 333, 63, 163, 1, 1, 1
733, 2, 1571, 334, 63, 163, 1, 1, 1
734, 2, 1572, 332, 62, 164, 1, 1, 1
735, 2, 1571, 333, 62, 164, 1, 1, 1
736, 2, 1571, 332, 64, 164, 1, 1, 1
737, 2, 1571, 332, 64, 163, 1, 1, 1
738, 2, 1571, 333, 62, 164, 1, 1, 1
739, 2, 1571, 332, 64, 164, 1, 1, 1
740, 2, 1571, 332, 63, 163, 1, 1, 1
741, 2, 1570, 333, 64, 164, 1, 1, 1
742, 2, 1570, 331, 63, 164, 1, 1, 1
743, 2, 1572, 333, 61, 163, 1, 1, 1
744, 2, 1569, 333, 65, 164, 1, 1, 1
745, 2, 1569, 332, 66, 164, 1, 1, 1
746, 2, 1568, 333, 66, 164, 1, 1, 1
747, 2, 1568, 333, 66, 163, 1, 1, 1
748, 2, 1570, 333, 64, 164, 1, 1, 1
749, 2, 1569, 334, 65, 163, 1, 1, 1
750, 2, 1570, 333, 64, 162, 1, 1, 1